-39 8.38579e-14
-38.32 1.57054e-13
-37.64 2.93955e-13
-36.96 5.49831e-13
-36.28 1.02774e-12
-35.6 1.9197e-12
-34.92 3.58315e-12
-34.24 6.68294e-12
-33.56 1.24545e-11
-32.88 2.31916e-11
-32.2 4.31482e-11
-31.52 8.0206e-11
-30.84 1.48952e-10
-30.16 2.76353e-10
-29.48 5.12201e-10
-28.8 9.48318e-10
-28.12 1.75381e-09
-27.44 3.2397e-09
-26.76 5.97712e-09
-26.08 1.10133e-08
-25.4 2.02654e-08
-24.72 3.72364e-08
-24.04 6.83161e-08
-23.36 1.25136e-07
-22.68 2.28827e-07
-22 4.17686e-07
-21.32 7.60962e-07
-20.64 1.38354e-06
-19.96 2.51002e-06
-19.28 4.54311e-06
-18.6 8.20255e-06
-17.92 1.47701e-05
-17.24 2.65195e-05
-16.56 4.74673e-05
-15.88 8.46756e-05
-15.2 0.000150497
-14.52 0.000266414
-13.84 0.000469548
-13.16 0.000823576
-12.48 0.00143683
-11.8 0.00249186
-11.12 0.00429291
-10.44 0.00734053
-9.76 0.0124454
-9.08 0.0208961
-8.4 0.0346925
-7.72 0.0568454
-7.04 0.0917043
-6.36 0.145192
-5.68 0.224651
-5 0.337703
-4.32 0.415169
-3.64 0.379269
-2.96 0.267966
-2.28 0.142819
-1.6 0.0520341
-0.92 0.00974474
-0.24 0.000228134
0.44 3.3902e-05
1.12 0.00177244
1.8 0.0235334
2.48 0.0970812
3.16 0.241134
3.84 0.436148
4.52 0.618478
5.2 0.713056
5.88 0.88785
6.56 1.33087
7.24 2.27974
7.92 3.3363
8.6 4.02049
9.28 4.01477
9.96 3.22745
10.64 1.89971
11.32 0.587736
12 4.06773e-06
12.68 0.730449
13.36 2.98218
14.04 6.39792
14.72 10.0891
15.4 12.888
16.08 13.7599
16.76 12.2348
17.44 9.43223
18.12 8.4687
18.8 9.37843
19.48 11.5779
20.16 12.1344
20.84 10.6044
21.52 7.40857
22.2 3.6434
22.88 0.763554
23.56 0.0914516
24.24 2.31544
24.92 7.16205
25.6 13.3836
26.28 19.1008
26.96 22.4132
27.64 22.083
28.32 18.0495
29 11.5714
29.68 6.25206
30.36 3.40411
31.04 1.85801
31.72 0.765028
32.4 0.0830981
33.08 0.121435
33.76 0.963334
34.44 2.41755
35.12 4.06282
35.8 5.37735
36.48 5.91412
37.16 5.46366
37.84 4.1457
38.52 2.39219
39.2 0.819455
39.88 0.0264162
40.56 0.384466
41.24 1.94258
41.92 5.3011
42.6 10.8139
43.28 16.138
43.96 19.5481
44.64 19.8503
45.32 16.8503
46 11.4832
46.68 5.55988
47.36 1.19443
48.04 0.092074
48.72 2.93663
49.4 9.09519
50.08 16.7608
50.76 23.5083
51.44 27.0948
52.12 26.354
52.8 27.7739
53.48 32.7101
54.16 32.7779
54.84 27.4366
55.52 18.3816
56.2 8.6669
56.88 1.72705
57.56 0.219188
58.24 5.07532
58.92 15.0998
59.6 27.2768
60.28 37.7151
60.96 42.9377
61.64 41.0886
62.32 32.641
63 20.3406
63.68 10.6677
64.36 5.61709
65.04 2.95704
65.72 1.55635
66.4 0.818964
67.08 0.430855
67.76 0.226625
68.44 0.119179
69.12 0.0626616
69.8 0.0329398
70.48 0.0173125
71.16 0.00909736
71.84 0.00477961
72.52 0.00251068
73.2 0.00131861
73.88 0.000692409
74.56 0.000363528
75.24 0.000190827
75.92 0.000100155
76.6 5.25572e-05
77.28 2.75756e-05
77.96 1.44661e-05
78.64 7.58771e-06
79.32 3.97929e-06
80 2.08659e-06
80.68 1.09397e-06
81.36 5.73471e-07
82.04 3.00578e-07
82.72 1.57523e-07
83.4 8.25412e-08
84.08 4.32455e-08
84.76 2.26544e-08
85.44 1.18662e-08
86.12 6.21459e-09
86.8 3.25432e-09
87.48 1.70394e-09
88.16 8.92065e-10
88.84 4.66968e-10
89.52 2.44414e-10
90.2 1.27913e-10
90.88 6.69354e-11
91.56 3.50225e-11
92.24 1.83227e-11
92.92 9.58488e-12
93.6 5.01345e-12
94.28 2.62205e-12
94.96 1.37119e-12
95.64 7.1699e-13
96.32 3.74872e-13
