-39 4.62337e-30
-38.32 1.67976e-29
-37.64 6.09907e-29
-36.96 2.21307e-28
-36.28 8.02478e-28
-35.6 2.90781e-27
-34.92 1.05289e-26
-34.24 3.8095e-26
-33.56 1.37725e-25
-32.88 4.97506e-25
-32.2 1.79562e-24
-31.52 6.47502e-24
-30.84 2.33273e-23
-30.16 8.39588e-23
-29.48 3.01874e-22
-28.8 1.08423e-21
-28.12 3.88988e-21
-27.44 1.39393e-20
-26.76 4.98898e-20
-26.08 1.78329e-19
-25.4 6.36563e-19
-24.72 2.26902e-18
-24.04 8.07564e-18
-23.36 2.8696e-17
-22.68 1.01796e-16
-22 3.60459e-16
-21.32 1.27395e-15
-20.64 4.49328e-15
-19.96 1.58137e-14
-19.28 5.55255e-14
-18.6 1.94479e-13
-17.92 6.79343e-13
-17.24 2.36622e-12
-16.56 8.21615e-12
-15.88 2.84325e-11
-15.2 9.80323e-11
-14.52 3.36653e-10
-13.84 1.15104e-09
-13.16 3.91648e-09
-12.48 1.3255e-08
-11.8 4.45946e-08
-11.12 1.49037e-07
-10.44 4.94371e-07
-9.76 1.626e-06
-9.08 5.29613e-06
-8.4 1.70574e-05
-7.72 5.42195e-05
-7.04 0.000169681
-6.36 0.000521159
-5.68 0.0015643
-5 0.00456174
-4.32 0.00923597
-3.64 0.0108565
-2.96 0.00819552
-2.28 0.00392376
-1.6 0.00105764
-0.92 0.000112193
-0.24 9.03565e-07
0.44 5.93671e-09
1.12 2.50441e-06
1.8 0.000170932
2.48 0.00153238
3.16 0.00582293
3.84 0.0129005
4.52 0.0187228
5.2 0.0188036
5.88 0.0227995
6.56 0.0411591
7.24 0.0991499
7.92 0.177452
8.6 0.218555
9.28 0.187166
9.96 0.105003
10.64 0.0318779
11.32 0.0026957
12 1.14906e-13
12.68 0.0033185
13.36 0.0498259
14.04 0.207656
14.72 0.469772
15.4 0.700375
16.08 0.732253
16.76 0.532896
17.44 0.292507
18.12 0.218432
18.8 0.248854
19.48 0.353248
20.16 0.362289
20.84 0.258925
21.52 0.118518
22.2 0.0269344
22.88 0.0011137
23.56 1.50672e-05
24.24 0.00912431
24.92 0.0825998
25.6 0.273317
26.28 0.528265
26.96 0.691143
27.64 0.63832
28.32 0.406203
29 0.159212
29.68 0.044373
30.36 0.012572
31.04 0.00358306
31.72 0.000581685
32.4 6.57798e-06
33.08 1.34759e-05
33.76 0.000814233
34.44 0.00492747
35.12 0.0133827
35.8 0.0225616
36.48 0.0262828
37.16 0.021618
37.84 0.0120031
38.52 0.00385673
39.2 0.000436996
39.88 4.38762e-07
40.56 8.98504e-05
41.24 0.00221882
41.92 0.0159915
42.6 0.0644386
43.28 0.139036
43.96 0.197741
44.64 0.197737
45.32 0.138241
46 0.0623174
46.68 0.0141863
47.36 0.000636057
48.04 3.6734e-06
48.72 0.00363314
49.4 0.0338977
50.08 0.112011
50.76 0.214486
51.44 0.27744
52.12 0.255672
52.8 0.276697
53.48 0.374095
54.16 0.366273
54.84 0.250303
55.52 0.109614
56.2 0.0237823
56.88 0.000921913
57.56 1.45008e-05
58.24 0.00759424
58.92 0.0656779
59.6 0.209456
60.28 0.391456
60.96 0.49612
61.64 0.444343
62.32 0.27433
63 0.104243
63.68 0.0280629
64.36 0.00761713
65.04 0.00206706
65.72 0.000560815
66.4 0.000152123
67.08 4.1255e-05
67.76 1.11859e-05
68.44 3.03233e-06
69.12 8.21857e-07
69.8 2.22706e-07
70.48 6.03373e-08
71.16 1.6344e-08
71.84 4.42642e-09
72.52 1.19858e-09
73.2 3.24495e-10
73.88 8.78359e-11
74.56 2.37718e-11
75.24 6.43252e-12
75.92 1.74032e-12
76.6 4.70768e-13
77.28 1.27326e-13
77.96 3.44317e-14
78.64 9.30968e-15
79.32 2.51678e-15
80 6.80289e-16
80.68 1.83856e-16
81.36 4.96822e-17
82.04 1.34234e-17
82.72 3.62632e-18
83.4 9.79511e-19
84.08 2.64543e-19
84.76 7.14373e-20
85.44 1.92885e-20
86.12 5.20735e-21
86.8 1.40566e-21
87.48 3.79395e-22
88.16 1.02388e-22
88.84 2.76285e-23
89.52 7.4544e-24
90.2 2.01103e-24
90.88 5.42469e-25
91.56 1.46313e-25
92.24 3.94587e-26
92.92 1.06403e-26
93.6 2.86894e-27
94.28 7.73466e-28
94.96 2.08505e-28
95.64 5.62014e-29
96.32 1.51472e-29
