-39 -2.1502e-15
-38.32 -4.09849e-15
-37.64 -7.80965e-15
-36.96 -1.48764e-14
-36.28 -2.8328e-14
-35.6 -5.39241e-14
-34.92 -1.0261e-13
-34.24 -1.95179e-13
-33.56 -3.71113e-13
-32.88 -7.05341e-13
-32.2 -1.34001e-12
-31.52 -2.54461e-12
-30.84 -4.82984e-12
-30.16 -9.1629e-12
-29.48 -1.73745e-11
-28.8 -3.29277e-11
-28.12 -6.23689e-11
-27.44 -1.18065e-10
-26.76 -2.2336e-10
-26.08 -4.2229e-10
-25.4 -7.97849e-10
-24.72 -1.50633e-09
-24.04 -2.84177e-09
-23.36 -5.35686e-09
-22.68 -1.00894e-08
-22 -1.89857e-08
-21.32 -3.56924e-08
-20.64 -6.7032e-08
-19.96 -1.25752e-07
-19.28 -2.35639e-07
-18.6 -4.40997e-07
-17.92 -8.24223e-07
-17.24 -1.53825e-06
-16.56 -2.86638e-06
-15.88 -5.33222e-06
-15.2 -9.90113e-06
-14.52 -1.83481e-05
-13.84 -3.39269e-05
-13.16 -6.25817e-05
-12.48 -0.00011513
-11.8 -0.000211174
-11.12 -0.000386053
-10.44 -0.000703116
-9.76 -0.00127515
-9.08 -0.00230133
-8.4 -0.00413006
-7.72 -0.00736339
-7.04 -0.0130262
-6.36 -0.0228289
-5.68 -0.0395512
-5 -0.0675406
-4.32 -0.0961039
-3.64 -0.104195
-2.96 -0.0905291
-2.28 -0.0626399
-1.6 -0.0325213
-0.92 -0.0105921
-0.24 -0.00095056
0.44 7.70501e-05
1.12 0.00158253
1.8 0.0130741
2.48 0.0391456
3.16 0.0763081
3.84 0.11358
4.52 0.136831
5.2 0.137126
5.88 0.150995
6.56 0.202877
7.24 0.314881
7.92 0.42125
8.6 0.467498
9.28 0.432626
9.96 0.324041
10.64 0.178544
11.32 0.0519202
12 3.38978e-07
12.68 0.0576064
13.36 0.223217
14.04 0.455693
14.72 0.685399
15.4 0.836884
16.08 0.855718
16.76 0.729997
17.44 0.540839
18.12 0.467368
18.8 0.498853
19.48 0.594347
20.16 0.601905
20.84 0.508847
21.52 0.344265
22.2 0.164117
22.88 0.0333721
23.56 0.00388165
24.24 0.0955213
24.92 0.287402
25.6 0.522797
26.28 0.726818
26.96 0.83135
27.64 0.798949
28.32 0.63734
29 0.399013
29.68 0.210649
30.36 0.112125
31.04 0.0598586
31.72 0.0241181
32.4 0.00256476
33.08 0.00367095
33.76 0.0285348
34.44 0.0701959
35.12 0.115684
35.8 0.150205
36.48 0.16212
37.16 0.147031
37.84 0.109559
38.52 0.0621025
39.2 0.0209045
39.88 0.000662391
40.56 0.00947895
41.24 0.0471044
41.92 0.126457
42.6 0.253848
43.28 0.372875
43.96 0.44468
44.64 0.444676
45.32 0.371807
46 0.249635
46.68 0.119106
47.36 0.0252202
48.04 0.00191661
48.72 0.0602756
49.4 0.184113
50.08 0.33468
50.76 0.463126
51.44 0.526726
52.12 0.50564
52.8 0.52602
53.48 0.611633
54.16 0.605205
54.84 0.500303
55.52 0.33108
56.2 0.154215
56.88 0.030363
57.56 0.00380799
58.24 0.0871449
58.92 0.256277
59.6 0.457664
60.28 0.625665
60.96 0.704358
61.64 0.66659
62.32 0.523765
63 0.322867
63.68 0.16752
64.36 0.0872762
65.04 0.0454649
65.72 0.0236815
66.4 0.0123338
67.08 0.006423
67.76 0.00334453
68.44 0.00174136
69.12 0.000906563
69.8 0.000471918
70.48 0.000245637
71.16 0.000127844
71.84 6.65313e-05
72.52 3.46206e-05
73.2 1.80137e-05
73.88 9.37208e-06
74.56 4.87564e-06
75.24 2.53624e-06
75.92 1.31921e-06
76.6 6.86125e-07
77.28 3.56827e-07
77.96 1.85558e-07
78.64 9.64867e-08
79.32 5.01676e-08
80 2.60823e-08
80.68 1.35594e-08
81.36 7.04856e-09
82.04 3.6638e-09
82.72 1.90429e-09
83.4 9.89703e-10
84.08 5.14337e-10
84.76 2.67278e-10
85.44 1.38883e-10
86.12 7.2162e-11
86.8 3.74922e-11
87.48 1.94781e-11
88.16 1.01187e-11
88.84 5.25628e-12
89.52 2.73027e-12
90.2 1.41811e-12
90.88 7.36525e-13
91.56 3.82509e-13
92.24 1.98642e-13
92.92 1.03152e-13
93.6 5.35625e-14
94.28 2.78113e-14
94.96 1.44397e-14
95.64 7.49676e-15
96.32 3.89195e-15
