-39 7.42519e-09
-38.32 1.03419e-08
-37.64 1.44043e-08
-36.96 2.00624e-08
-36.28 2.79431e-08
-35.6 3.89194e-08
-34.92 5.42074e-08
-34.24 7.55005e-08
-33.56 1.05158e-07
-32.88 1.46465e-07
-32.2 2.03998e-07
-31.52 2.8413e-07
-30.84 3.95739e-07
-30.16 5.51189e-07
-29.48 7.67702e-07
-28.8 1.06926e-06
-28.12 1.48928e-06
-27.44 2.07428e-06
-26.76 2.88908e-06
-26.08 4.02394e-06
-25.4 5.60459e-06
-24.72 7.80612e-06
-24.04 1.08724e-05
-23.36 1.51432e-05
-22.68 2.10917e-05
-22 2.93767e-05
-21.32 4.09161e-05
-20.64 5.69883e-05
-19.96 7.93739e-05
-19.28 0.000110553
-18.6 0.000153979
-17.92 0.000214463
-17.24 0.000298707
-16.56 0.000416042
-15.88 0.000579467
-15.2 0.000807087
-14.52 0.00112412
-13.84 0.00156568
-13.16 0.0021807
-12.48 0.0030373
-11.8 0.00423038
-11.12 0.00589212
-10.44 0.0082066
-9.76 0.0114302
-9.08 0.0159201
-8.4 0.0221737
-7.72 0.0308838
-7.04 0.0430152
-6.36 0.059912
-5.68 0.083446
-5 0.116224
-4.32 0.149152
-3.64 0.169189
-2.96 0.174883
-2.28 0.165752
-1.6 0.142569
-0.92 0.107299
-0.24 0.0629338
0.44 0.0132331
1.12 -0.0375896
1.8 -0.0852255
2.48 -0.125637
3.16 -0.155397
3.84 -0.171983
4.52 -0.17399
5.2 -0.16239
5.88 -0.160248
6.56 -0.175859
7.24 -0.208547
7.92 -0.230626
8.6 -0.233153
9.28 -0.215915
9.96 -0.180373
10.64 -0.129539
11.32 -0.0677243
12 -0.000168072
12.68 0.0674025
13.36 0.129259
14.04 0.180158
14.72 0.215783
15.4 0.233116
16.08 0.230687
16.76 0.208701
17.44 0.176101
18.12 0.160602
18.8 0.162895
19.48 0.174673
20.16 0.17279
20.84 0.156259
21.52 0.126481
22.2 0.0859806
22.88 0.0381913
23.56 -0.0128357
24.24 -0.0627746
24.92 -0.107392
25.6 -0.142905
26.28 -0.166303
26.96 -0.175603
27.64 -0.170016
28.32 -0.150017
29 -0.117299
29.68 -0.0842457
30.36 -0.0607715
31.04 -0.043914
31.72 -0.0275744
32.4 -0.00889714
33.08 0.0105343
33.76 0.0290727
34.44 0.0451465
35.12 0.057393
35.8 0.064774
36.48 0.0666638
37.16 0.0629022
37.84 0.0538081
38.52 0.0401524
39.2 0.0230928
39.88 0.00407549
40.56 -0.0152873
41.24 -0.0337965
41.92 -0.0549239
42.6 -0.0771937
43.28 -0.0928193
43.96 -0.100576
44.64 -0.0998067
45.32 -0.0905762
46 -0.0736671
46.68 -0.0505128
47.36 -0.0230764
48.04 0.00631634
48.72 0.0351736
49.4 0.0610491
50.08 0.0817491
50.76 0.0955188
51.44 0.101191
52.12 0.098496
52.8 0.0998124
53.48 0.106942
54.16 0.105709
54.84 0.0955141
55.52 0.0772221
56.2 0.0523836
56.88 0.0231043
57.56 -0.00813368
58.24 -0.0386821
58.92 -0.0659513
59.6 -0.0876295
60.28 -0.101879
60.96 -0.107492
61.64 -0.103992
62.32 -0.0916758
63 -0.0715882
63.68 -0.0512899
64.36 -0.0368247
65.04 -0.0264392
65.72 -0.0189826
66.4 -0.013629
67.08 -0.00978526
67.76 -0.00702556
68.44 -0.00504416
69.12 -0.00362157
69.8 -0.00260019
70.48 -0.00186687
71.16 -0.00134036
71.84 -0.000962343
72.52 -0.000690937
73.2 -0.000496074
73.88 -0.000356168
74.56 -0.000255719
75.24 -0.000183599
75.92 -0.000131819
76.6 -9.46428e-05
77.28 -6.7951e-05
77.96 -4.8787e-05
78.64 -3.50277e-05
79.32 -2.5149e-05
80 -1.80563e-05
80.68 -1.29639e-05
81.36 -9.30775e-06
82.04 -6.68272e-06
82.72 -4.79801e-06
83.4 -3.44484e-06
84.08 -2.4733e-06
84.76 -1.77577e-06
85.44 -1.27495e-06
86.12 -9.15382e-07
86.8 -6.57219e-07
87.48 -4.71866e-07
88.16 -3.38787e-07
88.84 -2.4324e-07
89.52 -1.7464e-07
90.2 -1.25387e-07
90.88 -9.00243e-08
91.56 -6.4635e-08
92.24 -4.64062e-08
92.92 -3.33184e-08
93.6 -2.39217e-08
94.28 -1.71751e-08
94.96 -1.23313e-08
95.64 -8.85354e-09
96.32 -6.3566e-09
