-39 2.51481e-28
-38.32 8.55817e-28
-37.64 2.9106e-27
-36.96 9.89238e-27
-36.28 3.35989e-26
-35.6 1.14036e-25
-34.92 3.86763e-25
-34.24 1.31074e-24
-33.56 4.43861e-24
-32.88 1.50183e-23
-32.2 5.07717e-23
-31.52 1.71489e-22
-30.84 5.7869e-22
-30.16 1.95089e-21
-29.48 6.5702e-21
-28.8 2.21036e-20
-28.12 7.42782e-20
-27.44 2.49317e-19
-26.76 8.35814e-19
-26.08 2.79837e-18
-25.4 9.35646e-18
-24.72 3.12388e-17
-24.04 1.0414e-16
-23.36 3.46617e-16
-22.68 1.15171e-15
-22 3.81994e-15
-21.32 1.26456e-14
-20.64 4.1777e-14
-19.96 1.37718e-13
-19.28 4.52937e-13
-18.6 1.48595e-12
-17.92 4.86191e-12
-17.24 1.5862e-11
-16.56 5.15891e-11
-15.88 1.67221e-10
-15.2 5.40047e-10
-14.52 1.73712e-09
-13.84 5.56318e-09
-13.16 1.77303e-08
-12.48 5.62066e-08
-11.8 1.77123e-07
-11.12 5.54465e-07
-10.44 1.72274e-06
-9.76 5.30727e-06
-9.08 1.61918e-05
-8.4 4.88468e-05
-7.72 0.000145434
-7.04 0.000426314
-6.36 0.00122646
-5.68 0.00344817
-5 0.00941857
-4.32 0.0177933
-3.64 0.019198
-2.96 0.0129075
-2.28 0.00522748
-1.6 0.00107915
-0.92 6.85375e-05
-0.24 1.1275e-07
0.44 6.01828e-08
1.12 5.7778e-05
1.8 0.00102327
2.48 0.00532656
3.16 0.0139867
3.84 0.0221873
4.52 0.0222686
5.2 0.0137198
5.88 0.00848584
6.56 0.00695878
7.24 0.00772496
7.92 0.00663304
8.6 0.00350661
9.28 0.000887238
9.96 3.83601e-05
10.64 7.95211e-07
11.32 0.000413172
12 0.00377645
12.68 0.0125192
13.36 0.0237216
14.04 0.0294775
14.72 0.0246444
15.4 0.01305
16.08 0.00353022
16.76 0.000217371
17.44 8.83782e-08
18.12 0.00071287
18.8 0.0120942
19.48 0.0723179
20.16 0.193227
20.84 0.312462
21.52 0.337468
22.2 0.244118
22.88 0.108077
23.56 0.0217771
24.24 0.000534559
24.92 0.000105767
25.6 0.0153608
26.28 0.109537
26.96 0.31411
27.64 0.531628
28.32 0.59725
29 0.451821
29.68 0.322898
30.36 0.338871
31.04 0.520823
31.72 0.726608
32.4 0.684134
33.08 0.425379
33.76 0.153268
34.44 0.0207956
35.12 7.25071e-05
35.8 0.00193396
36.48 0.0611483
37.16 0.303693
37.84 0.717821
38.52 1.05374
39.2 1.04065
39.88 0.684527
40.56 0.26864
41.24 0.0454461
41.92 0.00238383
42.6 3.07171e-08
43.28 0.00379347
43.96 0.0459458
44.64 0.164275
45.32 0.319443
46 0.402408
46.68 0.343025
47.36 0.189953
48.04 0.0577164
48.72 0.00536412
49.4 2.36317e-07
50.08 0.00290175
50.76 0.0477414
51.44 0.191017
52.12 0.402612
52.8 0.854144
53.48 1.8824
54.16 2.66507
54.84 2.54355
55.52 1.61192
56.2 0.602301
56.88 0.0899766
57.56 0.000621763
58.24 0.00400961
58.92 0.169748
59.6 0.904173
60.28 2.20639
60.96 3.30565
61.64 3.32417
62.32 2.23587
63 0.910481
63.68 0.261696
64.36 0.0758351
65.04 0.0219708
65.72 0.00636395
66.4 0.00184295
67.08 0.000533594
67.76 0.000154461
68.44 4.47031e-05
69.12 1.29352e-05
69.8 3.74216e-06
70.48 1.0824e-06
71.16 3.13023e-07
71.84 9.05074e-08
72.52 2.61646e-08
73.2 7.56252e-09
73.88 2.18547e-09
74.56 6.31465e-10
75.24 1.82424e-10
75.92 5.26919e-11
76.6 1.52172e-11
77.28 4.39399e-12
77.96 1.26857e-12
78.64 3.66188e-13
79.32 1.05689e-13
80 3.04994e-14
80.68 8.80013e-15
81.36 2.53879e-15
82.04 7.32322e-16
82.72 2.11212e-16
83.4 6.09083e-17
84.08 1.75621e-17
84.76 5.06313e-18
85.44 1.45951e-18
86.12 4.20667e-19
86.8 1.21232e-19
87.48 3.49334e-20
88.16 1.0065e-20
88.84 2.89957e-21
89.52 8.35226e-22
90.2 2.4056e-22
90.88 6.92777e-23
91.56 1.99487e-23
92.24 5.74366e-24
92.92 1.65354e-24
93.6 4.75987e-25
94.28 1.37003e-25
94.96 3.94292e-26
95.64 1.13465e-26
96.32 3.26485e-27
