-39 -1.58582e-14
-38.32 -2.92544e-14
-37.64 -5.395e-14
-36.96 -9.94604e-14
-36.28 -1.833e-13
-35.6 -3.37693e-13
-34.92 -6.21903e-13
-34.24 -1.14488e-12
-33.56 -2.1068e-12
-32.88 -3.87534e-12
-32.2 -7.12543e-12
-31.52 -1.30954e-11
-30.84 -2.4056e-11
-30.16 -4.41689e-11
-29.48 -8.10568e-11
-28.8 -1.48673e-10
-28.12 -2.7254e-10
-27.44 -4.99317e-10
-26.76 -9.14228e-10
-26.08 -1.67283e-09
-25.4 -3.05883e-09
-24.72 -5.58917e-09
-24.04 -1.02049e-08
-23.36 -1.86176e-08
-22.68 -3.39369e-08
-22 -6.18056e-08
-21.32 -1.12453e-07
-20.64 -2.04394e-07
-19.96 -3.71104e-07
-19.28 -6.73006e-07
-18.6 -1.21899e-06
-17.92 -2.20497e-06
-17.24 -3.98272e-06
-16.56 -7.18256e-06
-15.88 -1.29314e-05
-15.2 -2.32389e-05
-14.52 -4.16788e-05
-13.84 -7.45867e-05
-13.16 -0.000133155
-12.48 -0.000237079
-11.8 -0.00042086
-11.12 -0.000744624
-10.44 -0.00131253
-9.76 -0.00230375
-9.08 -0.00402391
-8.4 -0.00698905
-7.72 -0.0120596
-7.04 -0.0206474
-6.36 -0.0350208
-5.68 -0.0587211
-5 -0.0970493
-4.32 -0.133392
-3.64 -0.138557
-2.96 -0.113611
-2.28 -0.0723013
-1.6 -0.0328504
-0.92 -0.00827874
-0.24 -0.000335783
0.44 0.000245322
1.12 0.00760119
1.8 0.0319886
2.48 0.0729833
3.16 0.118265
3.84 0.148954
4.52 0.149227
5.2 0.117132
5.88 0.0921186
6.56 0.0834193
7.24 0.0878917
7.92 0.0814435
8.6 0.0592167
9.28 0.0297865
9.96 0.00619355
10.64 0.000891746
11.32 0.0203266
12 0.0614528
12.68 0.111889
13.36 0.154018
14.04 0.17169
14.72 0.156985
15.4 0.114236
16.08 0.0594157
16.76 0.0147435
17.44 0.000297285
18.12 0.0266996
18.8 0.109974
19.48 0.26892
20.16 0.439576
20.84 0.558983
21.52 0.58092
22.2 0.494083
22.88 0.328751
23.56 0.147571
24.24 0.0231205
24.92 0.0102843
25.6 0.123939
26.28 0.330964
26.96 0.560455
27.64 0.729128
28.32 0.77282
29 0.672177
29.68 0.568241
30.36 0.582126
31.04 0.721681
31.72 0.852413
32.4 0.827124
33.08 0.652211
33.76 0.391494
34.44 0.144207
35.12 0.00851511
35.8 0.0439768
36.48 0.247282
37.16 0.551083
37.84 0.847243
38.52 1.02652
39.2 1.02012
39.88 0.827362
40.56 0.518305
41.24 0.213181
41.92 0.0488245
42.6 0.000175263
43.28 0.0615911
43.96 0.21435
44.64 0.405309
45.32 0.565193
46 0.634356
46.68 0.585683
47.36 0.435836
48.04 0.240242
48.72 0.0732401
49.4 0.000486124
50.08 0.0538679
50.76 0.218498
51.44 0.437055
52.12 0.634517
52.8 0.924199
53.48 1.37201
54.16 1.6325
54.84 1.59485
55.52 1.26961
56.2 0.776081
56.88 0.299961
57.56 0.0249352
58.24 0.0633215
58.92 0.412005
59.6 0.95088
60.28 1.48539
60.96 1.81814
61.64 1.82323
62.32 1.49528
63 0.954191
63.68 0.511563
64.36 0.275382
65.04 0.148226
65.72 0.0797744
66.4 0.0429296
67.08 0.0230997
67.76 0.0124282
68.44 0.00668604
69.12 0.00359655
69.8 0.00193447
70.48 0.00104039
71.16 0.000559485
71.84 0.000300844
72.52 0.000161755
73.2 8.69628e-05
73.88 4.6749e-05
74.56 2.5129e-05
75.24 1.35064e-05
75.92 7.25892e-06
76.6 3.90093e-06
77.28 2.09618e-06
77.96 1.12631e-06
78.64 6.05135e-07
79.32 3.25098e-07
80 1.74641e-07
80.68 9.3809e-08
81.36 5.03864e-08
82.04 2.70614e-08
82.72 1.45331e-08
83.4 7.80437e-09
84.08 4.19071e-09
84.76 2.25014e-09
85.44 1.2081e-09
86.12 6.48589e-10
86.8 3.48184e-10
87.48 1.86905e-10
88.16 1.00324e-10
88.84 5.38477e-11
89.52 2.89003e-11
90.2 1.551e-11
90.88 8.32333e-12
91.56 4.4664e-12
92.24 2.39659e-12
92.92 1.2859e-12
93.6 6.89918e-13
94.28 3.70139e-13
94.96 1.98568e-13
95.64 1.0652e-13
96.32 5.71389e-14
