-39 2.01648e-08
-38.32 2.76301e-08
-37.64 3.78591e-08
-36.96 5.18751e-08
-36.28 7.108e-08
-35.6 9.73948e-08
-34.92 1.33452e-07
-34.24 1.82857e-07
-33.56 2.50554e-07
-32.88 3.43312e-07
-32.2 4.70411e-07
-31.52 6.44564e-07
-30.84 8.8319e-07
-30.16 1.21016e-06
-29.48 1.65818e-06
-28.8 2.27206e-06
-28.12 3.1132e-06
-27.44 4.26576e-06
-26.76 5.845e-06
-26.08 8.0089e-06
-25.4 1.09739e-05
-24.72 1.50366e-05
-24.04 2.06033e-05
-23.36 2.8231e-05
-22.68 3.86825e-05
-22 5.30033e-05
-21.32 7.26258e-05
-20.64 9.95129e-05
-19.96 0.000136354
-19.28 0.000186834
-18.6 0.000256003
-17.92 0.000350778
-17.24 0.000480641
-16.56 0.000658581
-15.88 0.000902397
-15.2 0.00123648
-14.52 0.00169424
-13.84 0.00232147
-13.16 0.00318091
-12.48 0.00435852
-11.8 0.00597211
-11.12 0.00818307
-10.44 0.0112126
-9.76 0.0153636
-9.08 0.0210514
-8.4 0.0288449
-7.72 0.0395237
-7.04 0.0541559
-6.36 0.0742052
-5.68 0.101677
-5 0.139319
-4.32 0.175721
-3.64 0.195103
-2.96 0.195914
-2.28 0.178076
-1.6 0.143288
-0.92 0.0948611
-0.24 0.0374045
0.44 -0.0236125
1.12 -0.0823819
1.8 -0.13331
2.48 -0.171548
3.16 -0.193457
3.84 -0.196952
4.52 -0.1817
5.2 -0.150084
5.88 -0.125166
6.56 -0.112767
7.24 -0.11018
7.92 -0.101406
8.6 -0.0829799
9.28 -0.0566547
9.96 -0.0249368
10.64 0.00915482
11.32 0.042375
12 0.0715616
12.68 0.0939365
13.36 0.10737
14.04 0.110583
14.72 0.10327
15.4 0.0861275
16.08 0.0607865
16.76 0.0296595
17.44 -0.0041287
18.12 -0.0383861
18.8 -0.0764831
19.48 -0.117494
20.16 -0.147663
20.84 -0.163776
21.52 -0.1643
22.2 -0.149184
22.88 -0.119869
23.56 -0.0791429
24.24 -0.0308839
24.92 0.0203148
25.6 0.0695799
26.28 0.112222
26.96 0.144182
27.64 0.162418
28.32 0.165193
29 0.152245
29.68 0.138368
30.36 0.138471
31.04 0.15248
31.72 0.16393
32.4 0.159776
33.08 0.140414
33.76 0.107687
34.44 0.0647085
35.12 0.015571
35.8 -0.0350486
36.48 -0.082332
37.16 -0.121779
37.84 -0.149633
38.52 -0.163245
39.2 -0.161318
39.88 -0.144036
40.56 -0.113043
41.24 -0.0718977
41.92 -0.0341278
42.6 0.00202834
43.28 0.0377238
43.96 0.0698285
44.64 0.0952864
45.32 0.111674
46 0.117432
46.68 0.112012
47.36 0.0959303
48.04 0.0707169
48.72 0.0387722
49.4 0.00313697
50.08 -0.0327969
50.76 -0.0656089
51.44 -0.0921759
52.12 -0.110337
52.8 -0.132302
53.48 -0.16017
54.16 -0.173615
54.84 -0.170534
55.52 -0.151221
56.2 -0.117513
56.88 -0.0726194
57.56 -0.0208135
58.24 0.0329735
58.92 0.0836219
59.6 0.126311
60.28 0.156976
60.96 0.1727
61.64 0.171985
62.32 0.154899
63 0.123069
63.68 0.0896289
64.36 0.0654123
65.04 0.0477388
65.72 0.0348404
66.4 0.025427
67.08 0.0185569
67.76 0.0135431
68.44 0.00988393
69.12 0.00721342
69.8 0.00526445
70.48 0.00384206
71.16 0.00280399
71.84 0.00204639
72.52 0.00149348
73.2 0.00108996
73.88 0.000795468
74.56 0.000580543
75.24 0.000423688
75.92 0.000309213
76.6 0.000225668
77.28 0.000164695
77.96 0.000120197
78.64 8.77212e-05
79.32 6.40201e-05
80 4.67227e-05
80.68 3.40988e-05
81.36 2.48858e-05
82.04 1.8162e-05
82.72 1.32548e-05
83.4 9.67355e-06
84.08 7.05989e-06
84.76 5.1524e-06
85.44 3.76029e-06
86.12 2.74431e-06
86.8 2.00283e-06
87.48 1.46169e-06
88.16 1.06676e-06
88.84 7.78537e-07
89.52 5.68187e-07
90.2 4.1467e-07
90.88 3.02632e-07
91.56 2.20865e-07
92.24 1.6119e-07
92.92 1.17638e-07
93.6 8.58541e-08
94.28 6.26574e-08
94.96 4.57282e-08
95.64 3.3373e-08
96.32 2.43561e-08
