-39 6.18468e-13
-38.32 1.12103e-12
-37.64 2.03068e-12
-36.96 3.67606e-12
-36.28 6.65012e-12
-35.6 1.20219e-11
-34.92 2.17169e-11
-34.24 3.92006e-11
-33.56 7.07043e-11
-32.88 1.27421e-10
-32.2 2.29439e-10
-31.52 4.12766e-10
-30.84 7.41886e-10
-30.16 1.33213e-09
-29.48 2.38955e-09
-28.8 4.28177e-09
-28.12 7.66383e-09
-27.44 1.37012e-08
-26.76 2.44648e-08
-26.08 4.36275e-08
-25.4 7.76943e-08
-24.72 1.38164e-07
-24.04 2.45326e-07
-23.36 4.34908e-07
-22.68 7.69688e-07
-22 1.35972e-06
-21.32 2.39749e-06
-20.64 4.21869e-06
-19.96 7.40724e-06
-19.28 1.29756e-05
-18.6 2.26733e-05
-17.92 3.95131e-05
-17.24 6.8662e-05
-16.56 0.000118943
-15.88 0.000205351
-15.2 0.000353231
-14.52 0.000605177
-13.84 0.00103228
-13.16 0.00175232
-12.48 0.00295875
-11.8 0.00496615
-11.12 0.00828022
-10.44 0.0137028
-9.76 0.0224846
-9.08 0.0365371
-8.4 0.058708
-7.72 0.0931001
-7.04 0.145358
-6.36 0.222732
-5.68 0.333536
-5 0.485246
-4.32 0.576252
-3.64 0.504347
-2.96 0.336289
-2.28 0.164847
-1.6 0.0525606
-0.92 0.00761644
-0.24 8.0588e-05
0.44 0.000107942
1.12 0.00851333
1.8 0.0575795
2.48 0.180998
3.16 0.373719
3.84 0.571984
4.52 0.674505
5.2 0.609085
5.88 0.541658
6.56 0.547231
7.24 0.636336
7.92 0.645033
8.6 0.509263
9.28 0.276419
9.96 0.0616878
10.64 0.00948818
11.32 0.230098
12 0.737434
12.68 1.41876
13.36 2.05768
14.04 2.41053
14.72 2.31082
15.4 1.75924
16.08 0.955404
16.76 0.247101
17.44 0.00518465
18.12 0.483797
18.8 2.0675
19.48 5.23856
20.16 8.86184
20.84 11.6492
21.52 12.5014
22.2 10.9686
22.88 7.52182
23.56 3.47676
24.24 0.560441
24.92 0.256285
25.6 3.17283
26.28 8.69773
26.96 15.1099
27.64 20.1531
28.32 21.8863
29 19.4931
29.68 16.8654
30.36 17.6734
31.04 22.401
31.72 27.0385
32.4 26.7988
33.08 21.5751
33.76 13.2168
34.44 4.96648
35.12 0.299051
35.8 1.57437
36.48 9.02084
37.16 20.4783
37.84 32.0597
38.52 39.5415
39.2 39.9888
39.88 32.9952
40.56 21.0225
41.24 8.79158
41.92 2.04672
42.6 0.0074662
43.28 2.66566
43.96 9.42281
44.64 18.093
45.32 25.6145
46 29.1804
46.68 27.3397
47.36 20.6412
48.04 11.5412
48.72 3.56826
49.4 0.0240145
50.08 2.6977
50.76 11.091
51.44 22.4821
52.12 33.071
52.8 48.7977
53.48 73.3748
54.16 88.4164
54.84 87.4617
55.52 70.4889
56.2 43.6157
56.88 17.0618
57.56 1.43527
58.24 3.68784
58.92 24.2753
59.6 56.6724
60.28 89.5394
60.96 110.834
61.64 112.384
62.32 93.186
63 60.1141
63.68 32.5763
64.36 17.7236
65.04 9.64059
65.72 5.24277
66.4 2.85053
67.08 1.54952
67.76 0.842137
68.44 0.457593
69.12 0.248594
69.8 0.135026
70.48 0.0733265
71.16 0.0398129
71.84 0.0216127
72.52 0.0117304
73.2 0.00636567
73.88 0.00345382
74.56 0.00187362
75.24 0.00101622
75.92 0.000551097
76.6 0.000298811
77.28 0.000161993
77.96 8.7807e-05
78.64 4.75878e-05
79.32 2.57868e-05
80 1.39713e-05
80.68 7.56851e-06
81.36 4.09943e-06
82.04 2.22012e-06
82.72 1.20218e-06
83.4 6.50885e-07
84.08 3.52355e-07
84.76 1.90722e-07
85.44 1.0322e-07
86.12 5.58565e-08
86.8 3.02223e-08
87.48 1.63504e-08
88.16 8.8446e-09
88.84 4.78383e-09
89.52 2.58715e-09
90.2 1.399e-09
90.88 7.56424e-10
91.56 4.08944e-10
92.24 2.21062e-10
92.92 1.19486e-10
93.6 6.45764e-11
94.28 3.48967e-11
94.96 1.8856e-11
95.64 1.01876e-11
96.32 5.50362e-12
