-39 -9.92395e-14
-38.32 -1.76862e-13
-37.64 -3.15101e-13
-36.96 -5.61207e-13
-36.28 -9.99191e-13
-35.6 -1.77837e-12
-34.92 -3.164e-12
-34.24 -5.62712e-12
-33.56 -1.00038e-11
-32.88 -1.77773e-11
-32.2 -3.15776e-11
-31.52 -5.60661e-11
-30.84 -9.94991e-11
-30.16 -1.76493e-10
-29.48 -3.12905e-10
-28.8 -5.54458e-10
-28.12 -9.81932e-10
-27.44 -1.73796e-09
-26.76 -3.07421e-09
-26.08 -5.43432e-09
-25.4 -9.59979e-09
-24.72 -1.6946e-08
-24.04 -2.98912e-08
-23.36 -5.26832e-08
-22.68 -9.27753e-08
-22 -1.63231e-07
-21.32 -2.86918e-07
-20.64 -5.03814e-07
-19.96 -8.83714e-07
-19.28 -1.54828e-06
-18.6 -2.70922e-06
-17.92 -4.73435e-06
-17.24 -8.26133e-06
-16.56 -1.43934e-05
-15.88 -2.50348e-05
-15.2 -4.34638e-05
-14.52 -7.5308e-05
-13.84 -0.000130197
-13.16 -0.000224549
-12.48 -0.000386243
-11.8 -0.000662397
-11.12 -0.00113222
-10.44 -0.00192805
-9.76 -0.00326932
-9.08 -0.00551675
-8.4 -0.00925694
-7.72 -0.0154311
-7.04 -0.0255236
-6.36 -0.0418231
-5.68 -0.0677482
-5 -0.108171
-4.32 -0.143354
-3.64 -0.1423
-2.96 -0.109574
-2.28 -0.063411
-1.6 -0.024415
-0.92 -0.00416031
-0.24 -3.58357e-06
0.44 0.0015801
1.12 0.0154339
1.8 0.047507
2.48 0.0898821
3.16 0.124125
3.84 0.131543
4.52 0.105028
5.2 0.0564614
5.88 0.0204476
6.56 0.00236923
7.24 0.00272082
7.92 0.0242767
8.6 0.0628654
9.28 0.105463
9.96 0.135077
10.64 0.138306
11.32 0.112139
12 0.066675
12.68 0.0220283
13.36 0.000260973
14.04 0.0155758
14.72 0.0671039
15.4 0.137817
16.08 0.200608
16.76 0.229411
17.44 0.228085
18.12 0.262805
18.8 0.35417
19.48 0.491682
20.16 0.54627
20.84 0.487653
21.52 0.337212
22.2 0.157281
22.88 0.0268809
23.56 0.00871885
24.24 0.121231
24.92 0.328052
25.6 0.550465
26.28 0.698726
26.96 0.709827
27.64 0.57581
28.32 0.349991
29 0.127341
29.68 0.0103466
30.36 0.0220148
31.04 0.175659
31.72 0.456073
32.4 0.747883
33.08 0.932661
33.76 0.932126
34.44 0.742926
35.12 0.441135
35.8 0.15333
36.48 0.00516939
37.16 0.0683678
37.84 0.328417
38.52 0.687481
39.2 1.00254
39.88 1.14393
40.56 1.05039
41.24 0.772753
41.92 0.591131
42.6 0.444764
43.28 0.243541
43.96 0.0700885
44.64 1.76761e-05
45.32 0.0680068
46 0.251993
46.68 0.480688
47.36 0.661959
48.04 0.720798
48.72 0.631222
49.4 0.428556
50.08 0.196395
50.76 0.0329892
51.44 0.0105602
52.12 0.146435
52.8 0.463227
53.48 1.00412
54.16 1.49916
54.84 1.74062
55.52 1.62595
56.2 1.19857
56.88 0.633379
57.56 0.167039
58.24 0.000701885
58.92 0.215282
59.6 0.734859
60.28 1.35466
60.96 1.82345
61.64 1.94716
62.32 1.67106
63 1.10568
63.68 0.613752
64.36 0.341991
65.04 0.190541
65.72 0.106149
66.4 0.0591284
67.08 0.0329329
67.76 0.0183409
68.44 0.0102133
69.12 0.00568683
69.8 0.00316615
70.48 0.00176259
71.16 0.00098114
71.84 0.000546099
72.52 0.000303929
73.2 0.000169136
73.88 9.41153e-05
74.56 5.23659e-05
75.24 2.91341e-05
75.92 1.62076e-05
76.6 9.01572e-06
77.28 5.01474e-06
77.96 2.78909e-06
78.64 1.55112e-06
79.32 8.62567e-07
80 4.79634e-07
80.68 2.66683e-07
81.36 1.48269e-07
82.04 8.24279e-08
82.72 4.58214e-08
83.4 2.54703e-08
84.08 1.4157e-08
84.76 7.86824e-09
85.44 4.37278e-09
86.12 2.43002e-09
86.8 1.35032e-09
87.48 7.50298e-10
88.16 4.16876e-10
88.84 2.31608e-10
89.52 1.28669e-10
90.2 7.14776e-11
90.88 3.97047e-11
91.56 2.20541e-11
92.24 1.22493e-11
92.92 6.80317e-12
93.6 3.77822e-12
94.28 2.09817e-12
94.96 1.16512e-12
95.64 6.46964e-13
96.32 3.59225e-13
