-39 5.0444e-08
-38.32 6.79368e-08
-37.64 9.14956e-08
-36.96 1.23224e-07
-36.28 1.65955e-07
-35.6 2.23504e-07
-34.92 3.0101e-07
-34.24 4.05393e-07
-33.56 5.45973e-07
-32.88 7.35304e-07
-32.2 9.90289e-07
-31.52 1.3337e-06
-30.84 1.79619e-06
-30.16 2.41906e-06
-29.48 3.25794e-06
-28.8 4.38771e-06
-28.12 5.90926e-06
-27.44 7.95845e-06
-26.76 1.07182e-05
-26.08 1.44351e-05
-25.4 1.94408e-05
-24.72 2.61824e-05
-24.04 3.52618e-05
-23.36 4.74897e-05
-22.68 6.3958e-05
-22 8.6137e-05
-21.32 0.000116007
-20.64 0.000156236
-19.96 0.000210414
-19.28 0.000283381
-18.6 0.000381651
-17.92 0.000513998
-17.24 0.00069224
-16.56 0.000932291
-15.88 0.00125559
-15.2 0.00169099
-14.52 0.00227739
-13.84 0.00306713
-13.16 0.00413074
-12.48 0.00556318
-11.8 0.00749235
-11.12 0.0100905
-10.44 0.0135897
-9.76 0.0183022
-9.08 0.024649
-8.4 0.0331966
-7.72 0.0447084
-7.04 0.0602122
-6.36 0.0810923
-5.68 0.109213
-5 0.147086
-4.32 0.182164
-3.64 0.19772
-2.96 0.192402
-2.28 0.166769
-1.6 0.123529
-0.92 0.0672464
-0.24 0.00386414
0.44 -0.0599261
1.12 -0.117389
1.8 -0.162459
2.48 -0.190375
3.16 -0.198192
3.84 -0.185084
4.52 -0.152435
5.2 -0.104202
5.88 -0.0589702
6.56 -0.0190043
7.24 0.0193857
7.92 0.0553646
8.6 0.0854981
9.28 0.106605
9.96 0.116456
10.64 0.114012
11.32 0.0995302
12 0.0745403
12.68 0.0416803
13.36 0.00441972
14.04 -0.0333075
14.72 -0.0675181
15.4 -0.0946001
16.08 -0.111694
16.76 -0.116996
17.44 -0.11436
18.12 -0.120431
18.8 -0.137255
19.48 -0.158872
20.16 -0.164611
20.84 -0.15297
21.52 -0.125179
22.2 -0.0841708
22.88 -0.0342763
23.56 0.0192372
24.24 0.0707196
24.92 0.114735
25.6 0.146637
26.28 0.163057
26.96 0.162262
27.64 0.144335
28.32 0.111168
29 0.0662652
29.68 0.018671
30.36 -0.0269281
31.04 -0.0752272
31.72 -0.119909
32.4 -0.15193
33.08 -0.167911
33.76 -0.166164
34.44 -0.146873
35.12 -0.112075
35.8 -0.0654443
36.48 -0.011904
37.16 0.0428931
37.84 0.0931616
38.52 0.133594
39.2 0.159922
39.88 0.169365
40.56 0.160926
41.24 0.136887
41.92 0.118749
42.6 0.102179
43.28 0.0750141
43.96 0.0399296
44.64 0.000629261
45.32 -0.0387375
46 -0.0740143
46.68 -0.101477
47.36 -0.118225
48.04 -0.122491
48.72 -0.113825
49.4 -0.0931408
50.08 -0.0626229
50.76 -0.0254933
51.44 0.014328
52.12 0.0530054
52.8 0.0936656
53.48 0.137024
54.16 0.166374
54.84 0.178157
55.52 0.171131
56.2 0.146037
56.88 0.105524
57.56 0.0538701
58.24 -0.00347154
58.92 -0.0604467
59.6 -0.11104
60.28 -0.149909
60.96 -0.172952
61.64 -0.177733
62.32 -0.16375
63 -0.132478
63.68 -0.0981736
64.36 -0.0728953
65.04 -0.0541258
65.72 -0.0401892
66.4 -0.029841
67.08 -0.0221574
67.76 -0.0164522
68.44 -0.012216
69.12 -0.00907054
69.8 -0.00673501
70.48 -0.00500084
71.16 -0.00371319
71.84 -0.0027571
72.52 -0.00204719
73.2 -0.00152006
73.88 -0.00112867
74.56 -0.000838053
75.24 -0.000622266
75.92 -0.000462042
76.6 -0.000343072
77.28 -0.000254736
77.96 -0.000189145
78.64 -0.000140443
79.32 -0.000104281
80 -7.74301e-05
80.68 -5.7493e-05
81.36 -4.26893e-05
82.04 -3.16974e-05
82.72 -2.35358e-05
83.4 -1.74757e-05
84.08 -1.29759e-05
84.76 -9.63482e-06
85.44 -7.15399e-06
86.12 -5.31194e-06
86.8 -3.94419e-06
87.48 -2.92862e-06
88.16 -2.17454e-06
88.84 -1.61463e-06
89.52 -1.19888e-06
90.2 -8.90188e-07
90.88 -6.60977e-07
91.56 -4.90785e-07
92.24 -3.64415e-07
92.92 -2.70583e-07
93.6 -2.00912e-07
94.28 -1.4918e-07
94.96 -1.10768e-07
95.64 -8.2247e-08
96.32 -6.10696e-08
