-39 3.87034e-12
-38.32 6.77737e-12
-37.64 1.18604e-11
-36.96 2.07422e-11
-36.28 3.62507e-11
-35.6 6.33099e-11
-34.92 1.10487e-10
-34.24 1.92673e-10
-33.56 3.35728e-10
-32.88 5.84517e-10
-32.2 1.0168e-09
-31.52 1.7672e-09
-30.84 3.06855e-09
-30.16 5.32302e-09
-29.48 9.22445e-09
-28.8 1.59684e-08
-28.12 2.76119e-08
-27.44 4.76897e-08
-26.76 8.22658e-08
-26.08 1.41727e-07
-25.4 2.43835e-07
-24.72 4.18905e-07
-24.04 7.18584e-07
-23.36 1.23068e-06
-22.68 2.10414e-06
-22 3.59108e-06
-21.32 6.11709e-06
-20.64 1.03987e-05
-19.96 1.76389e-05
-19.28 2.98508e-05
-18.6 5.03916e-05
-17.92 8.48396e-05
-17.24 0.000142425
-16.56 0.000238355
-15.88 0.000397553
-15.2 0.00066065
-14.52 0.00109347
-13.84 0.00180193
-13.16 0.00295506
-12.48 0.00482031
-11.8 0.00781628
-11.12 0.0125903
-10.44 0.0201288
-9.76 0.0319085
-9.08 0.0500921
-8.4 0.0777583
-7.72 0.119128
-7.04 0.179686
-6.36 0.265995
-5.68 0.38481
-5 0.540854
-4.32 0.619288
-3.64 0.517972
-2.96 0.32434
-2.28 0.144577
-1.6 0.0390639
-0.92 0.00382748
-0.24 8.60057e-07
0.44 0.000695244
1.12 0.0172859
1.8 0.0855126
2.48 0.222908
3.16 0.392236
3.84 0.505127
4.52 0.474727
5.2 0.293599
5.88 0.120232
6.56 0.0155422
7.24 0.0196988
7.92 0.192271
8.6 0.540642
9.28 0.978698
9.96 1.34537
10.64 1.47158
11.32 1.26941
12 0.8001
12.68 0.279319
13.36 0.0034866
14.04 0.218684
14.72 0.98777
15.4 2.12239
16.08 3.22577
16.76 3.84492
17.44 3.9778
18.12 4.76202
18.8 6.65839
19.48 9.57796
20.16 11.0128
20.84 10.1627
21.52 7.2568
22.2 3.49164
22.88 0.615034
23.56 0.205416
24.24 2.93863
24.92 8.17506
25.6 14.0919
26.28 18.3625
26.96 19.1369
27.64 15.9154
28.32 9.91174
29 3.69289
29.68 0.307087
30.36 0.668368
31.04 5.45247
31.72 14.4666
32.4 24.2314
33.08 30.8524
33.76 31.4686
34.44 25.5864
35.12 15.4927
35.8 5.48921
36.48 0.188579
37.16 2.54055
37.84 12.4273
38.52 26.4818
39.2 39.2994
39.88 45.62
40.56 42.6038
41.24 31.8683
41.92 24.7802
42.6 18.9469
43.28 10.5405
43.96 3.08109
44.64 0.000789059
45.32 3.08207
46 11.5917
46.68 22.4385
47.36 31.3504
48.04 34.6272
48.72 30.7531
49.4 21.1706
50.08 9.83547
50.76 1.67453
51.44 0.543215
52.12 7.63219
52.8 24.4584
53.48 53.7003
54.16 81.1944
54.84 95.4558
55.52 90.2729
56.2 67.3595
56.88 36.0266
57.56 9.61475
58.24 0.0408778
58.92 12.6844
59.6 43.7976
60.28 81.6591
60.96 111.158
61.64 120.023
62.32 104.14
63 69.6577
63.68 39.0837
64.36 22.0106
65.04 12.3928
65.72 6.97611
66.4 3.92612
67.08 2.20914
67.76 1.24278
68.44 0.698999
69.12 0.393073
69.8 0.220997
70.48 0.124227
71.16 0.0698179
71.84 0.0392317
72.52 0.0220409
73.2 0.0123807
73.88 0.00695324
74.56 0.0039044
75.24 0.00219205
75.92 0.00123048
76.6 0.000690604
77.28 0.000387539
77.96 0.000217438
78.64 0.00012198
79.32 6.84188e-05
80 3.83707e-05
80.68 2.1516e-05
81.36 1.20632e-05
82.04 6.76238e-06
82.72 3.79035e-06
83.4 2.12422e-06
84.08 1.19032e-06
84.76 6.66912e-07
85.44 3.7361e-07
86.12 2.09273e-07
86.8 1.17207e-07
87.48 6.56361e-08
88.16 3.67518e-08
88.84 2.0576e-08
89.52 1.15185e-08
90.2 6.44728e-09
90.88 3.60836e-09
91.56 2.01927e-09
92.24 1.12988e-09
92.92 6.3215e-10
93.6 3.53642e-10
94.28 1.97816e-10
94.96 1.1064e-10
95.64 6.18756e-11
96.32 3.46005e-11
