-39 9.84847e-27
-38.32 3.12803e-26
-37.64 9.92888e-26
-36.96 3.14953e-25
-36.28 9.98383e-25
-35.6 3.1626e-24
-34.92 1.00109e-23
-34.24 3.16645e-23
-33.56 1.00076e-22
-32.88 3.16032e-22
-32.2 9.97147e-22
-31.52 3.14341e-21
-30.84 9.90006e-21
-30.16 3.11496e-20
-29.48 9.79097e-20
-28.8 3.07423e-19
-28.12 9.64191e-19
-27.44 3.02052e-18
-26.76 9.45075e-18
-26.08 2.95318e-17
-25.4 9.21559e-17
-24.72 2.87166e-16
-24.04 8.93483e-16
-23.36 2.77552e-15
-22.68 8.60726e-15
-22 2.66444e-14
-21.32 8.23218e-14
-20.64 2.53829e-13
-19.96 7.8095e-13
-19.28 2.39716e-12
-18.6 7.33989e-12
-17.92 2.24141e-11
-17.24 6.82496e-11
-16.56 2.0717e-10
-15.88 6.26741e-10
-15.2 1.8891e-09
-14.52 5.67129e-09
-13.84 1.69513e-08
-13.16 5.04223e-08
-12.48 1.49183e-07
-11.8 4.38769e-07
-11.12 1.28192e-06
-10.44 3.71736e-06
-9.76 1.06884e-05
-9.08 3.04346e-05
-8.4 8.56909e-05
-7.72 0.000238118
-7.04 0.000651453
-6.36 0.00174917
-5.68 0.00458982
-5 0.0117009
-4.32 0.0205503
-3.64 0.0202493
-2.96 0.0120065
-2.28 0.00402096
-1.6 0.00059609
-0.92 1.73082e-05
-0.24 1.2842e-11
0.44 2.49671e-06
1.12 0.000238204
1.8 0.00225691
2.48 0.00807879
3.16 0.0154071
3.84 0.0173037
4.52 0.0110309
5.2 0.00318789
5.88 0.000418105
6.56 5.61327e-06
7.24 7.40288e-06
7.92 0.000589358
8.6 0.00395205
9.28 0.0111225
9.96 0.0182459
10.64 0.0191286
11.32 0.0125751
12 0.00444555
12.68 0.000485246
13.36 6.8107e-08
14.04 0.000242606
14.72 0.00450294
15.4 0.0189936
16.08 0.0402434
16.76 0.0526293
17.44 0.0520226
18.12 0.0690663
18.8 0.125436
19.48 0.241751
20.16 0.298411
20.84 0.237805
21.52 0.113712
22.2 0.0247373
22.88 0.000722581
23.56 7.60183e-05
24.24 0.0146969
24.92 0.107618
25.6 0.303012
26.28 0.488218
26.96 0.503855
27.64 0.331557
28.32 0.122494
29 0.0162158
29.68 0.000107052
30.36 0.000484649
31.04 0.0308562
31.72 0.208003
32.4 0.559329
33.08 0.869857
33.76 0.868859
34.44 0.551939
35.12 0.1946
35.8 0.02351
36.48 2.67226e-05
37.16 0.00467415
37.84 0.107857
38.52 0.47263
39.2 1.00508
39.88 1.30858
40.56 1.10332
41.24 0.597147
41.92 0.349435
42.6 0.197815
43.28 0.0593124
43.96 0.00491239
44.64 3.12443e-10
45.32 0.00462493
46 0.0635006
46.68 0.231061
47.36 0.43819
48.04 0.51955
48.72 0.398441
49.4 0.18366
50.08 0.0385711
50.76 0.00108829
51.44 0.000111517
52.12 0.0214432
52.8 0.214579
53.48 1.00825
54.16 2.24747
54.84 3.02977
55.52 2.64372
56.2 1.43656
56.88 0.401169
57.56 0.0279019
58.24 4.92642e-07
58.92 0.0463464
59.6 0.540018
60.28 1.83511
60.96 3.32497
61.64 3.79142
62.32 2.79243
63 1.22252
63.68 0.376691
64.36 0.116958
65.04 0.036306
65.72 0.0112676
66.4 0.00349617
67.08 0.00108458
67.76 0.000336388
68.44 0.000104312
69.12 3.234e-05
69.8 1.00245e-05
70.48 3.10672e-06
71.16 9.62636e-07
71.84 2.98224e-07
72.52 9.23728e-08
73.2 2.86068e-08
73.88 8.85769e-09
74.56 2.74219e-09
75.24 8.48795e-10
75.92 2.62686e-10
76.6 8.12833e-11
77.28 2.51476e-11
77.96 7.77903e-12
78.64 2.40596e-12
79.32 7.44022e-13
80 2.30049e-13
80.68 7.11198e-14
81.36 2.19836e-14
82.04 6.79436e-15
82.72 2.0996e-15
83.4 6.48735e-16
84.08 2.0042e-16
84.76 6.19093e-17
85.44 1.91212e-17
86.12 5.905e-18
86.8 1.82335e-18
87.48 5.62948e-19
88.16 1.73785e-19
88.84 5.36421e-20
89.52 1.65557e-20
90.2 5.10905e-21
90.88 1.57646e-21
91.56 4.86382e-22
92.24 1.50046e-22
92.92 4.62831e-23
93.6 1.4275e-23
94.28 4.40232e-24
94.96 1.35751e-24
95.64 4.18562e-25
96.32 1.29043e-25
