-39 4.16493e-11
-38.32 6.94865e-11
-37.64 1.15856e-10
-36.96 1.93043e-10
-36.28 3.21437e-10
-35.6 5.34851e-10
-34.92 8.89307e-10
-34.24 1.47755e-09
-33.56 2.45295e-09
-32.88 4.06892e-09
-32.2 6.7437e-09
-31.52 1.11668e-08
-30.84 1.84738e-08
-30.16 3.05324e-08
-29.48 5.04109e-08
-28.8 8.3143e-08
-28.12 1.36975e-07
-27.44 2.25398e-07
-26.76 3.70446e-07
-26.08 6.0805e-07
-25.4 9.96694e-07
-24.72 1.63141e-06
-24.04 2.66628e-06
-23.36 4.35064e-06
-22.68 7.08702e-06
-22 1.15238e-05
-21.32 1.87022e-05
-20.64 3.02907e-05
-19.96 4.89533e-05
-19.28 7.89307e-05
-18.6 0.000126949
-17.92 0.000203634
-17.24 0.000325701
-16.56 0.000519321
-15.88 0.000825253
-15.2 0.0013066
-14.52 0.00206044
-13.84 0.00323497
-13.16 0.00505453
-12.48 0.00785541
-11.8 0.012136
-11.12 0.0186248
-10.44 0.0283696
-9.76 0.0428472
-9.08 0.0640864
-8.4 0.0947815
-7.72 0.138347
-7.04 0.198816
-6.36 0.280409
-5.68 0.386496
-5 0.517558
-4.32 0.563498
-3.64 0.442672
-2.96 0.25329
-2.28 0.0975844
-1.6 0.0196768
-0.92 0.000658191
-0.24 7.1456e-05
0.44 0.00171548
1.12 0.0252327
1.8 0.0965517
2.48 0.205649
3.16 0.293018
3.84 0.286278
4.52 0.168329
5.2 0.0267953
5.88 0.0278038
6.56 0.351133
7.24 1.30144
7.92 2.77774
8.6 4.1975
9.28 4.86337
9.96 4.32235
10.64 2.71862
11.32 0.877012
12 5.82771e-05
12.68 1.0688
13.36 4.23232
14.04 8.536
14.72 12.2126
15.4 13.4831
16.08 11.518
16.76 7.05965
17.44 2.54995
18.12 0.294332
18.8 0.306079
19.48 2.95264
20.16 7.57897
20.84 12.3506
21.52 15.1084
22.2 14.4257
22.88 10.4325
23.56 4.94973
24.24 0.780356
24.92 0.416165
25.6 4.74981
26.28 12.4448
26.96 20.3548
27.64 24.8949
28.32 23.7768
29 17.2771
29.68 10.5935
30.36 6.56669
31.04 4.12165
31.72 2.01356
32.4 0.36847
33.08 0.098701
33.76 1.52658
34.44 4.17634
35.12 6.93959
35.8 8.56372
36.48 8.25028
37.16 6.07914
37.84 3.0376
38.52 0.610225
39.2 0.0962902
39.88 1.96705
40.56 5.57828
41.24 9.6271
41.92 15.8771
42.6 23.5898
43.28 26.7048
43.96 23.6231
44.64 15.6262
45.32 6.43915
46 0.594355
46.68 1.30468
47.36 8.84108
48.04 20.2259
48.72 30.4679
49.4 34.8355
50.08 31.1371
50.76 20.9138
51.44 8.91075
52.12 0.975699
52.8 1.23385
53.48 10.5247
54.16 25.435
54.84 39.4152
55.52 46.0332
56.2 42.0375
56.88 29.0667
57.56 13.1121
58.24 1.87937
58.92 1.20572
59.6 12.1942
60.28 30.4653
60.96 47.9813
61.64 56.6962
62.32 52.3756
63 36.78
63.68 21.6972
64.36 12.825
65.04 7.57908
65.72 4.47796
66.4 2.64515
67.08 1.56217
67.76 0.9224
68.44 0.54453
69.12 0.321394
69.8 0.189658
70.48 0.111898
71.16 0.066007
71.84 0.0389296
72.52 0.0229558
73.2 0.0135341
73.88 0.0079779
74.56 0.00470193
75.24 0.00277071
75.92 0.00163243
76.6 0.000961633
77.28 0.00056639
77.96 0.000333545
78.64 0.000196393
79.32 0.00011562
80 6.80578e-05
80.68 4.00552e-05
81.36 2.3571e-05
82.04 1.38687e-05
82.72 8.15897e-06
83.4 4.79928e-06
84.08 2.82266e-06
84.76 1.65991e-06
85.44 9.76009e-07
86.12 5.73811e-07
86.8 3.3731e-07
87.48 1.98261e-07
88.16 1.16518e-07
88.84 6.84691e-08
89.52 4.02297e-08
90.2 2.36346e-08
90.88 1.38836e-08
91.56 8.15465e-09
92.24 4.78919e-09
92.92 2.81236e-09
93.6 1.65133e-09
94.28 9.69505e-10
94.96 5.69143e-10
95.64 3.34078e-10
96.32 1.96079e-10
