-39 1.14048e-24
-38.32 3.28813e-24
-37.64 9.47413e-24
-36.96 2.72801e-23
-36.28 7.84979e-23
-35.6 2.25717e-22
-34.92 6.48567e-22
-34.24 1.86215e-21
-33.56 5.34237e-21
-32.88 1.53142e-20
-32.2 4.38616e-20
-31.52 1.25513e-19
-30.84 3.58827e-19
-30.16 1.02485e-18
-29.48 2.92412e-18
-28.8 8.33424e-18
-28.12 2.37276e-17
-27.44 6.74734e-17
-26.76 1.91636e-16
-26.08 5.43579e-16
-25.4 1.53977e-15
-24.72 4.3554e-15
-24.04 1.2301e-14
-23.36 3.46864e-14
-22.68 9.76431e-14
-22 2.74374e-13
-21.32 7.69508e-13
-20.64 2.15377e-12
-19.96 6.0151e-12
-19.28 1.67601e-11
-18.6 4.65834e-11
-17.92 1.29129e-10
-17.24 3.56914e-10
-16.56 9.83447e-10
-15.88 2.70068e-09
-15.2 7.38925e-09
-14.52 2.01367e-08
-13.84 5.46347e-08
-13.16 1.4752e-07
-12.48 3.96195e-07
-11.8 1.05776e-06
-11.12 2.80526e-06
-10.44 7.38424e-06
-9.76 1.92729e-05
-9.08 4.98149e-05
-8.4 0.000127318
-7.72 0.000321148
-7.04 0.00079755
-6.36 0.00194388
-5.68 0.00463013
-5 0.0107146
-4.32 0.0170144
-3.64 0.0147898
-2.96 0.00732237
-2.28 0.00183186
-1.6 0.000151241
-0.92 5.11833e-07
-0.24 8.86451e-08
0.44 1.52009e-05
1.12 0.000507565
1.8 0.00287723
2.48 0.00687622
3.16 0.00859836
3.84 0.00555795
4.52 0.00138688
5.2 2.65529e-05
5.88 2.2359e-05
6.56 0.00286507
7.24 0.0323126
7.92 0.123008
8.6 0.238223
9.28 0.274649
9.96 0.188331
10.64 0.0652851
11.32 0.00600231
12 2.35849e-11
12.68 0.00710485
13.36 0.100356
14.04 0.369636
14.72 0.68834
15.4 0.766551
16.08 0.513074
16.76 0.177427
17.44 0.0213782
18.12 0.00026385
18.8 0.000265065
19.48 0.0229743
20.16 0.141331
20.84 0.351223
21.52 0.492893
22.2 0.422248
22.88 0.207904
23.56 0.0441379
24.24 0.00103638
24.92 0.000278891
25.6 0.0344248
26.28 0.224246
26.96 0.570024
27.64 0.811229
28.32 0.704888
29 0.35493
29.68 0.127395
30.36 0.0467831
31.04 0.0176319
31.72 0.00402962
32.4 0.000129334
33.08 8.90249e-06
33.76 0.00204471
34.44 0.014705
35.12 0.0390444
35.8 0.0572214
36.48 0.0511479
37.16 0.0267629
37.84 0.00644404
38.52 0.000250962
39.2 6.03381e-06
39.88 0.00243288
40.56 0.0189149
41.24 0.0544946
41.92 0.14345
42.6 0.306641
43.28 0.380719
43.96 0.288775
44.64 0.122534
45.32 0.0201872
46 0.000166946
46.68 0.00078117
47.36 0.0348487
48.04 0.17726
48.72 0.391084
49.4 0.497267
50.08 0.38657
50.76 0.169755
51.44 0.0300073
52.12 0.000350447
52.8 0.00054608
53.48 0.0387293
54.16 0.220549
54.84 0.516575
55.52 0.687452
56.2 0.5595
56.88 0.26114
57.56 0.0518925
58.24 0.00104131
58.92 0.00041876
59.6 0.0418617
60.28 0.255425
60.96 0.619519
61.64 0.846023
62.32 0.706322
63 0.340833
63.68 0.116091
64.36 0.0397086
65.04 0.0135791
65.72 0.00464263
66.4 0.00158695
67.08 0.000542341
67.76 0.000185307
68.44 6.33028e-05
69.12 2.16207e-05
69.8 7.38296e-06
70.48 2.52063e-06
71.16 8.60416e-07
71.84 2.93648e-07
72.52 1.002e-07
73.2 3.41849e-08
73.88 1.16607e-08
74.56 3.97686e-09
75.24 1.35608e-09
75.92 4.62336e-10
76.6 1.57602e-10
77.28 5.37151e-11
77.96 1.83048e-11
78.64 6.23686e-12
79.32 2.12472e-12
80 7.23728e-13
80.68 2.46482e-13
81.36 8.39333e-14
82.04 2.85773e-14
82.72 9.72859e-15
83.4 3.31146e-15
84.08 1.12702e-15
84.76 3.83518e-16
85.44 1.30492e-16
86.12 4.43945e-17
86.8 1.51015e-17
87.48 5.13636e-18
88.16 1.74678e-18
88.84 5.9398e-19
89.52 2.01954e-19
90.2 6.86569e-20
90.88 2.33381e-20
91.56 7.93231e-21
92.24 2.69578e-21
92.92 9.16058e-22
93.6 3.11254e-22
94.28 1.05745e-22
94.96 3.59221e-23
95.64 1.22016e-23
96.32 4.14409e-24
