-39 -1.65478e-07
-38.32 -2.17533e-07
-37.64 -2.85963e-07
-36.96 -3.7592e-07
-36.28 -4.94175e-07
-35.6 -6.4963e-07
-34.92 -8.53988e-07
-34.24 -1.12263e-06
-33.56 -1.47578e-06
-32.88 -1.94003e-06
-32.2 -2.55031e-06
-31.52 -3.35258e-06
-30.84 -4.40721e-06
-30.16 -5.79361e-06
-29.48 -7.61614e-06
-28.8 -1.0012e-05
-28.12 -1.31615e-05
-27.44 -1.73018e-05
-26.76 -2.27445e-05
-26.08 -2.98994e-05
-25.4 -3.9305e-05
-24.72 -5.16693e-05
-24.04 -6.79232e-05
-23.36 -8.92901e-05
-22.68 -0.000117379
-22 -0.000154303
-21.32 -0.000202843
-20.64 -0.000266652
-19.96 -0.000350534
-19.28 -0.000460804
-18.6 -0.000605761
-17.92 -0.000796318
-17.24 -0.00104682
-16.56 -0.00137612
-15.88 -0.00180902
-15.2 -0.00237809
-14.52 -0.00312618
-13.84 -0.0041096
-13.16 -0.00540237
-12.48 -0.00710183
-11.8 -0.00933588
-11.12 -0.0122727
-10.44 -0.0161334
-9.76 -0.0212086
-9.08 -0.0278803
-8.4 -0.0366507
-7.72 -0.0481801
-7.04 -0.0633364
-6.36 -0.0832604
-5.68 -0.109452
-5 -0.143883
-4.32 -0.173765
-3.64 -0.182785
-2.96 -0.170027
-2.28 -0.137011
-1.6 -0.0876713
-0.92 -0.0278861
-0.24 0.0352215
0.44 0.0941327
1.12 0.141829
1.8 0.172626
2.48 0.182857
3.16 0.171301
3.84 0.139336
4.52 0.0907696
5.2 0.0314794
5.88 -0.0283579
6.56 -0.0903299
7.24 -0.15757
7.92 -0.210436
8.6 -0.23823
9.28 -0.237641
9.96 -0.208738
10.64 -0.154965
11.32 -0.0827287
12 -0.000636162
12.68 0.0815322
13.36 0.153986
14.04 0.208094
14.72 0.237409
15.4 0.238438
16.08 0.211058
16.76 0.158532
17.44 0.0915629
18.12 0.0299406
18.8 -0.0294279
19.48 -0.0882097
20.16 -0.136557
20.84 -0.168635
21.52 -0.18062
22.2 -0.171086
22.88 -0.141168
23.56 -0.0944312
24.24 -0.036443
24.92 0.0258872
25.6 0.085133
26.28 0.134236
26.96 0.167345
27.64 0.180516
28.32 0.17218
29 0.14333
29.68 0.109662
30.36 0.0844056
31.04 0.0654054
31.72 0.0447352
32.4 0.0187351
33.08 -0.00949719
33.76 -0.0365979
34.44 -0.0593383
35.12 -0.0750088
35.8 -0.0817425
36.48 -0.0787371
37.16 -0.0663507
37.84 -0.0460589
38.52 -0.0202796
39.2 0.00791598
39.88 0.0351684
40.56 0.0582307
41.24 0.0752366
41.92 0.0950526
42.6 0.114013
43.28 0.119401
43.96 0.110563
44.64 0.0885528
45.32 0.0559918
46 0.0167597
46.68 -0.0244693
47.36 -0.0627828
48.04 -0.0936162
48.72 -0.113296
49.4 -0.119477
50.08 -0.111423
50.76 -0.0900938
51.44 -0.0580305
52.12 -0.0189519
52.8 0.0210376
53.48 0.0606616
54.16 0.0931187
54.84 0.114481
55.52 0.122204
56.2 0.115367
56.88 0.0947848
57.56 0.0629094
58.24 0.0235388
58.92 -0.0186363
59.6 -0.058591
60.28 -0.091565
60.96 -0.11363
61.64 -0.122156
62.32 -0.116128
63 -0.0962643
63.68 -0.0731473
64.36 -0.0556433
65.04 -0.042328
65.72 -0.032199
66.4 -0.0244938
67.08 -0.0186325
67.76 -0.0141738
68.44 -0.010782
69.12 -0.00820192
69.8 -0.00623921
70.48 -0.00474618
71.16 -0.00361043
71.84 -0.00274646
72.52 -0.00208924
73.2 -0.00158929
73.88 -0.00120898
74.56 -0.00091967
75.24 -0.000699595
75.92 -0.000532183
76.6 -0.000404833
77.28 -0.000307957
77.96 -0.000234264
78.64 -0.000178205
79.32 -0.000135561
80 -0.000103121
80.68 -7.84447e-05
81.36 -5.9673e-05
82.04 -4.53934e-05
82.72 -3.45308e-05
83.4 -2.62677e-05
84.08 -1.99819e-05
84.76 -1.52003e-05
85.44 -1.15629e-05
86.12 -8.7959e-06
86.8 -6.69106e-06
87.48 -5.0899e-06
88.16 -3.8719e-06
88.84 -2.94536e-06
89.52 -2.24054e-06
90.2 -1.70439e-06
90.88 -1.29653e-06
91.56 -9.86273e-07
92.24 -7.5026e-07
92.92 -5.70724e-07
93.6 -4.34151e-07
94.28 -3.3026e-07
94.96 -2.51229e-07
95.64 -1.91111e-07
96.32 -1.45378e-07
