-39 -1.06793e-12
-38.32 -1.81332e-12
-37.64 -3.07801e-12
-36.96 -5.22303e-12
-36.28 -8.8599e-12
-35.6 -1.50239e-11
-34.92 -2.5467e-11
-34.24 -4.31527e-11
-33.56 -7.30915e-11
-32.88 -1.23751e-10
-32.2 -2.09432e-10
-31.52 -3.54277e-10
-30.84 -5.99022e-10
-30.16 -1.01235e-09
-29.48 -1.71e-09
-28.8 -2.88691e-09
-28.12 -4.8711e-09
-27.44 -8.21422e-09
-26.76 -1.38433e-08
-26.08 -2.33148e-08
-25.4 -3.92399e-08
-24.72 -6.59954e-08
-24.04 -1.1091e-07
-23.36 -1.86243e-07
-22.68 -3.12479e-07
-22 -5.23807e-07
-21.32 -8.77216e-07
-20.64 -1.46757e-06
-19.96 -2.45257e-06
-19.28 -4.09392e-06
-18.6 -6.8252e-06
-17.92 -1.13635e-05
-17.24 -1.88922e-05
-16.56 -3.136e-05
-15.88 -5.1968e-05
-15.2 -8.59608e-05
-14.52 -0.000141904
-13.84 -0.000233741
-13.16 -0.000384083
-12.48 -0.00062944
-11.8 -0.00102847
-11.12 -0.00167489
-10.44 -0.0027174
-9.76 -0.00439009
-9.08 -0.00705797
-8.4 -0.0112835
-7.72 -0.0179206
-7.04 -0.0282409
-6.36 -0.0440894
-5.68 -0.068045
-5 -0.103512
-4.32 -0.130439
-3.64 -0.121613
-2.96 -0.0855708
-2.28 -0.0428002
-1.6 -0.012298
-0.92 -0.000715425
-0.24 -0.000297733
0.44 0.00389883
1.12 0.0225292
1.8 0.0536398
2.48 0.082923
3.16 0.0927274
3.84 0.0745517
4.52 0.0372409
5.2 0.00515295
5.88 0.00472853
6.56 0.0535263
7.24 0.179757
7.92 0.350725
8.6 0.488081
9.28 0.52407
9.96 0.433971
10.64 0.255509
11.32 0.0774746
12 4.85642e-06
12.68 0.0842903
13.36 0.31679
14.04 0.607977
14.72 0.829663
15.4 0.875529
16.08 0.716292
16.76 0.42122
17.44 0.146213
18.12 0.0162435
18.8 0.0162808
19.48 0.151573
20.16 0.375941
20.84 0.592641
21.52 0.702063
22.2 0.649806
22.88 0.455965
23.56 0.21009
24.24 0.0321929
24.92 0.0167
25.6 0.185539
26.28 0.473546
26.96 0.754999
27.64 0.900682
28.32 0.839576
29 0.59576
29.68 0.356925
30.36 0.216294
31.04 0.132785
31.72 0.0634793
32.4 0.0113725
33.08 0.0029837
33.76 0.0452185
34.44 0.121264
35.12 0.197597
35.8 0.23921
36.48 0.226159
37.16 0.163594
37.84 0.0802748
38.52 0.0158418
39.2 0.00245638
39.88 0.0493242
40.56 0.137531
41.24 0.233441
41.92 0.378747
42.6 0.553752
43.28 0.617025
43.96 0.537378
44.64 0.350049
45.32 0.142082
46 0.0129208
46.68 0.0279494
47.36 0.186678
48.04 0.421022
48.72 0.625367
49.4 0.705171
50.08 0.621748
50.76 0.412014
51.44 0.173226
52.12 0.0187202
52.8 0.0233684
53.48 0.196798
54.16 0.469627
54.84 0.718731
55.52 0.829127
56.2 0.747998
56.88 0.511019
57.56 0.227799
58.24 0.0322694
58.92 0.0204636
59.6 0.204601
60.28 0.505396
60.96 0.787095
61.64 0.919795
62.32 0.84043
63 0.583809
63.68 0.340722
64.36 0.19927
65.04 0.11653
65.72 0.0681369
66.4 0.0398366
67.08 0.0232882
67.76 0.0136127
68.44 0.00795631
69.12 0.0046498
69.8 0.00271716
70.48 0.00158765
71.16 0.000927586
71.84 0.000541893
72.52 0.000316544
73.2 0.000184891
73.88 0.000107985
74.56 6.30623e-05
75.24 3.6825e-05
75.92 2.1502e-05
76.6 1.2554e-05
77.28 7.32906e-06
77.96 4.27841e-06
78.64 2.49737e-06
79.32 1.45764e-06
80 8.50722e-07
80.68 4.9647e-07
81.36 2.89712e-07
82.04 1.69048e-07
82.72 9.86336e-08
83.4 5.75453e-08
84.08 3.35711e-08
84.76 1.95836e-08
85.44 1.14233e-08
86.12 6.66292e-09
86.8 3.88606e-09
87.48 2.26635e-09
88.16 1.32166e-09
88.84 7.70701e-10
89.52 4.49393e-10
90.2 2.62025e-10
90.88 1.52768e-10
91.56 8.90635e-11
92.24 5.19209e-11
92.92 3.02665e-11
93.6 1.76424e-11
94.28 1.02832e-11
94.96 5.9935e-12
95.64 3.49308e-12
96.32 2.0357e-12
