-39 5.66809e-11
-38.32 8.93769e-11
-37.64 1.40844e-10
-36.96 2.21805e-10
-36.28 3.49066e-10
-35.6 5.48959e-10
-34.92 8.6269e-10
-34.24 1.35469e-09
-33.56 2.12561e-09
-32.88 3.33249e-09
-32.2 5.22016e-09
-31.52 8.16979e-09
-30.84 1.27742e-08
-30.16 1.99542e-08
-29.48 3.11381e-08
-28.8 4.85388e-08
-28.12 7.5579e-08
-27.44 1.17545e-07
-26.76 1.82589e-07
-26.08 2.8326e-07
-25.4 4.38837e-07
-24.72 6.7889e-07
-24.04 1.04867e-06
-23.36 1.61726e-06
-22.68 2.48993e-06
-22 3.82661e-06
-21.32 5.86961e-06
-20.64 8.98505e-06
-19.96 1.37243e-05
-19.28 2.09145e-05
-18.6 3.17926e-05
-17.92 4.81995e-05
-17.24 7.28631e-05
-16.56 0.000109805
-15.88 0.000164918
-15.2 0.000246786
-14.52 0.000367817
-13.84 0.000545805
-13.16 0.000806016
-12.48 0.00118393
-11.8 0.00172874
-11.12 0.0025075
-10.44 0.00360993
-9.76 0.00515304
-9.08 0.00728454
-8.4 0.0101825
-7.72 0.0140475
-7.04 0.0190799
-6.36 0.0254337
-5.68 0.0331329
-5 0.0419343
-4.32 0.0430102
-3.64 0.0313067
-2.96 0.0159925
-2.28 0.00503946
-1.6 0.000606499
-0.92 4.89966e-06
-0.24 2.27709e-05
0.44 0.000233192
1.12 0.00252852
1.8 0.0078095
2.48 0.0134368
3.16 0.0145317
3.84 0.00882459
4.52 0.0011534
5.2 0.00302041
5.88 0.0294025
6.56 0.105521
7.24 0.272562
7.92 0.478154
8.6 0.610512
9.28 0.582943
9.96 0.390148
10.64 0.136948
11.32 0.000623767
12 0.135387
12.68 0.568037
13.36 1.15039
14.04 1.61124
14.72 1.69592
15.4 1.32416
16.08 0.672568
16.76 0.117741
17.44 0.0503901
18.12 0.725824
18.8 2.49426
19.48 5.55625
20.16 8.24202
20.84 9.10598
21.52 7.57176
22.2 4.34243
22.88 1.17316
23.56 0.0168325
24.24 1.95066
24.92 6.46587
25.6 11.5649
26.28 14.7038
26.96 14.1461
27.64 10.013
28.32 4.41323
29 0.483388
29.68 0.745711
30.36 6.45815
31.04 19.8606
31.72 37.9043
32.4 50.2133
33.08 50.1752
33.76 37.328
34.44 18.1382
35.12 3.06435
35.8 1.2021
36.48 15.2385
37.16 39.4893
37.84 62.3281
38.52 72.0236
39.2 63.0706
39.88 39.6175
40.56 13.924
41.24 0.329966
41.92 7.52489
42.6 36.3271
43.28 73.7246
43.96 101.179
44.64 104.23
45.32 80.5734
46 42.062
46.68 9.23386
47.36 0.851511
48.04 23.7595
48.72 68.5198
49.4 113.503
50.08 135.736
50.76 123.085
51.44 81.3311
52.12 32.088
52.8 4.32637
53.48 2.24177
54.16 24.3783
54.84 60.7815
55.52 93.5272
56.2 105.732
56.88 90.5761
57.56 55.4276
58.24 18.6254
58.92 0.279405
59.6 11.686
60.28 48.9201
60.96 94.203
61.64 124.684
62.32 124.313
63 92.6512
63.68 57.8405
64.36 36.1736
65.04 22.618
65.72 14.1391
66.4 8.83682
67.08 5.52179
67.76 3.44964
68.44 2.15467
69.12 1.34556
69.8 0.840115
70.48 0.524437
71.16 0.327316
71.84 0.20425
72.52 0.127432
73.2 0.079491
73.88 0.0495773
74.56 0.0309154
75.24 0.019275
75.92 0.0120155
76.6 0.00748895
77.28 0.00466693
77.96 0.00290787
78.64 0.00181155
79.32 0.0011284
80 0.000702767
80.68 0.00043762
81.36 0.000272471
82.04 0.000169623
82.72 0.000105581
83.4 6.571e-05
84.08 4.08901e-05
84.76 2.54418e-05
85.44 1.58279e-05
86.12 9.84559e-06
86.8 6.1236e-06
87.48 3.80819e-06
88.16 2.36798e-06
88.84 1.47226e-06
89.52 9.15254e-07
90.2 5.68916e-07
90.88 3.53594e-07
91.56 2.19742e-07
92.24 1.36545e-07
92.92 8.48375e-08
93.6 5.27053e-08
94.28 3.27398e-08
94.96 2.03353e-08
95.64 1.26294e-08
96.32 7.84278e-09
