-39 -1.45336e-12
-38.32 -2.33238e-12
-37.64 -3.74188e-12
-36.96 -6.00121e-12
-36.28 -9.62145e-12
-35.6 -1.54202e-11
-34.92 -2.47047e-11
-34.24 -3.95646e-11
-33.56 -6.33375e-11
-32.88 -1.01353e-10
-32.2 -1.62117e-10
-31.52 -2.59194e-10
-30.84 -4.14209e-10
-30.16 -6.61611e-10
-29.48 -1.05625e-09
-28.8 -1.68537e-09
-28.12 -2.68773e-09
-27.44 -4.28372e-09
-26.76 -6.82322e-09
-26.08 -1.08612e-08
-25.4 -1.72771e-08
-24.72 -2.74632e-08
-24.04 -4.36218e-08
-23.36 -6.92322e-08
-22.68 -1.09785e-07
-22 -1.73937e-07
-21.32 -2.7531e-07
-20.64 -4.35322e-07
-19.96 -6.87588e-07
-19.28 -1.08478e-06
-18.6 -1.70928e-06
-17.92 -2.68971e-06
-17.24 -4.2264e-06
-16.56 -6.63071e-06
-15.88 -1.03852e-05
-15.2 -1.62359e-05
-14.52 -2.53318e-05
-13.84 -3.94368e-05
-13.16 -6.12474e-05
-12.48 -9.48665e-05
-11.8 -0.000146503
-11.12 -0.000225494
-10.44 -0.000345779
-9.76 -0.000527976
-9.08 -0.000802262
-8.4 -0.00121221
-7.72 -0.00181962
-7.04 -0.00271021
-6.36 -0.00399902
-5.68 -0.00583325
-5 -0.00838685
-4.32 -0.00995607
-3.64 -0.00860074
-2.96 -0.00540288
-2.28 -0.00221029
-1.6 -0.000379062
-0.92 -5.32571e-06
-0.24 -9.48788e-05
0.44 0.000529981
1.12 0.00225761
1.8 0.00433861
2.48 0.00541807
3.16 0.00459863
3.84 0.00229807
4.52 0.000255176
5.2 0.000580849
5.88 0.00500043
6.56 0.0160855
7.24 0.0376466
7.92 0.060373
8.6 0.0709897
9.28 0.0628171
9.96 0.0391715
10.64 0.0128711
11.32 5.51031e-05
12 0.0112822
12.68 0.0447979
13.36 0.0861069
14.04 0.11476
14.72 0.115212
15.4 0.0859845
16.08 0.0418264
16.76 0.00702512
17.44 0.00288934
18.12 0.0400565
18.8 0.132673
19.48 0.285228
20.16 0.40883
20.84 0.436947
21.52 0.351848
22.2 0.195605
22.88 0.0512745
23.56 0.000714452
24.24 0.0804727
24.92 0.259465
25.6 0.451752
26.28 0.559507
26.96 0.524708
27.64 0.362266
28.32 0.155834
29 0.0166686
29.68 0.025125
30.36 0.212719
31.04 0.639839
31.72 1.19497
32.4 1.54979
33.08 1.51678
33.76 1.10569
34.44 0.526662
35.12 0.0872538
35.8 0.0335781
36.48 0.417723
37.16 1.06268
37.84 1.64715
38.52 1.86977
39.2 1.60894
39.88 0.993418
40.56 0.343293
41.24 0.00800112
41.92 0.179506
42.6 0.85275
43.28 1.70343
43.96 2.30161
44.64 2.3349
45.32 1.77788
46 0.914391
46.68 0.197812
47.36 0.0179795
48.04 0.494577
48.72 1.4064
49.4 2.29764
50.08 2.71039
50.76 2.42484
51.44 1.58109
52.12 0.615657
52.8 0.0819388
53.48 0.0419178
54.16 0.450116
54.84 1.10834
55.52 1.68457
56.2 1.88135
56.88 1.59241
57.56 0.962953
58.24 0.319804
58.92 0.00474211
59.6 0.196074
60.28 0.811547
60.96 1.54532
61.64 2.02277
62.32 1.99476
63 1.47065
63.68 0.908299
64.36 0.56205
65.04 0.347755
65.72 0.215141
66.4 0.133085
67.08 0.0823164
67.76 0.0509097
68.44 0.0314826
69.12 0.019467
69.8 0.012036
70.48 0.00744093
71.16 0.00459972
71.84 0.00284312
72.52 0.00175719
73.2 0.00108594
73.88 0.000671052
74.56 0.000414638
75.24 0.00025618
75.92 0.000158265
76.6 9.7767e-05
77.28 6.03899e-05
77.96 3.72995e-05
78.64 2.3036e-05
79.32 1.42259e-05
80 8.78459e-06
80.68 5.42414e-06
81.36 3.34896e-06
82.04 2.06756e-06
82.72 1.27637e-06
83.4 7.8789e-07
84.08 4.86324e-07
84.76 3.00163e-07
85.44 1.85251e-07
86.12 1.14324e-07
86.8 7.05484e-08
87.48 4.35321e-08
88.16 2.686e-08
88.84 1.65721e-08
89.52 1.0224e-08
90.2 6.30727e-09
90.88 3.89078e-09
91.56 2.39998e-09
92.24 1.48032e-09
92.92 9.13016e-10
93.6 5.63091e-10
94.28 3.47261e-10
94.96 2.14146e-10
95.64 1.32051e-10
96.32 8.14242e-11
