-39 1.93043e-07
-38.32 2.4671e-07
-37.64 3.15297e-07
-36.96 4.02952e-07
-36.28 5.14976e-07
-35.6 6.58142e-07
-34.92 8.41111e-07
-34.24 1.07495e-06
-33.56 1.37379e-06
-32.88 1.75571e-06
-32.2 2.24381e-06
-31.52 2.8676e-06
-30.84 3.66482e-06
-30.16 4.68366e-06
-29.48 5.98575e-06
-28.8 7.64983e-06
-28.12 9.77654e-06
-27.44 1.24945e-05
-26.76 1.5968e-05
-26.08 2.04073e-05
-25.4 2.60806e-05
-24.72 3.33312e-05
-24.04 4.25975e-05
-23.36 5.444e-05
-22.68 6.95746e-05
-22 8.89169e-05
-21.32 0.000113636
-20.64 0.000145228
-19.96 0.000185602
-19.28 0.000237201
-18.6 0.000303145
-17.92 0.000387421
-17.24 0.000495127
-16.56 0.000632776
-15.88 0.000808692
-15.2 0.00103351
-14.52 0.00132084
-13.84 0.00168804
-13.16 0.00215733
-12.48 0.00275708
-11.8 0.00352357
-11.12 0.00450314
-10.44 0.00575505
-9.76 0.00735499
-9.08 0.00939973
-8.4 0.0120129
-7.72 0.0153526
-7.04 0.0196207
-6.36 0.0250754
-5.68 0.0320465
-5 0.0409557
-4.32 0.0480067
-3.64 0.0486091
-2.96 0.0427235
-2.28 0.0311356
-1.6 0.015392
-0.92 -0.002406
-0.24 -0.0198829
0.44 -0.0347059
1.12 -0.0448968
1.8 -0.0490952
2.48 -0.0467408
3.16 -0.0381479
3.84 -0.0244634
4.52 -0.00751364
5.2 0.0105689
5.88 0.0291618
6.56 0.0495183
7.24 0.0721097
7.92 0.0873089
8.6 0.0908549
9.28 0.0822744
9.96 0.0627127
10.64 0.0347806
11.32 0.0022063
12 -0.0306625
12.68 -0.0594387
13.36 -0.0802815
14.04 -0.0904092
14.72 -0.0884698
15.4 -0.0747222
16.08 -0.0510014
16.76 -0.0204734
17.44 0.0128714
18.12 0.0470173
18.8 0.0840065
19.48 0.121005
20.16 0.142405
20.84 0.144799
21.52 0.127866
22.2 0.0938671
22.88 0.0473394
23.56 -0.0055068
24.24 -0.057618
24.92 -0.102039
25.6 -0.13284
26.28 -0.145912
26.96 -0.139508
27.64 -0.114484
28.32 -0.0741797
29 -0.0239745
29.68 0.0290952
30.36 0.0837052
31.04 0.143574
31.72 0.194094
32.4 0.218708
33.08 0.214131
33.76 0.180973
34.44 0.123661
35.12 0.0498442
35.8 -0.0306257
36.48 -0.107008
37.16 -0.169108
37.84 -0.208637
38.52 -0.220319
39.2 -0.202594
39.88 -0.15783
40.56 -0.0919991
41.24 -0.0139289
41.92 0.0654378
42.6 0.141484
43.28 0.19839
43.96 0.228817
44.64 0.228703
45.32 0.198064
46 0.14099
46.68 0.065097
47.36 -0.0194842
48.04 -0.101465
48.72 -0.169903
49.4 -0.215664
50.08 -0.23264
50.76 -0.218565
51.44 -0.175318
52.12 -0.108684
52.8 -0.0393938
53.48 0.0279965
54.16 0.0911639
54.84 0.142164
55.52 0.174189
56.2 0.182964
56.88 0.16732
57.56 0.129343
58.24 0.0741023
58.92 0.00897128
59.6 -0.0573571
60.28 -0.11603
60.96 -0.159216
61.64 -0.181152
62.32 -0.178909
63 -0.152787
63.68 -0.11943
64.36 -0.0934501
65.04 -0.0731217
65.72 -0.0572154
66.4 -0.0447693
67.08 -0.0350305
67.76 -0.0274103
68.44 -0.0214477
69.12 -0.0167821
69.8 -0.0131315
70.48 -0.010275
71.16 -0.00803984
71.84 -0.00629092
72.52 -0.00492245
73.2 -0.00385166
73.88 -0.0030138
74.56 -0.0023582
75.24 -0.00184522
75.92 -0.00144383
76.6 -0.00112975
77.28 -0.000883993
77.96 -0.000691696
78.64 -0.00054123
79.32 -0.000423496
80 -0.000331372
80.68 -0.000259288
81.36 -0.000202885
82.04 -0.000158751
82.72 -0.000124218
83.4 -9.71963e-05
84.08 -7.6053e-05
84.76 -5.95091e-05
85.44 -4.6564e-05
86.12 -3.64348e-05
86.8 -2.85091e-05
87.48 -2.23075e-05
88.16 -1.74549e-05
88.84 -1.36579e-05
89.52 -1.06869e-05
90.2 -8.36214e-06
90.88 -6.54311e-06
91.56 -5.11978e-06
92.24 -4.00606e-06
92.92 -3.13462e-06
93.6 -2.45274e-06
94.28 -1.91919e-06
94.96 -1.50171e-06
95.64 -1.17504e-06
96.32 -9.1943e-07
