-39 2.11225e-24
-38.32 5.44e-24
-37.64 1.40017e-23
-36.96 3.60145e-23
-36.28 9.25723e-23
-35.6 2.37782e-22
-34.92 6.10325e-22
-34.24 1.56535e-21
-33.56 4.01164e-21
-32.88 1.02725e-20
-32.2 2.62818e-20
-31.52 6.71814e-20
-30.84 1.71569e-19
-30.16 4.37729e-19
-29.48 1.11566e-18
-28.8 2.84049e-18
-28.12 7.2239e-18
-27.44 1.83503e-17
-26.76 4.65563e-17
-26.08 1.17965e-16
-25.4 2.98497e-16
-24.72 7.54227e-16
-24.04 1.90286e-15
-23.36 4.7931e-15
-22.68 1.20529e-14
-22 3.02539e-14
-21.32 7.57956e-14
-20.64 1.89505e-13
-19.96 4.72777e-13
-19.28 1.17674e-12
-18.6 2.92164e-12
-17.92 7.23452e-12
-17.24 1.78625e-11
-16.56 4.39663e-11
-15.88 1.07853e-10
-15.2 2.63604e-10
-14.52 6.41699e-10
-13.84 1.55526e-09
-13.16 3.75125e-09
-12.48 8.99965e-09
-11.8 2.14631e-08
-11.12 5.08478e-08
-10.44 1.19563e-07
-9.76 2.78758e-07
-9.08 6.43624e-07
-8.4 1.46944e-06
-7.72 3.31101e-06
-7.04 7.34522e-06
-6.36 1.59921e-05
-5.68 3.40268e-05
-5 7.03393e-05
-4.32 9.91232e-05
-3.64 7.39728e-05
-2.96 2.91912e-05
-2.28 4.88539e-06
-1.6 1.43688e-07
-0.92 2.83632e-11
-0.24 9.00198e-09
0.44 2.8088e-07
1.12 5.09679e-06
1.8 1.88235e-05
2.48 2.93555e-05
3.16 2.11474e-05
3.84 5.28112e-06
4.52 6.51147e-08
5.2 3.37385e-07
5.88 2.50043e-05
6.56 0.000258745
7.24 0.00141727
7.92 0.0036449
8.6 0.00503954
9.28 0.00394599
9.96 0.0015344
10.64 0.000165665
11.32 3.03635e-09
12 0.000127289
12.68 0.00200685
13.36 0.0074144
14.04 0.0131699
14.72 0.0132738
15.4 0.00739333
16.08 0.00174945
16.76 4.93523e-05
17.44 8.34828e-06
18.12 0.00160452
18.8 0.0176022
19.48 0.0813552
20.16 0.167142
20.84 0.190923
21.52 0.123797
22.2 0.0382613
22.88 0.00262907
23.56 5.10442e-07
24.24 0.00647586
24.92 0.0673221
25.6 0.20408
26.28 0.313048
26.96 0.275319
27.64 0.131237
28.32 0.0242843
29 0.000277841
29.68 0.000631267
30.36 0.0452493
31.04 0.409394
31.72 1.42795
32.4 2.40186
33.08 2.30063
33.76 1.22254
34.44 0.277373
35.12 0.00761323
35.8 0.00112749
36.48 0.174492
37.16 1.1293
37.84 2.7131
38.52 3.49605
39.2 2.5887
39.88 0.986879
40.56 0.11785
41.24 6.40179e-05
41.92 0.0322223
42.6 0.727182
43.28 2.90169
43.96 5.29743
44.64 5.45175
45.32 3.16085
46 0.836111
46.68 0.0391295
47.36 0.000323264
48.04 0.244607
48.72 1.97796
49.4 5.27913
50.08 7.34623
50.76 5.87985
51.44 2.49983
52.12 0.379033
52.8 0.00671397
53.48 0.0017571
54.16 0.202604
54.84 1.22842
55.52 2.83777
56.2 3.53947
56.88 2.53576
57.56 0.927278
58.24 0.102275
58.92 2.24876e-05
59.6 0.0384452
60.28 0.658609
60.96 2.38803
61.64 4.09162
62.32 3.97906
63 2.16282
63.68 0.825007
64.36 0.315901
65.04 0.120934
65.72 0.0462858
66.4 0.0177115
67.08 0.006776
67.76 0.0025918
68.44 0.000991155
69.12 0.000378962
69.8 0.000144866
70.48 5.53675e-05
71.16 2.11574e-05
71.84 8.08332e-06
72.52 3.08773e-06
73.2 1.17927e-06
73.88 4.50311e-07
74.56 1.71924e-07
75.24 6.56282e-08
75.92 2.5048e-08
76.6 9.55839e-09
77.28 3.64694e-09
77.96 1.39125e-09
78.64 5.30659e-10
79.32 2.02377e-10
80 7.7169e-11
80.68 2.94213e-11
81.36 1.12155e-11
82.04 4.2748e-12
82.72 1.62912e-12
83.4 6.2077e-13
84.08 2.36511e-13
84.76 9.00979e-14
85.44 3.4318e-14
86.12 1.307e-14
86.8 4.97707e-15
87.48 1.89504e-15
88.16 7.21459e-16
88.84 2.74633e-16
89.52 1.04531e-16
90.2 3.97817e-17
90.88 1.51382e-17
91.56 5.75991e-18
92.24 2.19134e-18
92.92 8.33599e-19
93.6 3.17072e-19
94.28 1.2059e-19
94.96 4.58587e-20
95.64 1.74376e-20
96.32 6.62991e-21
