-39 -2.06955e-23
-38.32 -4.7473e-23
-37.64 -1.08863e-22
-36.96 -2.49559e-22
-36.28 -5.71897e-22
-35.6 -1.31012e-21
-34.92 -3.00016e-21
-34.24 -6.86774e-21
-33.56 -1.57149e-20
-32.88 -3.59444e-20
-32.2 -8.21798e-20
-31.52 -1.87804e-19
-30.84 -4.28986e-19
-30.16 -9.79422e-19
-29.48 -2.23499e-18
-28.8 -5.09742e-18
-28.12 -1.16194e-17
-27.44 -2.64705e-17
-26.76 -6.02661e-17
-26.08 -1.37121e-16
-25.4 -3.11774e-16
-24.72 -7.08378e-16
-24.04 -1.60828e-15
-23.36 -3.64845e-15
-22.68 -8.26968e-15
-22 -1.87274e-14
-21.32 -4.23694e-14
-20.64 -9.57601e-14
-19.96 -2.16195e-13
-19.28 -4.8753e-13
-18.6 -1.09804e-12
-17.92 -2.46974e-12
-17.24 -5.54704e-12
-16.56 -1.24392e-11
-15.88 -2.7848e-11
-15.2 -6.22296e-11
-14.52 -1.38781e-10
-13.84 -3.08822e-10
-13.16 -6.85549e-10
-12.48 -1.51777e-09
-11.8 -3.3503e-09
-11.12 -7.37083e-09
-10.44 -1.61556e-08
-9.76 -3.52599e-08
-9.08 -7.6582e-08
-8.4 -1.65398e-07
-7.72 -3.54877e-07
-7.04 -7.55515e-07
-6.36 -1.59345e-06
-5.68 -3.32229e-06
-5 -6.82762e-06
-4.32 -1.18046e-05
-3.64 -1.61619e-05
-2.96 -1.89278e-05
-2.28 -1.93247e-05
-1.6 -1.68892e-05
-0.92 -1.15062e-05
-0.24 -3.41008e-06
0.44 6.84506e-06
1.12 1.84449e-05
1.8 3.0398e-05
2.48 4.16356e-05
3.16 5.11193e-05
3.84 5.79487e-05
4.52 6.14571e-05
5.2 6.20794e-05
5.88 7.91728e-05
6.56 0.00013599
7.24 0.000278833
7.92 0.000499331
8.6 0.000784673
9.28 0.00112624
9.96 0.00150952
10.64 0.00191491
11.32 0.002319
12 0.00269623
12.68 0.00302083
13.36 0.00326885
14.04 0.00342024
14.72 0.00346065
15.4 0.00338296
16.08 0.0031883
16.76 0.00288654
17.44 0.00269326
18.12 0.00346646
18.8 0.00592897
19.48 0.0111243
20.16 0.0178281
20.84 0.0257037
21.52 0.0343625
22.2 0.0433376
22.88 0.0521128
23.56 0.0601556
24.24 0.0669536
24.92 0.0720504
25.6 0.0750803
26.28 0.0757974
26.96 0.0740984
27.64 0.0700362
28.32 0.0638236
29 0.0558263
29.68 0.0563266
30.36 0.0797041
31.04 0.145341
31.72 0.253102
32.4 0.383865
33.08 0.53093
33.76 0.686253
34.44 0.840933
35.12 0.985754
35.8 1.11179
36.48 1.21098
37.16 1.2767
37.84 1.30427
38.52 1.29128
39.2 1.23784
39.88 1.14669
40.56 1.02308
41.24 0.891873
41.92 1.01378
42.6 1.36822
43.28 1.73192
43.96 2.08497
44.64 2.40605
45.32 2.67519
46 2.87517
46.68 2.99263
47.36 3.01909
48.04 2.95159
48.72 2.79308
49.4 2.55237
50.08 2.24372
50.76 1.88611
51.44 1.50212
52.12 1.11792
52.8 1.00393
53.48 1.158
54.16 1.30156
54.84 1.41274
55.52 1.48429
56.2 1.51133
56.88 1.49163
57.56 1.42587
58.24 1.31765
58.92 1.17333
59.6 1.00171
60.28 0.813469
60.96 0.620619
61.64 0.435713
62.32 0.271085
63 0.13807
63.68 0.0592924
64.36 0.0256686
65.04 0.0111111
65.72 0.0048091
66.4 0.00208125
67.08 0.000900617
67.76 0.000389682
68.44 0.000168592
69.12 7.29326e-05
69.8 3.15474e-05
70.48 1.36447e-05
71.16 5.90098e-06
71.84 2.55179e-06
72.52 1.10338e-06
73.2 4.77057e-07
73.88 2.06242e-07
74.56 8.9155e-08
75.24 3.85371e-08
75.92 1.66562e-08
76.6 7.19845e-09
77.28 3.11077e-09
77.96 1.3442e-09
78.64 5.80797e-10
79.32 2.50931e-10
80 1.08406e-10
80.68 4.68293e-11
81.36 2.0228e-11
82.04 8.73691e-12
82.72 3.7734e-12
83.4 1.62959e-12
84.08 7.03713e-13
84.76 3.03867e-13
85.44 1.31203e-13
86.12 5.66471e-14
86.8 2.44559e-14
87.48 1.05575e-14
88.16 4.55739e-15
88.84 1.96718e-15
89.52 8.49073e-16
90.2 3.66456e-16
90.88 1.58152e-16
91.56 6.82498e-17
92.24 2.94513e-17
92.92 1.27082e-17
93.6 5.4833e-18
94.28 2.36579e-18
94.96 1.02068e-18
95.64 4.40328e-19
96.32 1.89952e-19
