-39 4.28304e-46
-38.32 2.25369e-45
-37.64 1.18512e-44
-36.96 6.22795e-44
-36.28 3.27066e-43
-35.6 1.71641e-42
-34.92 9.00095e-42
-34.24 4.71658e-41
-33.56 2.46958e-40
-32.88 1.292e-39
-32.2 6.75352e-39
-31.52 3.52704e-38
-30.84 1.84029e-37
-30.16 9.59267e-37
-29.48 4.99518e-36
-28.8 2.59837e-35
-28.12 1.3501e-34
-27.44 7.00685e-34
-26.76 3.63201e-33
-26.08 1.88022e-32
-25.4 9.72033e-32
-24.72 5.01799e-31
-24.04 2.58655e-30
-23.36 1.33112e-29
-22.68 6.83876e-29
-22 3.50717e-28
-21.32 1.79517e-27
-20.64 9.17e-27
-19.96 4.67402e-26
-19.28 2.37686e-25
-18.6 1.20569e-24
-17.92 6.09964e-24
-17.24 3.07696e-23
-16.56 1.54735e-22
-15.88 7.75511e-22
-15.2 3.87252e-21
-14.52 1.92601e-20
-13.84 9.53713e-20
-13.16 4.69977e-19
-12.48 2.30363e-18
-11.8 1.12245e-17
-11.12 5.43292e-17
-10.44 2.61002e-16
-9.76 1.24326e-15
-9.08 5.86481e-15
-8.4 2.73565e-14
-7.72 1.25938e-13
-7.04 5.70803e-13
-6.36 2.53907e-12
-5.68 1.10376e-11
-5 4.66164e-11
-4.32 1.39349e-10
-3.64 2.61205e-10
-2.96 3.58261e-10
-2.28 3.73444e-10
-1.6 2.85246e-10
-0.92 1.32392e-10
-0.24 1.16286e-11
0.44 4.68548e-11
1.12 3.40215e-10
1.8 9.2404e-10
2.48 1.73352e-09
3.16 2.61319e-09
3.84 3.35805e-09
4.52 3.77697e-09
5.2 3.85385e-09
5.88 6.26833e-09
6.56 1.84932e-08
7.24 7.77476e-08
7.92 2.49331e-07
8.6 6.15712e-07
9.28 1.26842e-06
9.96 2.27865e-06
10.64 3.66687e-06
11.32 5.37775e-06
12 7.26965e-06
12.68 9.12539e-06
13.36 1.06854e-05
14.04 1.16981e-05
14.72 1.19761e-05
15.4 1.14444e-05
16.08 1.01652e-05
16.76 8.33209e-06
17.44 7.25367e-06
18.12 1.20163e-05
18.8 3.51527e-05
19.48 0.000123749
20.16 0.00031784
20.84 0.000660683
21.52 0.00118078
22.2 0.00187815
22.88 0.00271574
23.56 0.0036187
24.24 0.00448278
24.92 0.00519126
25.6 0.00563705
26.28 0.00574525
26.96 0.00549058
27.64 0.00490507
28.32 0.00407345
29 0.00311658
29.68 0.00317269
30.36 0.00635274
31.04 0.0211241
31.72 0.0640607
32.4 0.147353
33.08 0.281886
33.76 0.470943
34.44 0.707168
35.12 0.971711
35.8 1.23607
36.48 1.46646
37.16 1.62997
37.84 1.70113
38.52 1.6674
39.2 1.53225
39.88 1.3149
40.56 1.04669
41.24 0.795438
41.92 1.02774
42.6 1.87204
43.28 2.99954
43.96 4.3471
44.64 5.78906
45.32 7.15667
46 8.26662
46.68 8.95586
47.36 9.11488
48.04 8.71186
48.72 7.80128
49.4 6.51457
50.08 5.03428
50.76 3.55741
51.44 2.25637
52.12 1.24975
52.8 1.00788
53.48 1.34096
54.16 1.69406
54.84 1.99582
55.52 2.20313
56.2 2.28412
56.88 2.22495
57.56 2.0331
58.24 1.7362
58.92 1.37671
59.6 1.00341
60.28 0.661732
60.96 0.385168
61.64 0.189846
62.32 0.0734871
63 0.0190633
63.68 0.00351559
64.36 0.000658877
65.04 0.000123456
65.72 2.31275e-05
66.4 4.33161e-06
67.08 8.11111e-07
67.76 1.51852e-07
68.44 2.84233e-08
69.12 5.31916e-09
69.8 9.95238e-10
70.48 1.86178e-10
71.16 3.48216e-11
71.84 6.51163e-12
72.52 1.21746e-12
73.2 2.27583e-13
73.88 4.25356e-14
74.56 7.94861e-15
75.24 1.48511e-15
75.92 2.77429e-16
76.6 5.18177e-17
77.28 9.67688e-18
77.96 1.80686e-18
78.64 3.37325e-19
79.32 6.29663e-20
80 1.17518e-20
80.68 2.19298e-21
81.36 4.09172e-22
82.04 7.63336e-23
82.72 1.42386e-23
83.4 2.65557e-24
84.08 4.95212e-25
84.76 9.23354e-26
85.44 1.72143e-26
86.12 3.20889e-27
86.8 5.98091e-28
87.48 1.11462e-28
88.16 2.07698e-29
88.84 3.86978e-30
89.52 7.20925e-31
90.2 1.3429e-31
90.88 2.50119e-32
91.56 4.65804e-33
92.24 8.67382e-34
92.92 1.61499e-34
93.6 3.00666e-35
94.28 5.59696e-36
94.96 1.04178e-36
95.64 1.93889e-37
96.32 3.60817e-38
