-39 8.07125e-22
-38.32 1.81917e-21
-37.64 4.09761e-21
-36.96 9.22369e-21
-36.28 2.07484e-20
-35.6 4.66402e-20
-34.92 1.04766e-19
-34.24 2.35151e-19
-33.56 5.27392e-19
-32.88 1.18185e-18
-32.2 2.64619e-18
-31.52 5.91959e-18
-30.84 1.32299e-17
-30.16 2.95394e-17
-29.48 6.58875e-17
-28.8 1.46806e-16
-28.12 3.26737e-16
-27.44 7.26349e-16
-26.76 1.61272e-15
-26.08 3.57612e-15
-25.4 7.91907e-15
-24.72 1.75111e-14
-24.04 3.8663e-14
-23.36 8.52279e-14
-22.68 1.87556e-13
-22 4.12003e-13
-21.32 9.03316e-13
-20.64 1.97649e-12
-19.96 4.31525e-12
-19.28 9.39958e-12
-18.6 2.04235e-11
-17.92 4.42578e-11
-17.24 9.56309e-11
-16.56 2.05994e-10
-15.88 4.42226e-10
-15.2 9.45889e-10
-14.52 2.0151e-09
-13.84 4.2741e-09
-13.16 9.02182e-09
-12.48 1.89418e-08
-11.8 3.95336e-08
-11.12 8.19636e-08
-10.44 1.68664e-07
-9.76 3.44137e-07
-9.08 6.95365e-07
-8.4 1.38934e-06
-7.72 2.73965e-06
-7.04 5.31882e-06
-6.36 1.01343e-05
-5.68 1.88706e-05
-5 3.41381e-05
-4.32 5.09959e-05
-3.64 5.88291e-05
-2.96 5.60262e-05
-2.28 4.40603e-05
-1.6 2.70228e-05
-0.92 1.05857e-05
-0.24 8.18419e-07
0.44 3.01182e-06
1.12 2.06583e-05
1.8 5.47164e-05
2.48 0.000103256
3.16 0.000161537
3.84 0.000222523
4.52 0.000277786
5.2 0.000322813
5.88 0.000465536
6.56 0.000892092
7.24 0.00201875
7.92 0.0039547
8.6 0.00674819
9.28 0.0104515
9.96 0.0150348
10.64 0.0203746
11.32 0.026251
12 0.0323547
12.68 0.0383041
13.36 0.0436719
14.04 0.0480202
14.72 0.0509408
15.4 0.0520976
16.08 0.0512678
16.76 0.0483784
17.44 0.0469705
18.12 0.0628122
18.8 0.111465
19.48 0.216701
20.16 0.359414
20.84 0.535666
21.52 0.739481
22.2 0.962095
22.88 1.19234
23.56 1.41727
24.24 1.62295
24.92 1.7955
25.6 1.92206
26.28 1.99196
26.96 1.99769
27.64 1.9358
28.32 1.80748
29 1.61896
29.68 1.67177
30.36 2.41982
31.04 4.51139
31.72 8.0284
32.4 12.4372
33.08 17.5632
33.76 23.1679
34.44 28.9617
35.12 34.6197
35.8 39.8019
36.48 44.1764
37.16 47.4423
37.84 49.3537
38.52 49.74
39.2 48.5233
39.88 45.73
40.56 41.4961
41.24 36.7809
41.92 42.4975
42.6 58.2863
43.28 74.9574
43.96 91.6553
44.64 107.406
45.32 121.24
46 132.258
46.68 139.696
47.36 142.984
48.04 141.794
48.72 136.079
49.4 126.087
50.08 112.365
50.76 95.7389
51.44 77.2692
52.12 58.2662
52.8 53.0076
53.48 61.9298
54.16 70.4926
54.84 77.4745
55.52 82.408
56.2 84.9367
56.88 84.8438
57.56 82.0729
58.24 76.7399
58.92 69.1329
59.6 59.7017
60.28 49.0359
60.96 37.833
61.64 26.8573
62.32 16.894
63 8.69839
63.68 3.77574
64.36 1.65203
65.04 0.722666
65.72 0.316054
66.4 0.138195
67.08 0.0604134
67.76 0.0264049
68.44 0.0115385
69.12 0.0050411
69.8 0.00220201
70.48 0.000961679
71.16 0.000419914
71.84 0.000183321
72.52 8.00174e-05
73.2 3.49206e-05
73.88 1.52371e-05
74.56 6.64739e-06
75.24 2.89953e-06
75.92 1.26454e-06
76.6 5.51401e-07
77.28 2.404e-07
77.96 1.04794e-07
78.64 4.56739e-08
79.32 1.99038e-08
80 8.67244e-09
80.68 3.77819e-09
81.36 1.64575e-09
82.04 7.16776e-10
82.72 3.12136e-10
83.4 1.35908e-10
84.08 5.91682e-11
84.76 2.57558e-11
85.44 1.121e-11
86.12 4.87845e-12
86.8 2.12277e-12
87.48 9.23574e-13
88.16 4.01779e-13
88.84 1.74764e-13
89.52 7.6009e-14
90.2 3.30543e-14
90.88 1.43728e-14
91.56 6.24895e-15
92.24 2.71659e-15
92.92 1.18085e-15
93.6 5.13237e-16
94.28 2.23047e-16
94.96 9.69233e-17
95.64 4.2113e-17
96.32 1.82962e-17
