-39 7.2846e-13
-38.32 1.11304e-12
-37.64 1.70065e-12
-36.96 2.59849e-12
-36.28 3.97032e-12
-35.6 6.06639e-12
-34.92 9.26905e-12
-34.24 1.41625e-11
-33.56 2.16394e-11
-32.88 3.30636e-11
-32.2 5.0519e-11
-31.52 7.71897e-11
-30.84 1.17941e-10
-30.16 1.80206e-10
-29.48 2.75343e-10
-28.8 4.20706e-10
-28.12 6.42812e-10
-27.44 9.82175e-10
-26.76 1.5007e-09
-26.08 2.29297e-09
-25.4 3.50351e-09
-24.72 5.35314e-09
-24.04 8.17924e-09
-23.36 1.24974e-08
-22.68 1.90951e-08
-22 2.91761e-08
-21.32 4.45792e-08
-20.64 6.81142e-08
-19.96 1.04074e-07
-19.28 1.59018e-07
-18.6 2.4297e-07
-17.92 3.71242e-07
-17.24 5.67234e-07
-16.56 8.66696e-07
-15.88 1.32426e-06
-15.2 2.02338e-06
-14.52 3.09159e-06
-13.84 4.72374e-06
-13.16 7.21757e-06
-12.48 1.1028e-05
-11.8 1.685e-05
-11.12 2.57458e-05
-10.44 3.93379e-05
-9.76 6.01057e-05
-9.08 9.18376e-05
-8.4 0.000140322
-7.72 0.000214403
-7.04 0.000327593
-6.36 0.000500541
-5.68 0.000764795
-5 0.00116856
-4.32 0.00165304
-3.64 0.00210715
-2.96 0.00252874
-2.28 0.00291131
-1.6 0.00324896
-0.92 0.00353649
-0.24 0.00376944
0.44 0.00394423
1.12 0.00405816
1.8 0.00410948
2.48 0.00409738
3.16 0.00402206
3.84 0.00388469
4.52 0.00368737
5.2 0.00345519
5.88 0.00366944
6.56 0.00455304
7.24 0.00620587
7.92 0.0079402
8.6 0.00955202
9.28 0.0110164
9.96 0.0123109
10.64 0.0134154
11.32 0.0143129
12 0.0149895
12.68 0.0154349
13.36 0.0156421
14.04 0.0156079
14.72 0.0153329
15.4 0.0148214
16.08 0.0140811
16.76 0.0131236
17.44 0.012427
18.12 0.0138313
18.8 0.0177587
19.48 0.0238969
20.16 0.0297377
20.84 0.0351196
21.52 0.0399596
22.2 0.0441831
22.88 0.0477248
23.56 0.0505301
24.24 0.0525558
24.92 0.0537705
25.6 0.0541555
26.28 0.053705
26.96 0.0524257
27.64 0.0503376
28.32 0.0474727
29 0.0438753
29.68 0.0435637
30.36 0.0512377
31.04 0.068428
31.72 0.0893267
32.4 0.108847
33.08 0.126688
33.76 0.142574
34.44 0.15626
35.12 0.167536
35.8 0.176226
36.48 0.182197
37.16 0.185356
37.84 0.185656
38.52 0.183091
39.2 0.177701
39.88 0.169569
40.56 0.15882
41.24 0.147059
41.92 0.155511
42.6 0.179215
43.28 0.200041
43.96 0.217782
44.64 0.232161
45.32 0.242959
46 0.250008
46.68 0.253199
47.36 0.252483
48.04 0.247871
48.72 0.239435
49.4 0.227304
50.08 0.211667
50.76 0.192763
51.44 0.170884
52.12 0.146455
52.8 0.137891
53.48 0.147149
54.16 0.155022
54.84 0.160503
55.52 0.163507
56.2 0.163988
56.88 0.161939
57.56 0.157391
58.24 0.150414
58.92 0.141117
59.6 0.129642
60.28 0.116167
60.96 0.1009
61.64 0.0840754
62.32 0.0659537
63 0.0468144
63.68 0.0305139
64.36 0.0199707
65.04 0.0130704
65.72 0.00855428
66.4 0.00559859
67.08 0.00366415
67.76 0.00239811
68.44 0.00156951
69.12 0.00102721
69.8 0.000672286
70.48 0.000439996
71.16 0.000287968
71.84 0.000188469
72.52 0.000123349
73.2 8.0729e-05
73.88 5.28354e-05
74.56 3.45796e-05
75.24 2.26316e-05
75.92 1.48119e-05
76.6 9.69405e-06
77.28 6.34454e-06
77.96 4.15236e-06
78.64 2.71763e-06
79.32 1.77863e-06
80 1.16407e-06
80.68 7.61861e-07
81.36 4.98622e-07
82.04 3.26337e-07
82.72 2.1358e-07
83.4 1.39784e-07
84.08 9.14853e-08
84.76 5.98751e-08
85.44 3.9187e-08
86.12 2.5647e-08
86.8 1.67854e-08
87.48 1.09857e-08
88.16 7.18989e-09
88.84 4.70563e-09
89.52 3.07973e-09
90.2 2.01561e-09
90.88 1.31918e-09
91.56 8.63372e-10
92.24 5.65058e-10
92.92 3.69818e-10
93.6 2.42038e-10
94.28 1.58408e-10
94.96 1.03675e-10
95.64 6.78529e-11
96.32 4.44082e-11
