-39 1.24936e-08
-38.32 1.69832e-08
-37.64 2.30717e-08
-36.96 3.13224e-08
-36.28 4.24949e-08
-35.6 5.7612e-08
-34.92 7.80498e-08
-34.24 1.05658e-07
-33.56 1.42919e-07
-32.88 1.93161e-07
-32.2 2.60843e-07
-31.52 3.51925e-07
-30.84 4.7437e-07
-30.16 6.38796e-07
-29.48 8.5934e-07
-28.8 1.1548e-06
-28.12 1.55011e-06
-27.44 2.07831e-06
-26.76 2.78308e-06
-26.08 3.72202e-06
-25.4 4.97098e-06
-24.72 6.62953e-06
-24.04 8.82806e-06
-23.36 1.17369e-05
-22.68 1.55777e-05
-22 2.06383e-05
-21.32 2.72907e-05
-20.64 3.60139e-05
-19.96 4.74223e-05
-19.28 6.22997e-05
-18.6 8.16411e-05
-17.92 0.000106701
-17.24 0.000139053
-16.56 0.000180649
-15.88 0.000233898
-15.2 0.000301734
-14.52 0.000387687
-13.84 0.000495942
-13.16 0.000631366
-12.48 0.000799484
-11.8 0.00100636
-11.12 0.00125838
-10.44 0.00156176
-9.76 0.00192187
-9.08 0.0023421
-8.4 0.0028223
-7.72 0.00335653
-7.04 0.00393018
-6.36 0.00451639
-5.68 0.00507207
-5 0.005534
-4.32 0.0039697
-3.64 0.00118347
-2.96 8.42656e-05
-2.28 1.15823e-09
-1.6 1.43715e-05
-0.92 6.12035e-05
-0.24 1.14353e-05
0.44 4.4657e-05
1.12 0.000152396
1.8 6.65514e-05
2.48 5.39206e-07
3.16 1.69378e-05
3.84 0.000690116
4.52 0.00345538
5.2 0.00666858
5.88 0.0103585
6.56 0.0159604
7.24 0.0233175
7.92 0.018221
8.6 0.00523721
9.28 0.000143877
9.96 4.87517e-05
10.64 0.00563906
11.32 0.0323065
12 0.0631401
12.68 0.0560546
13.36 0.020337
14.04 0.00132136
14.72 3.12592e-06
15.4 0.00595071
16.08 0.0492922
16.76 0.115839
17.44 0.142138
18.12 0.170018
18.8 0.208115
19.48 0.214175
20.16 0.100142
20.84 0.01252
21.52 1.63755e-06
22.2 0.00608515
22.88 0.0925358
23.56 0.28109
24.24 0.356795
24.92 0.205759
25.6 0.0391366
26.28 0.000254689
26.96 0.0025265
27.64 0.0860383
28.32 0.342979
29 0.524114
29.68 0.550137
30.36 0.593925
31.04 0.658305
31.72 0.479678
32.4 0.135198
33.08 0.00472942
33.76 0.000363868
34.44 0.0735547
35.12 0.438331
35.8 0.8499
36.48 0.747921
37.16 0.276877
37.84 0.0211829
38.52 2.53281e-06
39.2 0.0452997
39.88 0.417888
40.56 1.00992
41.24 1.12339
41.92 1.08871
42.6 0.791782
43.28 0.225663
43.96 0.00838009
44.64 0.000461544
45.32 0.109515
46 0.665397
46.68 1.29894
47.36 1.14916
48.04 0.429864
48.72 0.0341682
49.4 1.55221e-06
50.08 0.0627021
50.76 0.596
51.44 1.45508
52.12 1.57121
52.8 1.32733
53.48 0.933874
54.16 0.265036
54.84 0.00984847
55.52 0.000521707
56.2 0.125247
56.88 0.758825
57.56 1.47541
58.24 1.30003
58.92 0.484633
59.6 0.0384985
60.28 1.56284e-06
60.96 0.0689986
61.64 0.655184
62.32 1.59489
63 1.6967
63.68 1.23078
64.36 0.892885
65.04 0.647611
65.72 0.46961
66.4 0.340461
67.08 0.246778
67.76 0.178837
68.44 0.129574
69.12 0.0938632
69.8 0.0679811
70.48 0.0492264
71.16 0.0356392
71.84 0.0257975
72.52 0.0186702
73.2 0.0135097
73.88 0.00977386
74.56 0.0070699
75.24 0.00511315
75.92 0.00369736
76.6 0.00267317
77.28 0.00193238
77.96 0.00139666
78.64 0.00100931
79.32 0.000729275
80 0.00052686
80.68 0.000380571
81.36 0.000274862
82.04 0.000198488
82.72 0.000143315
83.4 0.000103465
84.08 7.46854e-05
84.76 5.3904e-05
85.44 3.89001e-05
86.12 2.80689e-05
86.8 2.0251e-05
87.48 1.46088e-05
88.16 1.05373e-05
88.84 7.59961e-06
89.52 5.48029e-06
90.2 3.95153e-06
90.88 2.84891e-06
91.56 2.05373e-06
92.24 1.48033e-06
92.92 1.06691e-06
93.6 7.68865e-07
94.28 5.54022e-07
94.96 3.99171e-07
95.64 2.87571e-07
96.32 2.07152e-07
