-39 -0.000111775
-38.32 -0.00013032
-37.64 -0.000151894
-36.96 -0.000176981
-36.28 -0.000206143
-35.6 -0.000240025
-34.92 -0.000279374
-34.24 -0.000325051
-33.56 -0.000378046
-32.88 -0.000439501
-32.2 -0.000510728
-31.52 -0.000593233
-30.84 -0.000688745
-30.16 -0.000799247
-29.48 -0.000927006
-28.8 -0.00107461
-28.12 -0.00124503
-27.44 -0.00144164
-26.76 -0.00166826
-26.08 -0.00192925
-25.4 -0.00222957
-24.72 -0.00257479
-24.04 -0.00297121
-23.36 -0.00342591
-22.68 -0.00394686
-22 -0.00454294
-21.32 -0.00522405
-20.64 -0.00600116
-19.96 -0.00688638
-19.28 -0.00789302
-18.6 -0.00903555
-17.92 -0.0103296
-17.24 -0.0117921
-16.56 -0.0134406
-15.88 -0.0152937
-15.2 -0.0173705
-14.52 -0.0196898
-13.84 -0.0222698
-13.16 -0.025127
-12.48 -0.0282751
-11.8 -0.0317232
-11.12 -0.0354736
-10.44 -0.0395191
-9.76 -0.0438391
-9.08 -0.0483953
-8.4 -0.0531254
-7.72 -0.0579356
-7.04 -0.0626911
-6.36 -0.0672041
-5.68 -0.0712185
-5 -0.0743909
-4.32 -0.0630056
-3.64 -0.0344015
-2.96 -0.00917963
-2.28 -3.40328e-05
-1.6 -0.00379097
-0.92 -0.00782326
-0.24 -0.0033816
0.44 0.00668259
1.12 0.0123449
1.8 0.00815791
2.48 0.000734307
3.16 0.00411556
3.84 0.0262701
4.52 0.0587825
5.2 0.0816614
5.88 0.101777
6.56 0.126335
7.24 0.152701
7.92 0.134985
8.6 0.0723686
9.28 0.0119949
9.96 0.00698224
10.64 0.0750937
11.32 0.17974
12 0.251277
12.68 0.236759
13.36 0.142608
14.04 0.0363505
14.72 0.00176803
15.4 0.0771408
16.08 0.222018
16.76 0.340351
17.44 0.377011
18.12 0.412332
18.8 0.456196
19.48 0.46279
20.16 0.316453
20.84 0.111893
21.52 0.00127967
22.2 0.0780074
22.88 0.304197
23.56 0.53018
24.24 0.597323
24.92 0.453607
25.6 0.19783
26.28 0.015959
26.96 0.0502643
27.64 0.293323
28.32 0.585644
29 0.723957
29.68 0.741712
30.36 0.770665
31.04 0.81136
31.72 0.692588
32.4 0.367692
33.08 0.0687708
33.76 0.0190753
34.44 0.27121
35.12 0.662066
35.8 0.9219
36.48 0.864824
37.16 0.526191
37.84 0.145543
38.52 0.00159148
39.2 0.212837
39.88 0.646443
40.56 1.00495
41.24 1.0599
41.92 1.04341
42.6 0.889821
43.28 0.47504
43.96 0.0915428
44.64 0.0214836
45.32 0.33093
46 0.815718
46.68 1.13971
47.36 1.07199
48.04 0.65564
48.72 0.184847
49.4 0.00124588
50.08 0.250404
50.76 0.77201
51.44 1.20627
52.12 1.25348
52.8 1.1521
53.48 0.966371
54.16 0.514816
54.84 0.0992395
55.52 0.0228409
56.2 0.353903
56.88 0.871106
57.56 1.21466
58.24 1.14019
58.92 0.696156
59.6 0.19621
60.28 0.00125014
60.96 0.262676
61.64 0.809434
62.32 1.26289
63 1.30258
63.68 1.10941
64.36 0.944926
65.04 0.804743
65.72 0.685281
66.4 0.58349
67.08 0.496768
67.76 0.422891
68.44 0.359964
69.12 0.306371
69.8 0.260732
70.48 0.22187
71.16 0.188783
71.84 0.160616
72.52 0.136639
73.2 0.116231
73.88 0.0988628
74.56 0.0840827
75.24 0.0715063
75.92 0.060806
76.6 0.0517027
77.28 0.0439588
77.96 0.0373719
78.64 0.0317696
79.32 0.0270051
80 0.0229534
80.68 0.0195082
81.36 0.016579
82.04 0.0140886
82.72 0.0119714
83.4 0.0101718
84.08 0.00864207
84.76 0.00734194
85.44 0.006237
86.12 0.00529801
86.8 0.00450011
87.48 0.00382214
88.16 0.00324612
88.84 0.00275674
89.52 0.002341
90.2 0.00198785
90.88 0.00168787
91.56 0.00143308
92.24 0.00121669
92.92 0.00103291
93.6 0.00087685
94.28 0.000744327
94.96 0.000631799
95.64 0.000536257
96.32 0.000455139
