-39 0.00169293
-38.32 0.00184413
-37.64 0.00200884
-36.96 0.00218825
-36.28 0.00238369
-35.6 0.00259659
-34.92 0.0028285
-34.24 0.00308112
-33.56 0.0033563
-32.88 0.00365607
-32.2 0.0039826
-31.52 0.0043383
-30.84 0.00472576
-30.16 0.00514784
-29.48 0.00560761
-28.8 0.00610844
-28.12 0.006654
-27.44 0.00724829
-26.76 0.00789566
-26.08 0.00860084
-25.4 0.00936901
-24.72 0.0102058
-24.04 0.0111173
-23.36 0.0121102
-22.68 0.0131918
-22 0.01437
-21.32 0.0156534
-20.64 0.0170515
-19.96 0.0185744
-19.28 0.0202334
-18.6 0.0220405
-17.92 0.024009
-17.24 0.0261533
-16.56 0.0284891
-15.88 0.0310336
-15.2 0.0338053
-14.52 0.0368245
-13.84 0.0401134
-13.16 0.0436961
-12.48 0.0475987
-11.8 0.0518499
-11.12 0.0564808
-10.44 0.0615252
-9.76 0.0670202
-9.08 0.073006
-8.4 0.0795264
-7.72 0.0866291
-7.04 0.0943663
-6.36 0.102794
-5.68 0.111975
-5 0.121976
-4.32 0.120767
-3.64 0.0972161
-2.96 0.0556887
-2.28 0.0038635
-1.6 -0.0486761
-0.92 -0.0922147
-0.24 -0.118701
0.44 -0.123238
1.12 -0.104987
1.8 -0.0673214
2.48 -0.0172073
3.16 0.0360887
3.84 0.0827113
4.52 0.114039
5.2 0.125316
5.88 0.131564
6.56 0.138774
7.24 0.145228
7.92 0.130551
8.6 0.091733
9.28 0.0359521
9.96 -0.0264769
10.64 -0.08401
11.32 -0.126008
12 -0.144706
12.68 -0.136645
13.36 -0.103316
14.04 -0.0508829
14.72 0.0109595
15.4 0.0707753
16.08 0.117504
16.76 0.142504
17.44 0.147029
18.12 0.15085
18.8 0.155775
19.48 0.154134
20.16 0.125288
20.84 0.0732744
21.52 0.0077113
22.2 -0.0592777
22.88 -0.115305
23.56 -0.150011
24.24 -0.156978
24.92 -0.134917
25.6 -0.0879075
26.28 -0.0246428
26.96 0.0431787
27.64 0.103016
28.32 0.143804
29 0.158
29.68 0.158083
30.36 0.159324
31.04 0.161676
31.72 0.147765
32.4 0.106529
33.08 0.0455952
33.76 -0.0237703
34.44 -0.0887403
35.12 -0.137301
35.8 -0.160472
36.48 -0.15397
37.16 -0.118996
37.84 -0.0620184
38.52 0.00642773
39.2 0.0736853
39.88 0.127317
40.56 0.157406
41.24 0.160315
41.92 0.157767
42.6 0.144526
43.28 0.104766
43.96 0.0456335
44.64 -0.0219377
45.32 -0.0854522
46 -0.133165
46.68 -0.156254
47.36 -0.150449
48.04 -0.116824
48.72 -0.0615959
49.4 0.00502197
50.08 0.0707112
50.76 0.123325
51.44 0.153134
52.12 0.15508
52.8 0.147716
53.48 0.134424
54.16 0.097496
54.84 0.0425396
55.52 -0.020283
56.2 -0.079355
56.88 -0.123753
57.56 -0.145267
58.24 -0.139919
58.92 -0.108698
59.6 -0.057377
60.28 0.00455399
60.96 0.0656429
61.64 0.114593
62.32 0.142354
63 0.143791
63.68 0.131991
64.36 0.121169
65.04 0.111234
65.72 0.102114
66.4 0.0937417
67.08 0.0860558
67.76 0.0790001
68.44 0.0725228
69.12 0.0665767
69.8 0.061118
70.48 0.0561069
71.16 0.0515067
71.84 0.0472837
72.52 0.0434069
73.2 0.0398479
73.88 0.0365808
74.56 0.0335815
75.24 0.0308282
75.92 0.0283006
76.6 0.0259802
77.28 0.0238501
77.96 0.0218946
78.64 0.0200994
79.32 0.0184515
80 0.0169386
80.68 0.0155498
81.36 0.0142749
82.04 0.0131045
82.72 0.0120301
83.4 0.0110437
84.08 0.0101382
84.76 0.009307
85.44 0.00854392
86.12 0.0078434
86.8 0.00720032
87.48 0.00660996
88.16 0.00606801
88.84 0.00557049
89.52 0.00511377
90.2 0.00469449
90.88 0.00430959
91.56 0.00395624
92.24 0.00363187
92.92 0.00333409
93.6 0.00306073
94.28 0.00280978
94.96 0.0025794
95.64 0.00236792
96.32 0.00217377
