-39 0.00435922
-38.32 0.00499385
-37.64 0.00571728
-36.96 0.00654123
-36.28 0.00747886
-35.6 0.00854489
-34.92 0.00975574
-34.24 0.0111297
-33.56 0.0126872
-32.88 0.0144508
-32.2 0.0164454
-31.52 0.0186987
-30.84 0.0212409
-30.16 0.0241053
-29.48 0.0273281
-28.8 0.0309489
-28.12 0.0350103
-27.44 0.0395585
-26.76 0.0446425
-26.08 0.050315
-25.4 0.0566311
-24.72 0.0636487
-24.04 0.0714278
-23.36 0.0800294
-22.68 0.0895149
-22 0.0999447
-21.32 0.111377
-20.64 0.123864
-19.96 0.137452
-19.28 0.152177
-18.6 0.168061
-17.92 0.185107
-17.24 0.203295
-16.56 0.222576
-15.88 0.242865
-15.2 0.264031
-14.52 0.285895
-13.84 0.308213
-13.16 0.330671
-12.48 0.352874
-11.8 0.374334
-11.12 0.394467
-10.44 0.412579
-9.76 0.42787
-9.08 0.439429
-8.4 0.446253
-7.72 0.447263
-7.04 0.441346
-6.36 0.427418
-5.68 0.404521
-5 0.371954
-4.32 0.272184
-3.64 0.125222
-2.96 0.0271717
-2.28 7.75948e-05
-1.6 0.00606556
-0.92 0.0071974
-0.24 0.000811585
0.44 0.00294034
1.12 0.0138263
1.8 0.0146842
2.48 0.00182108
3.16 0.0130052
3.84 0.100877
4.52 0.265697
5.2 0.424639
5.88 0.598447
6.56 0.828755
7.24 1.10555
7.92 1.06908
8.6 0.62237
9.28 0.111313
9.96 0.0695431
10.64 0.798997
11.32 2.03466
12 3.01532
12.68 3.0021
13.36 1.90524
14.04 0.510361
14.72 0.0260254
15.4 1.18797
16.08 3.57006
16.76 5.70428
17.44 6.57508
18.12 7.47145
18.8 8.57648
19.48 9.01516
20.16 6.37968
20.84 2.33184
21.52 0.0275385
22.2 1.73176
22.88 6.96003
23.56 12.491
24.24 14.4791
24.92 11.3039
25.6 5.06444
26.28 0.419402
26.96 1.35513
27.64 8.10745
28.32 16.5854
29 20.9948
29.68 22.014
30.36 23.3974
31.04 25.1846
31.72 21.9689
32.4 11.9132
33.08 2.27494
33.76 0.643983
34.44 9.34046
35.12 23.2518
35.8 33.004
36.48 31.5488
37.16 19.5533
37.84 5.50736
38.52 0.0613039
39.2 8.34322
39.88 25.7801
40.56 40.7606
41.24 43.7103
41.92 43.7399
42.6 37.9064
43.28 20.5597
43.96 4.02422
44.64 0.959026
45.32 14.9978
46 37.523
46.68 53.2016
47.36 50.7695
48.04 31.497
48.72 9.00572
49.4 0.0615463
50.08 12.5402
50.76 39.1872
51.44 62.0504
52.12 65.3314
52.8 60.8309
53.48 51.6815
54.16 27.8824
54.84 5.44229
55.52 1.26813
56.2 19.8894
56.88 49.5485
57.56 69.916
58.24 66.4045
58.92 41.0175
59.6 11.6941
60.28 0.0753583
60.96 16.0127
61.64 49.8935
62.32 78.7033
63 82.0622
63.68 70.6469
64.36 60.8154
65.04 52.3405
65.72 45.0367
66.4 38.7438
67.08 33.3232
67.76 28.6551
68.44 24.636
69.12 21.1764
69.8 18.1991
70.48 15.6374
71.16 13.4338
71.84 11.5386
72.52 9.90906
73.2 8.50812
73.88 7.30399
74.56 6.26921
75.24 5.38013
75.92 4.61639
76.6 3.96043
77.28 3.39714
77.96 2.91352
78.64 2.49836
79.32 2.14204
80 1.83627
80.68 1.57392
81.36 1.34887
82.04 1.15583
82.72 0.990277
83.4 0.848326
84.08 0.726625
84.76 0.622302
85.44 0.532889
86.12 0.456265
86.8 0.39061
87.48 0.334361
88.16 0.286178
88.84 0.244909
89.52 0.209567
90.2 0.179304
90.88 0.153394
91.56 0.131213
92.24 0.112227
92.92 0.0959783
93.6 0.0820731
94.28 0.0701751
94.96 0.0599957
95.64 0.0512876
96.32 0.043839
