-39 0.00358571
-38.32 0.00388002
-37.64 0.00419585
-36.96 0.00453441
-36.28 0.00489698
-35.6 0.00528483
-34.92 0.00569923
-34.24 0.00614147
-33.56 0.00661281
-32.88 0.00711447
-32.2 0.00764764
-31.52 0.00821344
-30.84 0.00881289
-30.16 0.0094469
-29.48 0.0101162
-28.8 0.0108215
-28.12 0.0115629
-27.44 0.0123408
-26.76 0.0131548
-26.08 0.0140044
-25.4 0.0148886
-24.72 0.0158059
-24.04 0.0167544
-23.36 0.0177313
-22.68 0.0187335
-22 0.0197567
-21.32 0.0207961
-20.64 0.0218456
-19.96 0.0228982
-19.28 0.0239459
-18.6 0.0249793
-17.92 0.0259877
-17.24 0.0269589
-16.56 0.0278796
-15.88 0.0287345
-15.2 0.0295071
-14.52 0.0301793
-13.84 0.0307316
-13.16 0.0311431
-12.48 0.0313918
-11.8 0.0314549
-11.12 0.0313091
-10.44 0.0309313
-9.76 0.0302994
-9.08 0.029393
-8.4 0.0281947
-7.72 0.0266919
-7.04 0.0248787
-6.36 0.022758
-5.68 0.0203448
-5 0.0176699
-4.32 0.00956256
-3.64 0.00186949
-2.96 4.1613e-05
-2.28 1.88783e-06
-1.6 0.000176217
-0.92 0.000327077
-0.24 4.01813e-05
0.44 0.000108192
1.12 0.000223916
1.8 3.03461e-05
2.48 3.57228e-07
3.16 0.000483124
3.84 0.00494584
4.52 0.0138579
5.2 0.0165231
5.88 0.015012
6.56 0.0129052
7.24 0.00976031
7.92 0.00315523
8.6 0.000117655
9.28 1.37193e-05
9.96 0.00261459
10.64 0.0163487
11.32 0.0329517
12 0.0292955
12.68 0.0102651
13.36 0.00056904
14.04 5.55659e-06
14.72 0.00403535
15.4 0.0297902
16.08 0.0647517
16.76 0.0615638
17.44 0.0274833
18.12 0.00882689
18.8 0.00166303
19.48 4.81673e-05
20.16 7.77624e-06
20.84 0.00112843
21.52 0.00635307
22.2 0.0117874
22.88 0.00971433
23.56 0.00314396
24.24 0.000153479
24.92 2.41023e-06
25.6 0.0012129
26.28 0.00826817
26.96 0.0169703
27.64 0.0153133
28.32 0.00564846
29 0.000400467
29.68 9.51073e-08
30.36 0.000991456
31.04 0.0139372
31.72 0.0468984
32.4 0.0623365
33.08 0.0368052
33.76 0.00710241
34.44 4.84759e-05
35.12 0.0004262
35.8 0.0145766
36.48 0.056711
37.16 0.0830722
37.84 0.0543812
38.52 0.0125473
39.2 0.000201805
39.88 0.000229599
40.56 0.0142958
41.24 0.0688503
41.92 0.188429
42.6 0.316765
43.28 0.234386
43.96 0.0657114
44.64 0.00218498
45.32 0.000207655
46 0.0368801
46.68 0.209648
47.36 0.385892
48.04 0.315339
48.72 0.10234
49.4 0.00533554
50.08 4.35437e-05
50.76 0.0316808
51.44 0.221298
52.12 0.459993
52.8 0.666595
53.48 0.760702
54.16 0.386435
54.84 0.0573367
55.52 7.25703e-05
56.2 0.0114901
56.88 0.225612
57.56 0.724812
58.24 0.927632
58.92 0.526783
59.6 0.0962898
60.28 0.000528242
60.96 0.00684262
61.64 0.209351
62.32 0.778869
63 1.10223
63.68 1.00225
64.36 0.913411
65.04 0.832258
65.72 0.75815
66.4 0.690493
67.08 0.628742
67.76 0.572395
68.44 0.520994
69.12 0.474114
69.8 0.431369
70.48 0.392404
71.16 0.356892
71.84 0.324534
72.52 0.295057
73.2 0.268211
73.88 0.243765
74.56 0.221509
75.24 0.201252
75.92 0.182818
76.6 0.166045
77.28 0.150788
77.96 0.136911
78.64 0.124293
79.32 0.11282
80 0.102392
80.68 0.0929136
81.36 0.084301
82.04 0.076476
82.72 0.0693678
83.4 0.0629118
84.08 0.057049
84.76 0.0517259
85.44 0.0468934
86.12 0.042507
86.8 0.0385261
87.48 0.0349137
88.16 0.0316362
88.84 0.028663
89.52 0.0259661
90.2 0.0235203
90.88 0.0213025
91.56 0.0192916
92.24 0.0174686
92.92 0.0158162
93.6 0.0143185
94.28 0.0129613
94.96 0.0117315
95.64 0.0106173
96.32 0.00960795
