-39 2.33535
-38.32 2.38695
-37.64 2.43814
-36.96 2.48881
-36.28 2.53882
-35.6 2.58801
-34.92 2.63623
-34.24 2.6833
-33.56 2.72907
-32.88 2.77334
-32.2 2.81592
-31.52 2.8566
-30.84 2.89517
-30.16 2.93141
-29.48 2.96508
-28.8 2.99595
-28.12 3.02377
-27.44 3.04828
-26.76 3.06922
-26.08 3.08631
-25.4 3.09927
-24.72 3.10784
-24.04 3.11171
-23.36 3.1106
-22.68 3.10422
-22 3.09229
-21.32 3.07452
-20.64 3.05064
-19.96 3.02038
-19.28 2.98348
-18.6 2.9397
-17.92 2.88883
-17.24 2.83067
-16.56 2.76505
-15.88 2.69186
-15.2 2.611
-14.52 2.52244
-13.84 2.42621
-13.16 2.3224
-12.48 2.21117
-11.8 2.09279
-11.12 1.96761
-10.44 1.83612
-9.76 1.6989
-9.08 1.55671
-8.4 1.41047
-7.72 1.26127
-7.04 1.11042
-6.36 0.959454
-5.68 0.810168
-5 0.66464
-4.32 0.422446
-3.64 0.157385
-2.96 0.0190944
-2.28 0.00313268
-1.6 0.0212395
-0.92 0.0166385
-0.24 0.00152133
0.44 0.00457668
1.12 0.0167595
1.8 0.00991571
2.48 0.00148226
3.16 0.069457
3.84 0.270054
4.52 0.532093
5.2 0.66842
5.88 0.720437
6.56 0.745224
7.24 0.715271
7.92 0.444878
8.6 0.0932834
9.28 0.0343727
9.96 0.509285
10.64 1.36045
11.32 2.05487
12 2.05391
12.68 1.2847
13.36 0.318697
14.04 0.0330957
14.72 0.93508
15.4 2.65802
16.08 4.09177
16.76 4.1585
17.44 2.89122
18.12 1.7024
18.8 0.76667
19.48 0.135196
20.16 0.056218
20.84 0.70006
21.52 1.71528
22.2 2.41025
22.88 2.25508
23.56 1.32103
24.24 0.300302
24.92 0.0386881
25.6 0.891564
26.28 2.38963
26.96 3.51208
27.64 3.42036
28.32 2.12842
29 0.580339
29.68 0.00915316
30.36 0.955957
31.04 3.66446
31.72 6.8693
32.4 8.0894
33.08 6.34629
33.76 2.84515
34.44 0.239787
35.12 0.725039
35.8 4.32226
36.48 8.68737
37.16 10.7104
37.84 8.82421
38.52 4.31481
39.2 0.556868
39.88 0.604283
40.56 4.84956
41.24 10.8211
41.92 18.1968
42.6 23.9761
43.28 20.9533
43.96 11.2688
44.64 2.08664
45.32 0.653072
46 8.83393
46.68 21.3735
47.36 29.4201
48.04 26.9769
48.72 15.5858
49.4 3.60841
50.08 0.330466
50.76 9.03482
51.44 24.1986
52.12 35.3493
52.8 43.1087
53.48 46.6443
54.16 33.668
54.84 13.1315
55.52 0.472965
56.2 6.0242
56.88 27.0172
57.56 49.0042
58.24 56.0931
58.92 42.764
59.6 18.4942
60.28 1.38545
60.96 5.04262
61.64 28.2033
62.32 54.9996
63 66.142
63.68 63.7517
64.36 61.5105
65.04 59.3348
65.72 57.2236
66.4 55.1757
67.08 53.1899
67.76 51.2651
68.44 49.3999
69.12 47.5932
69.8 45.8437
70.48 44.1502
71.16 42.5113
71.84 40.9257
72.52 39.3923
73.2 37.9096
73.88 36.4764
74.56 35.0915
75.24 33.7535
75.92 32.4613
76.6 31.2135
77.28 30.0089
77.96 28.8464
78.64 27.7247
79.32 26.6426
80 25.599
80.68 24.5927
81.36 23.6226
82.04 22.6876
82.72 21.7866
83.4 20.9186
84.08 20.0825
84.76 19.2772
85.44 18.5019
86.12 17.7555
86.8 17.0372
87.48 16.3458
88.16 15.6806
88.84 15.0407
89.52 14.4253
90.2 13.8334
90.88 13.2643
91.56 12.7172
92.24 12.1913
92.92 11.6858
93.6 11.2002
94.28 10.7336
94.96 10.2853
95.64 9.85477
96.32 9.4413
