-39 -0.0598808
-38.32 -0.0622898
-37.64 -0.0647754
-36.96 -0.0673381
-36.28 -0.0699785
-35.6 -0.0726968
-34.92 -0.0754933
-34.24 -0.0783675
-33.56 -0.0813192
-32.88 -0.0843473
-32.2 -0.0874508
-31.52 -0.090628
-30.84 -0.093877
-30.16 -0.0971952
-29.48 -0.100579
-28.8 -0.104026
-28.12 -0.107531
-27.44 -0.111089
-26.76 -0.114694
-26.08 -0.11834
-25.4 -0.122019
-24.72 -0.125721
-24.04 -0.129439
-23.36 -0.133159
-22.68 -0.13687
-22 -0.140559
-21.32 -0.144208
-20.64 -0.147802
-19.96 -0.151322
-19.28 -0.154745
-18.6 -0.158048
-17.92 -0.161207
-17.24 -0.164192
-16.56 -0.166972
-15.88 -0.169512
-15.2 -0.171776
-14.52 -0.173722
-13.84 -0.175304
-13.16 -0.176474
-12.48 -0.177177
-11.8 -0.177355
-11.12 -0.176944
-10.44 -0.175873
-9.76 -0.174067
-9.08 -0.171444
-8.4 -0.167913
-7.72 -0.163377
-7.04 -0.15773
-6.36 -0.150857
-5.68 -0.142635
-5 -0.132928
-4.32 -0.0977883
-3.64 -0.0432376
-2.96 -0.00645081
-2.28 -0.00137398
-1.6 -0.0132747
-0.92 -0.0180853
-0.24 -0.00633887
0.44 0.0104016
1.12 0.0149638
1.8 0.00550873
2.48 0.000597686
3.16 0.0219801
3.84 0.0703267
4.52 0.11772
5.2 0.128542
5.88 0.122523
6.56 0.113601
7.24 0.0987943
7.92 0.0561714
8.6 0.0108469
9.28 0.00370396
9.96 0.051133
10.64 0.127862
11.32 0.181526
12 0.171159
12.68 0.101317
13.36 0.0238546
14.04 0.00235724
14.72 0.0635244
15.4 0.172598
16.08 0.254464
16.76 0.248121
17.44 0.165781
18.12 0.0939515
18.8 0.0407803
19.48 0.00694027
20.16 0.00278859
20.84 0.0335921
21.52 0.0797062
22.2 0.10857
22.88 0.0985613
23.56 0.056071
24.24 0.0123887
24.92 0.00155249
25.6 0.0348267
26.28 0.0909295
26.96 0.13027
27.64 0.123747
28.32 0.0751562
29 0.0200117
29.68 0.000308395
30.36 0.0314874
31.04 0.118056
31.72 0.21656
32.4 0.249673
33.08 0.191847
33.76 0.0842758
34.44 0.00696246
35.12 0.0206446
35.8 0.120734
36.48 0.238141
37.16 0.288223
37.84 0.233198
38.52 0.112015
39.2 0.0142058
39.88 0.0151525
40.56 0.119565
41.24 0.262393
41.92 0.434084
42.6 0.562819
43.28 0.484134
43.96 0.256342
44.64 0.0467438
45.32 0.0144102
46 0.192042
46.68 0.457873
47.36 0.621202
48.04 0.561551
48.72 0.319906
49.4 0.0730448
50.08 0.00659877
50.76 0.177991
51.44 0.470423
52.12 0.678228
52.8 0.816452
53.48 0.872183
54.16 0.621639
54.84 0.239451
55.52 0.00851882
56.2 0.107192
56.88 0.474987
57.56 0.851359
58.24 0.963137
58.92 0.725798
59.6 0.310306
60.28 0.0229835
60.96 0.0827201
61.64 0.457549
62.32 0.882535
63 1.04987
63.68 1.00113
64.36 0.955725
65.04 0.912282
65.72 0.870718
66.4 0.830959
67.08 0.792932
67.76 0.756568
68.44 0.721799
69.12 0.68856
69.8 0.656787
70.48 0.626422
71.16 0.597404
71.84 0.569679
72.52 0.543192
73.2 0.517891
73.88 0.493725
74.56 0.470648
75.24 0.448611
75.92 0.427572
76.6 0.407487
77.28 0.388314
77.96 0.370015
78.64 0.352552
79.32 0.335887
80 0.319987
80.68 0.304817
81.36 0.290346
82.04 0.276543
82.72 0.263378
83.4 0.250822
84.08 0.238849
84.76 0.227433
85.44 0.216549
86.12 0.206172
86.8 0.196281
87.48 0.186852
88.16 0.177866
88.84 0.169301
89.52 0.16114
90.2 0.153363
90.88 0.145954
91.56 0.138894
92.24 0.132169
92.92 0.125762
93.6 0.11966
94.28 0.113848
94.96 0.108312
95.64 0.10304
96.32 0.0980202
