-39 -0.0391843
-38.32 -0.0403177
-37.64 -0.0414839
-36.96 -0.0426839
-36.28 -0.0439186
-35.6 -0.045189
-34.92 -0.0464962
-34.24 -0.0478411
-33.56 -0.049225
-32.88 -0.0506489
-32.2 -0.0521139
-31.52 -0.0536214
-30.84 -0.0551725
-30.16 -0.0567684
-29.48 -0.0584105
-28.8 -0.0601001
-28.12 -0.0618386
-27.44 -0.0636273
-26.76 -0.0654678
-26.08 -0.0673615
-25.4 -0.0693101
-24.72 -0.0713149
-24.04 -0.0733778
-23.36 -0.0755004
-22.68 -0.0776843
-22 -0.0799314
-21.32 -0.0822435
-20.64 -0.0846225
-19.96 -0.0870703
-19.28 -0.0895889
-18.6 -0.0921804
-17.92 -0.0948468
-17.24 -0.0975904
-16.56 -0.100413
-15.88 -0.103318
-15.2 -0.106306
-14.52 -0.109382
-13.84 -0.112546
-13.16 -0.115801
-12.48 -0.119151
-11.8 -0.122597
-11.12 -0.126144
-10.44 -0.129792
-9.76 -0.133547
-9.08 -0.13741
-8.4 -0.141385
-7.72 -0.145474
-7.04 -0.149682
-6.36 -0.154012
-5.68 -0.158467
-5 -0.163051
-4.32 -0.150453
-3.64 -0.108988
-2.96 -0.0466833
-2.28 0.0245484
-1.6 0.0910861
-0.92 0.140207
-0.24 0.162518
0.44 0.153753
1.12 0.115588
1.8 0.0553209
2.48 -0.0155242
3.16 -0.083401
3.84 -0.13533
4.52 -0.161382
5.2 -0.157225
5.88 -0.144351
6.56 -0.131595
7.24 -0.116814
7.92 -0.0842161
8.6 -0.0355143
9.28 0.0199783
9.96 0.0716508
10.64 0.109623
11.32 0.126633
12 0.119429
12.68 0.0893884
13.36 0.0422554
14.04 -0.0129574
14.72 -0.0656926
15.4 -0.105866
16.08 -0.125797
16.76 -0.121673
17.44 -0.0974976
18.12 -0.0720067
18.8 -0.0465743
19.48 -0.0188753
20.16 0.0117611
20.84 0.0401486
21.52 0.060859
22.2 0.0699323
22.88 0.0656334
23.56 0.0487845
24.24 0.0226072
24.92 -0.00789297
25.6 -0.0368839
26.28 -0.058822
26.96 -0.0695124
27.64 -0.0669111
28.32 -0.0515153
29 -0.0262689
29.68 0.00322345
30.36 0.0322046
31.04 0.0616713
31.72 0.0826272
32.4 0.0877835
33.08 0.0761543
33.76 0.0499632
34.44 0.0142184
35.12 -0.0242452
35.8 -0.0580728
36.48 -0.0807959
37.16 -0.0880696
37.84 -0.0785031
38.52 -0.0539256
39.2 -0.0190366
39.88 0.0194924
40.56 0.0542942
41.24 0.0797659
41.92 0.10176
42.6 0.114942
43.28 0.105764
43.96 0.0763627
44.64 0.0323594
45.32 -0.0178316
46 -0.0646129
46.68 -0.0990392
47.36 -0.114528
48.04 -0.108117
48.72 -0.0810322
49.4 -0.0384531
50.08 0.0114789
50.76 0.0592159
51.44 0.0956299
52.12 0.114074
52.8 0.124351
53.48 0.127705
54.16 0.107135
54.84 0.0660784
55.52 0.012387
56.2 -0.043673
56.88 -0.0913821
57.56 -0.121617
58.24 -0.128598
58.92 -0.110988
59.6 -0.0721559
60.28 -0.0195264
60.96 0.0368369
61.64 0.0861564
62.32 0.119001
63 0.129092
63.68 0.125384
64.36 0.121859
65.04 0.118433
65.72 0.115104
66.4 0.111868
67.08 0.108723
67.76 0.105667
68.44 0.102696
69.12 0.0998088
69.8 0.0970029
70.48 0.0942758
71.16 0.0916255
71.84 0.0890496
72.52 0.0865461
73.2 0.0841131
73.88 0.0817484
74.56 0.0794502
75.24 0.0772166
75.92 0.0750458
76.6 0.0729361
77.28 0.0708856
77.96 0.0688928
78.64 0.066956
79.32 0.0650737
80 0.0632443
80.68 0.0614663
81.36 0.0597383
82.04 0.0580588
82.72 0.0564266
83.4 0.0548403
84.08 0.0532986
84.76 0.0518002
85.44 0.0503439
86.12 0.0489286
86.8 0.0475531
87.48 0.0462162
88.16 0.044917
88.84 0.0436542
89.52 0.042427
90.2 0.0412342
90.88 0.040075
91.56 0.0389484
92.24 0.0378534
92.92 0.0367892
93.6 0.035755
94.28 0.0347498
94.96 0.0337729
95.64 0.0328234
96.32 0.0319006
