-39 -5.01642e-20
-38.32 -1.13745e-19
-37.64 -2.5783e-19
-36.96 -5.84242e-19
-36.28 -1.32344e-18
-35.6 -2.99685e-18
-34.92 -6.78369e-18
-34.24 -1.53498e-17
-33.56 -3.47191e-17
-32.88 -7.84973e-17
-32.2 -1.77401e-16
-31.52 -4.00741e-16
-30.84 -9.04833e-16
-30.16 -2.04203e-15
-29.48 -4.60612e-15
-28.8 -1.03843e-14
-28.12 -2.33979e-14
-27.44 -5.26894e-14
-26.76 -1.18578e-13
-26.08 -2.66686e-13
-25.4 -5.99383e-13
-24.72 -1.34616e-12
-24.04 -3.02106e-12
-23.36 -6.77446e-12
-22.68 -1.51782e-11
-22 -3.39765e-11
-21.32 -7.59836e-11
-20.64 -1.69754e-10
-19.96 -3.78833e-10
-19.28 -8.44444e-10
-18.6 -1.87998e-09
-17.92 -4.1798e-09
-17.24 -9.27966e-09
-16.56 -2.05699e-08
-15.88 -4.55197e-08
-15.2 -1.00547e-07
-14.52 -2.21651e-07
-13.84 -4.87547e-07
-13.16 -1.06983e-06
-12.48 -2.34126e-06
-11.8 -5.1085e-06
-11.12 -1.11095e-05
-10.44 -2.40694e-05
-9.76 -5.19269e-05
-9.08 -0.000111482
-8.4 -0.000237999
-7.72 -0.000504767
-7.04 -0.00106224
-6.36 -0.00221455
-5.68 -0.00456408
-5 -0.00927154
-4.32 -0.0158315
-3.64 -0.021333
-2.96 -0.0245226
-2.28 -0.024489
-1.6 -0.0208492
-0.92 -0.013772
-0.24 -0.00393615
0.44 0.0075717
1.12 0.0194069
1.8 0.0301476
2.48 0.0384853
3.16 0.0434053
3.84 0.0443341
4.52 0.0412389
5.2 0.0349879
5.88 0.0362767
6.56 0.0519602
7.24 0.0942107
7.92 0.155431
8.6 0.229234
9.28 0.311202
9.96 0.395495
10.64 0.475366
11.32 0.543815
12 0.594308
12.68 0.621492
13.36 0.621845
14.04 0.594175
14.72 0.539921
15.4 0.463213
16.08 0.370662
16.76 0.270912
17.44 0.187384
18.12 0.17116
18.8 0.219141
19.48 0.338531
20.16 0.474675
20.84 0.616166
21.52 0.752239
22.2 0.871943
22.88 0.965116
23.56 1.02334
24.24 1.04079
24.92 1.0149
25.6 0.946739
26.28 0.841135
26.96 0.706405
27.64 0.553817
28.32 0.396737
29 0.249562
29.68 0.156665
30.36 0.13132
31.04 0.15481
31.72 0.199872
32.4 0.242574
33.08 0.279488
33.76 0.307533
34.44 0.324258
35.12 0.328072
35.8 0.318413
36.48 0.295837
37.16 0.262011
37.84 0.219612
38.52 0.172134
39.2 0.123626
39.88 0.0783627
40.56 0.0404971
41.24 0.0137655
41.92 0.00217833
42.6 0.000374499
43.28 0.00725272
43.96 0.0225776
44.64 0.0454835
45.32 0.0744458
46 0.107389
46.68 0.141843
47.36 0.17514
48.04 0.204631
48.72 0.227905
49.4 0.243002
50.08 0.248586
50.76 0.244071
51.44 0.229696
52.12 0.206983
52.8 0.228637
53.48 0.313985
54.16 0.402367
54.84 0.484708
55.52 0.554386
56.2 0.605659
56.88 0.634166
57.56 0.637322
58.24 0.614572
58.92 0.567485
59.6 0.499677
60.28 0.416556
60.96 0.324916
61.64 0.232405
62.32 0.146917
63 0.0759396
63.68 0.0329164
64.36 0.0144161
65.04 0.00631299
65.72 0.00276424
66.4 0.00121023
67.08 0.000529806
67.76 0.00023191
68.44 0.000101503
69.12 4.44218e-05
69.8 1.94389e-05
70.48 8.50558e-06
71.16 3.72132e-06
71.84 1.62799e-06
72.52 7.12139e-07
73.2 3.11488e-07
73.88 1.36232e-07
74.56 5.95774e-08
75.24 2.60524e-08
75.92 1.13914e-08
76.6 4.98051e-09
77.28 2.17738e-09
77.96 9.51837e-10
78.64 4.16061e-10
79.32 1.81853e-10
80 7.94785e-11
80.68 3.47335e-11
81.36 1.51781e-11
82.04 6.63215e-12
82.72 2.89776e-12
83.4 1.26602e-12
84.08 5.53083e-13
84.76 2.41608e-13
85.44 1.05537e-13
86.12 4.60967e-14
86.8 2.0133e-14
87.48 8.79267e-15
88.16 3.83978e-15
88.84 1.67674e-15
89.52 7.32152e-16
90.2 3.19676e-16
90.88 1.39571e-16
91.56 6.09334e-17
92.24 2.66006e-17
92.92 1.16119e-17
93.6 5.06868e-18
94.28 2.21239e-18
94.96 9.65618e-19
95.64 4.21432e-19
96.32 1.83919e-19
