-39 2.51645e-39
-38.32 1.29379e-38
-37.64 6.64762e-38
-36.96 3.41338e-37
-36.28 1.7515e-36
-35.6 8.9811e-36
-34.92 4.60185e-35
-34.24 2.35616e-34
-33.56 1.20541e-33
-32.88 6.16183e-33
-32.2 3.14711e-32
-31.52 1.60593e-31
-30.84 8.18723e-31
-30.16 4.16989e-30
-29.48 2.12164e-29
-28.8 1.07834e-28
-28.12 5.47463e-28
-27.44 2.77617e-27
-26.76 1.40606e-26
-26.08 7.11217e-26
-25.4 3.5926e-25
-24.72 1.81214e-24
-24.04 9.12679e-24
-23.36 4.58933e-23
-22.68 2.30379e-22
-22 1.1544e-21
-21.32 5.77351e-21
-20.64 2.88163e-20
-19.96 1.43514e-19
-19.28 7.13086e-19
-18.6 3.53433e-18
-17.92 1.74708e-17
-17.24 8.61122e-17
-16.56 4.23121e-16
-15.88 2.07204e-15
-15.2 1.01097e-14
-14.52 4.91292e-14
-13.84 2.37702e-13
-13.16 1.14453e-12
-12.48 5.48148e-12
-11.8 2.60968e-11
-11.12 1.2342e-10
-10.44 5.79338e-10
-9.76 2.6964e-09
-9.08 1.24283e-08
-8.4 5.66437e-08
-7.72 2.5479e-07
-7.04 1.12836e-06
-6.36 4.90422e-06
-5.68 2.08308e-05
-5 8.59614e-05
-4.32 0.000250635
-3.64 0.000455095
-2.96 0.000601358
-2.28 0.000599713
-1.6 0.00043469
-0.92 0.000189668
-0.24 1.54933e-05
0.44 5.73306e-05
1.12 0.000376629
1.8 0.000908877
2.48 0.00148112
3.16 0.00188402
3.84 0.00196551
4.52 0.00170064
5.2 0.00122415
5.88 0.001316
6.56 0.00269986
7.24 0.00887565
7.92 0.0241588
8.6 0.0525482
9.28 0.0968468
9.96 0.156416
10.64 0.225973
11.32 0.295735
12 0.353202
12.68 0.386252
13.36 0.386691
14.04 0.353044
14.72 0.291515
15.4 0.214566
16.08 0.13739
16.76 0.0733934
17.44 0.0351129
18.12 0.0292958
18.8 0.0480228
19.48 0.114603
20.16 0.225317
20.84 0.37966
21.52 0.565864
22.2 0.760285
22.88 0.931448
23.56 1.04722
24.24 1.08324
24.92 1.03002
25.6 0.896315
26.28 0.707507
26.96 0.499008
27.64 0.306714
28.32 0.1574
29 0.0622814
29.68 0.024544
30.36 0.0172449
31.04 0.0239661
31.72 0.0399487
32.4 0.0588422
33.08 0.0781133
33.76 0.0945766
34.44 0.105143
35.12 0.107631
35.8 0.101387
36.48 0.0875197
37.16 0.0686499
37.84 0.0482293
38.52 0.0296301
39.2 0.0152833
39.88 0.00614071
40.56 0.00164002
41.24 0.000189489
41.92 4.74512e-06
42.6 1.40249e-07
43.28 5.26019e-05
43.96 0.000509746
44.64 0.00206875
45.32 0.00554218
46 0.0115324
46.68 0.0201195
47.36 0.0306741
48.04 0.0418737
48.72 0.0519407
49.4 0.0590501
50.08 0.0617948
50.76 0.0595706
51.44 0.0527601
52.12 0.0428419
52.8 0.0522749
53.48 0.0985864
54.16 0.161899
54.84 0.234942
55.52 0.307344
56.2 0.366822
56.88 0.402167
57.56 0.406179
58.24 0.377698
58.92 0.322039
59.6 0.249678
60.28 0.173519
60.96 0.10557
61.64 0.0540122
62.32 0.0215846
63 0.00576682
63.68 0.00108349
64.36 0.000207824
65.04 3.98538e-05
65.72 7.641e-06
66.4 1.46466e-06
67.08 2.80694e-07
67.76 5.37823e-08
68.44 1.03029e-08
69.12 1.9733e-09
69.8 3.77869e-10
70.48 7.2345e-11
71.16 1.38482e-11
71.84 2.65034e-12
72.52 5.07142e-13
73.2 9.70247e-14
73.88 1.85592e-14
74.56 3.54947e-15
75.24 6.78727e-16
75.92 1.29765e-16
76.6 2.48055e-17
77.28 4.741e-18
77.96 9.05994e-19
78.64 1.73107e-19
79.32 3.30703e-20
80 6.31683e-21
80.68 1.20642e-21
81.36 2.30374e-22
82.04 4.39854e-23
82.72 8.39699e-24
83.4 1.60281e-24
84.08 3.059e-25
84.76 5.83744e-26
85.44 1.1138e-26
86.12 2.12491e-27
86.8 4.05338e-28
87.48 7.73111e-29
88.16 1.47439e-29
88.84 2.81147e-30
89.52 5.36046e-31
90.2 1.02193e-31
90.88 1.94801e-32
91.56 3.71288e-33
92.24 7.07594e-34
92.92 1.34837e-34
93.6 2.56915e-35
94.28 4.89466e-36
94.96 9.32418e-37
95.64 1.77605e-37
96.32 3.38263e-38
