-39 1.9564e-18
-38.32 4.35871e-18
-37.64 9.70472e-18
-36.96 2.15936e-17
-36.28 4.80145e-17
-35.6 1.06688e-16
-34.92 2.36886e-16
-34.24 5.25577e-16
-33.56 1.16517e-15
-32.88 2.58099e-15
-32.2 5.71231e-15
-31.52 1.26313e-14
-30.84 2.79051e-14
-30.16 6.15877e-14
-29.48 1.35789e-13
-28.8 2.99068e-13
-28.12 6.5795e-13
-27.44 1.4458e-12
-26.76 3.17314e-12
-26.08 6.95518e-12
-25.4 1.52243e-11
-24.72 3.3277e-11
-24.04 7.26262e-11
-23.36 1.58251e-10
-22.68 3.44243e-10
-22 7.47483e-10
-21.32 1.61997e-09
-20.64 3.50372e-09
-19.96 7.5615e-09
-19.28 1.62809e-08
-18.6 3.49677e-08
-17.92 7.49021e-08
-17.24 1.59981e-07
-16.56 3.40638e-07
-15.88 7.22853e-07
-15.2 1.52832e-06
-14.52 3.21837e-06
-13.84 6.74765e-06
-13.16 1.40789e-05
-12.48 2.92189e-05
-11.8 6.02803e-05
-11.12 0.000123537
-10.44 0.000251285
-9.76 0.000506806
-9.08 0.00101226
-8.4 0.00199919
-7.72 0.0038968
-7.04 0.00747818
-6.36 0.0140845
-5.68 0.025924
-5 0.0463577
-4.32 0.0683919
-3.64 0.077652
-2.96 0.0725869
-2.28 0.055835
-1.6 0.0333587
-0.92 0.0126702
-0.24 0.000944677
0.44 0.00333155
1.12 0.0217358
1.8 0.0542657
2.48 0.0954436
3.16 0.137161
3.84 0.170243
4.52 0.1864
5.2 0.181937
5.88 0.213307
6.56 0.340859
7.24 0.682085
7.92 1.23101
8.6 1.97141
9.28 2.88796
9.96 3.93913
10.64 5.05789
11.32 6.15599
12 7.13169
12.68 7.88051
13.36 8.30784
14.04 8.34221
14.72 7.94764
15.4 7.13347
16.08 5.96025
16.76 4.54049
17.44 3.26798
18.12 3.10142
18.8 4.11985
19.48 6.59458
20.16 9.56946
20.84 12.8409
21.52 16.1882
22.2 19.3571
22.88 22.0818
23.56 24.1099
24.24 25.2287
24.92 25.2912
25.6 24.2365
26.28 22.105
26.96 19.0447
27.64 15.3075
28.32 11.2356
29 7.23731
29.68 4.64982
30.36 3.98687
31.04 4.80529
31.72 6.33993
32.4 7.8594
33.08 9.24545
33.76 10.3823
34.44 11.1675
35.12 11.5219
35.8 11.3992
36.48 10.7921
37.16 9.73634
37.84 8.31011
38.52 6.6306
39.2 4.84612
39.88 3.1251
40.56 1.64256
41.24 0.567689
41.92 0.0913156
42.6 0.0159537
43.28 0.313898
43.96 0.99251
44.64 2.03038
45.32 3.37389
46 4.93989
46.68 6.62124
47.36 8.29464
48.04 9.83046
48.72 11.1035
49.4 12.0043
50.08 12.4492
50.76 12.389
51.44 11.8155
52.12 10.7879
52.8 12.072
53.48 16.7919
54.16 21.7922
54.84 26.5814
55.52 30.7795
56.2 34.038
56.88 36.0714
57.56 36.6843
58.24 35.7926
58.92 33.4362
59.6 29.7808
60.28 25.11
60.96 19.8069
61.64 14.3255
62.32 9.15586
63 4.7842
63.68 2.09611
64.36 0.92782
65.04 0.410597
65.72 0.181666
66.4 0.0803594
67.08 0.0355394
67.76 0.0157142
68.44 0.00694687
69.12 0.00307043
69.8 0.00135683
70.48 0.000599474
71.16 0.000264809
71.84 0.000116954
72.52 5.16443e-05
73.2 2.28009e-05
73.88 1.00648e-05
74.56 4.44209e-06
75.24 1.96018e-06
75.92 8.64837e-07
76.6 3.81507e-07
77.28 1.68268e-07
77.96 7.42052e-08
78.64 3.27191e-08
79.32 1.44245e-08
80 6.35828e-09
80.68 2.8023e-09
81.36 1.23489e-09
82.04 5.44101e-10
82.72 2.39702e-10
83.4 1.05586e-10
84.08 4.65032e-11
84.76 2.04787e-11
85.44 9.01708e-12
86.12 3.96985e-12
86.8 1.74755e-12
87.48 7.69183e-13
88.16 3.38515e-13
88.84 1.48962e-13
89.52 6.55422e-14
90.2 2.88348e-14
90.88 1.26842e-14
91.56 5.57906e-15
92.24 2.45364e-15
92.92 1.07898e-15
93.6 4.74428e-16
94.28 2.08584e-16
94.96 9.16951e-17
95.64 4.03057e-17
96.32 1.77151e-17
