-39 -3.58645e-11
-38.32 -5.4482e-11
-37.64 -8.27641e-11
-36.96 -1.25728e-10
-36.28 -1.90994e-10
-35.6 -2.9014e-10
-34.92 -4.40754e-10
-34.24 -6.69552e-10
-33.56 -1.01712e-09
-32.88 -1.54512e-09
-32.2 -2.3472e-09
-31.52 -3.56565e-09
-30.84 -5.4166e-09
-30.16 -8.2284e-09
-29.48 -1.24998e-08
-28.8 -1.89886e-08
-28.12 -2.88457e-08
-27.44 -4.38197e-08
-26.76 -6.65669e-08
-26.08 -1.01122e-07
-25.4 -1.53616e-07
-24.72 -2.33359e-07
-24.04 -3.54497e-07
-23.36 -5.38519e-07
-22.68 -8.18068e-07
-22 -1.24273e-06
-21.32 -1.88785e-06
-20.64 -2.86784e-06
-19.96 -4.35656e-06
-19.28 -6.61808e-06
-18.6 -1.00536e-05
-17.92 -1.52725e-05
-17.24 -2.32005e-05
-16.56 -3.52441e-05
-15.88 -5.35395e-05
-15.2 -8.13323e-05
-14.52 -0.000123553
-13.84 -0.00018769
-13.16 -0.000285121
-12.48 -0.000433129
-11.8 -0.000657969
-11.12 -0.000999526
-10.44 -0.00151839
-9.76 -0.00230659
-9.08 -0.00350397
-8.4 -0.0053229
-7.72 -0.00808606
-7.04 -0.0122836
-6.36 -0.0186601
-5.68 -0.0283467
-5 -0.0430617
-4.32 -0.0605367
-3.64 -0.0765552
-2.96 -0.0910201
-2.28 -0.103638
-1.6 -0.114152
-0.92 -0.12235
-0.24 -0.128065
0.44 -0.131181
1.12 -0.131634
1.8 -0.129417
2.48 -0.124572
3.16 -0.1172
3.84 -0.107449
4.52 -0.0955178
5.2 -0.0820271
5.88 -0.0785462
6.56 -0.0889986
7.24 -0.114072
7.92 -0.14009
8.6 -0.163264
9.28 -0.183125
9.96 -0.199269
10.64 -0.21137
11.32 -0.219181
12 -0.222544
12.68 -0.22139
13.36 -0.215743
14.04 -0.205719
14.72 -0.191519
15.4 -0.173432
16.08 -0.151826
16.76 -0.127139
17.44 -0.103656
18.12 -0.0971902
18.8 -0.107965
19.48 -0.131827
20.16 -0.153445
20.84 -0.171949
21.52 -0.186963
22.2 -0.198184
22.88 -0.205382
23.56 -0.208412
24.24 -0.207212
24.92 -0.201807
25.6 -0.192307
26.28 -0.178904
26.96 -0.16187
27.64 -0.141551
28.32 -0.11836
29 -0.0927664
29.68 -0.0726531
30.36 -0.0657679
31.04 -0.0706217
31.72 -0.0793796
32.4 -0.0865266
33.08 -0.0919176
33.76 -0.0954431
34.44 -0.0970318
35.12 -0.0966512
35.8 -0.0943091
36.48 -0.0900532
37.16 -0.0839696
37.84 -0.076182
38.52 -0.0668483
39.2 -0.0561579
39.88 -0.0443279
40.56 -0.0315983
41.24 -0.0182699
41.92 -0.0072086
42.6 0.00296497
43.28 0.0129451
43.96 0.0226626
44.64 0.0319201
45.32 0.0405299
46 0.0483171
46.68 0.0551237
47.36 0.0608117
48.04 0.0652655
48.72 0.0683948
49.4 0.0701361
50.08 0.070454
50.76 0.0693421
51.44 0.066823
52.12 0.0630181
52.8 0.0658046
53.48 0.0766229
54.16 0.0861929
54.84 0.0940138
55.52 0.0999266
56.2 0.103812
56.88 0.10559
57.56 0.105225
58.24 0.102725
58.92 0.09814
59.6 0.0915634
60.28 0.0831286
60.96 0.0730067
61.64 0.0614033
62.32 0.0485537
63 0.0347187
63.68 0.0227355
64.36 0.0149663
65.04 0.00985207
65.72 0.00648543
66.4 0.00426924
67.08 0.00281036
67.76 0.00185001
68.44 0.00121782
69.12 0.000801671
69.8 0.000527725
70.48 0.000347391
71.16 0.000228681
71.84 0.000150537
72.52 9.90954e-05
73.2 6.52327e-05
73.88 4.29414e-05
74.56 2.82675e-05
75.24 1.8608e-05
75.92 1.22493e-05
76.6 8.06348e-06
77.28 5.30804e-06
77.96 3.49418e-06
78.64 2.30015e-06
79.32 1.51415e-06
80 9.96735e-07
80.68 6.56132e-07
81.36 4.31919e-07
82.04 2.84324e-07
82.72 1.87165e-07
83.4 1.23208e-07
84.08 8.11052e-08
84.76 5.339e-08
85.44 3.51457e-08
86.12 2.31357e-08
86.8 1.52298e-08
87.48 1.00255e-08
88.16 6.5996e-09
88.84 4.34439e-09
89.52 2.85983e-09
90.2 1.88257e-09
90.88 1.23926e-09
91.56 8.15783e-10
92.24 5.37015e-10
92.92 3.53507e-10
93.6 2.32707e-10
94.28 1.53187e-10
94.96 1.0084e-10
95.64 6.6381e-11
96.32 4.36974e-11
