-39 -1.30356e-19
-38.32 -2.93851e-19
-37.64 -6.62196e-19
-36.96 -1.49177e-18
-36.28 -3.35948e-18
-35.6 -7.56292e-18
-34.92 -1.70196e-17
-34.24 -3.82862e-17
-33.56 -8.60924e-17
-32.88 -1.93512e-16
-32.2 -4.34778e-16
-31.52 -9.7641e-16
-30.84 -2.19177e-15
-30.16 -4.91752e-15
-29.48 -1.10275e-14
-28.8 -2.47159e-14
-28.12 -5.53647e-14
-27.44 -1.23947e-13
-26.76 -2.77314e-13
-26.08 -6.20052e-13
-25.4 -1.38544e-12
-24.72 -3.09341e-12
-24.04 -6.90173e-12
-23.36 -1.53862e-11
-22.68 -3.42717e-11
-22 -7.62692e-11
-21.32 -1.6957e-10
-20.64 -3.76622e-10
-19.96 -8.35584e-10
-19.28 -1.8517e-09
-18.6 -4.09837e-09
-17.92 -9.0588e-09
-17.24 -1.99942e-08
-16.56 -4.40618e-08
-15.88 -9.69363e-08
-15.2 -2.1287e-07
-14.52 -4.66521e-07
-13.84 -1.02018e-06
-13.16 -2.22551e-06
-12.48 -4.84197e-06
-11.8 -1.05033e-05
-11.12 -2.27081e-05
-10.44 -4.89115e-05
-9.76 -0.000104905
-9.08 -0.000223906
-8.4 -0.000475218
-7.72 -0.00100199
-7.04 -0.00209631
-6.36 -0.00434484
-5.68 -0.00890224
-5 -0.0179786
-4.32 -0.0305269
-3.64 -0.0409583
-2.96 -0.0467554
-2.28 -0.0462523
-1.6 -0.038908
-0.92 -0.0253236
-0.24 -0.0071089
0.44 0.0133816
1.12 0.0334103
1.8 0.0502687
2.48 0.0616872
3.16 0.0661929
3.84 0.0633663
4.52 0.0539657
5.2 0.0403829
5.88 0.0352935
6.56 0.0423763
7.24 0.0670536
7.92 0.101327
8.6 0.13961
9.28 0.178831
9.96 0.215432
10.64 0.245763
11.32 0.266504
12 0.275085
12.68 0.270044
13.36 0.251291
14.04 0.220227
14.72 0.179708
15.4 0.133855
16.08 0.0876982
16.76 0.0467099
17.44 0.0177859
18.12 0.00474763
18.8 0.000200946
19.48 0.00157905
20.16 0.00887075
20.84 0.0219759
21.52 0.0402205
22.2 0.0623784
22.88 0.0867617
23.56 0.111363
24.24 0.134038
24.92 0.152709
25.6 0.165575
26.28 0.1713
26.96 0.169172
27.64 0.159199
28.32 0.142146
29 0.119493
29.68 0.113731
30.36 0.150867
31.04 0.260163
31.72 0.43551
32.4 0.636267
33.08 0.845911
33.76 1.04639
34.44 1.21978
35.12 1.34999
35.8 1.42441
36.48 1.43516
37.16 1.38008
37.84 1.26312
38.52 1.09421
39.2 0.888465
39.88 0.665033
40.56 0.445359
41.24 0.256048
41.92 0.165079
42.6 0.119318
43.28 0.0764039
43.96 0.0399702
44.64 0.0138371
45.32 0.000983451
46 0.00324205
46.68 0.0210947
47.36 0.0535874
48.04 0.0983774
48.72 0.151913
49.4 0.209729
50.08 0.266839
50.76 0.318185
51.44 0.359104
52.12 0.387793
52.8 0.508279
53.48 0.791484
54.16 1.10784
54.84 1.42394
55.52 1.71184
56.2 1.9455
56.88 2.10326
57.56 2.16992
58.24 2.13836
58.92 2.01033
59.6 1.79653
60.28 1.51579
60.96 1.19358
61.64 0.859746
62.32 0.545873
63 0.282413
63.68 0.123714
64.36 0.0545002
65.04 0.0240065
65.72 0.0105733
66.4 0.00465637
67.08 0.0020504
67.76 0.000902784
68.44 0.000397453
69.12 0.000174963
69.8 7.70128e-05
70.48 3.38953e-05
71.16 1.49168e-05
71.84 6.56403e-06
72.52 2.8882e-06
73.2 1.27071e-06
73.88 5.59021e-07
74.56 2.45908e-07
75.24 1.08164e-07
75.92 4.75723e-08
76.6 2.09215e-08
77.28 9.20019e-09
77.96 4.04545e-09
78.64 1.77871e-09
79.32 7.82005e-10
80 3.43781e-10
80.68 1.51121e-10
81.36 6.64254e-11
82.04 2.91954e-11
82.72 1.28311e-11
83.4 5.6388e-12
84.08 2.47787e-12
84.76 1.08879e-12
85.44 4.78386e-13
86.12 2.10178e-13
86.8 9.23354e-14
87.48 4.05624e-14
88.16 1.78177e-14
88.84 7.82626e-15
89.52 3.43741e-15
90.2 1.50968e-15
90.88 6.62996e-16
91.56 2.91148e-16
92.24 1.27848e-16
92.92 5.61369e-17
93.6 2.4648e-17
94.28 1.08216e-17
94.96 4.75091e-18
95.64 2.08565e-18
96.32 9.15555e-19
