-39 1.69928e-38
-38.32 8.63487e-38
-37.64 4.38503e-37
-36.96 2.22539e-36
-36.28 1.12861e-35
-35.6 5.71978e-35
-34.92 2.89665e-34
-34.24 1.46583e-33
-33.56 7.4119e-33
-32.88 3.74471e-32
-32.2 1.89032e-31
-31.52 9.53376e-31
-30.84 4.80385e-30
-30.16 2.4182e-29
-29.48 1.21605e-28
-28.8 6.10874e-28
-28.12 3.06525e-27
-27.44 1.53629e-26
-26.76 7.69033e-26
-26.08 3.84465e-25
-25.4 1.91945e-24
-24.72 9.5692e-24
-24.04 4.76339e-23
-23.36 2.36735e-22
-22.68 1.17455e-21
-22 5.817e-21
-21.32 2.87539e-20
-20.64 1.41844e-19
-19.96 6.98201e-19
-19.28 3.4288e-18
-18.6 1.67967e-17
-17.92 8.20619e-17
-17.24 3.99769e-16
-16.56 1.94144e-15
-15.88 9.39664e-15
-15.2 4.53135e-14
-14.52 2.17642e-13
-13.84 1.04076e-12
-13.16 4.95289e-12
-12.48 2.34447e-11
-11.8 1.10318e-10
-11.12 5.15659e-10
-10.44 2.39234e-09
-9.76 1.1005e-08
-9.08 5.01338e-08
-8.4 2.25832e-07
-7.72 1.00399e-06
-7.04 4.39451e-06
-6.36 1.88776e-05
-5.68 7.925e-05
-5 0.00032323
-4.32 0.00093189
-3.64 0.00167758
-2.96 0.00218606
-2.28 0.00213927
-1.6 0.00151383
-0.92 0.000641283
-0.24 5.05365e-05
0.44 0.000179066
1.12 0.00111625
1.8 0.00252694
2.48 0.00380531
3.16 0.00438149
3.84 0.00401529
4.52 0.00291229
5.2 0.00163078
5.88 0.00124563
6.56 0.00179575
7.24 0.00449619
7.92 0.0102671
8.6 0.019491
9.28 0.0319804
9.96 0.046411
10.64 0.0603995
11.32 0.0710245
12 0.0756717
12.68 0.072924
13.36 0.0631474
14.04 0.0484997
14.72 0.0322951
15.4 0.0179173
16.08 0.00769097
16.76 0.00218182
17.44 0.000316339
18.12 2.254e-05
18.8 4.03793e-08
19.48 2.4934e-06
20.16 7.86902e-05
20.84 0.00048294
21.52 0.00161769
22.2 0.00389107
22.88 0.00752759
23.56 0.0124018
24.24 0.0179662
24.92 0.0233201
25.6 0.0274149
26.28 0.0293436
26.96 0.0286191
27.64 0.0253444
28.32 0.0202054
29 0.0142785
29.68 0.0129348
30.36 0.0227607
31.04 0.0676849
31.72 0.189669
32.4 0.404836
33.08 0.715565
33.76 1.09493
34.44 1.48785
35.12 1.82248
35.8 2.02893
36.48 2.05967
37.16 1.90461
37.84 1.59548
38.52 1.19729
39.2 0.789371
39.88 0.442269
40.56 0.198344
41.24 0.0655604
41.92 0.0272511
42.6 0.0142368
43.28 0.00583756
43.96 0.00159762
44.64 0.000191467
45.32 9.67176e-07
46 1.05109e-05
46.68 0.000444987
47.36 0.00287161
48.04 0.00967812
48.72 0.0230775
49.4 0.0439862
50.08 0.0712031
50.76 0.101242
51.44 0.128956
52.12 0.150384
52.8 0.258348
53.48 0.626447
54.16 1.22731
54.84 2.02761
55.52 2.9304
56.2 3.78497
56.88 4.42368
57.56 4.70857
58.24 4.5726
58.92 4.04144
59.6 3.22751
60.28 2.29762
60.96 1.42464
61.64 0.739163
62.32 0.297977
63 0.0797569
63.68 0.0153052
64.36 0.00297027
65.04 0.000576311
65.72 0.000111795
66.4 2.16818e-05
67.08 4.20413e-06
67.76 8.15019e-07
68.44 1.57969e-07
69.12 3.0612e-08
69.8 5.93097e-09
70.48 1.14889e-09
71.16 2.2251e-10
71.84 4.30865e-11
72.52 8.34172e-12
73.2 1.61471e-12
73.88 3.12505e-13
74.56 6.04708e-14
75.24 1.16994e-14
75.92 2.26313e-15
76.6 4.37709e-16
77.28 8.46435e-17
77.96 1.63657e-17
78.64 3.1638e-18
79.32 6.11531e-19
80 1.18186e-19
80.68 2.28374e-20
81.36 4.41234e-21
82.04 8.52373e-22
82.72 1.64638e-22
83.4 3.1796e-23
84.08 6.13985e-24
84.76 1.18546e-24
85.44 2.28853e-25
86.12 4.41748e-26
86.8 8.52583e-27
87.48 1.6453e-27
88.16 3.1747e-28
88.84 6.12503e-29
89.52 1.18158e-29
90.2 2.27912e-30
90.88 4.39564e-31
91.56 8.47672e-32
92.24 1.63451e-32
92.92 3.15136e-33
93.6 6.07522e-34
94.28 1.17106e-34
94.96 2.25712e-35
95.64 4.34994e-36
96.32 8.3824e-37
