-39 5.0839e-18
-38.32 1.12604e-17
-37.64 2.4925e-17
-36.96 5.5136e-17
-36.28 1.21882e-16
-35.6 2.6924e-16
-34.92 5.94323e-16
-34.24 1.31092e-15
-33.56 2.88926e-15
-32.88 6.36269e-15
-32.2 1.39998e-14
-31.52 3.07764e-14
-30.84 6.75941e-14
-30.16 1.48312e-13
-29.48 3.2509e-13
-28.8 7.11817e-13
-28.12 1.55686e-12
-27.44 3.40111e-12
-26.76 7.42093e-12
-26.08 1.6171e-11
-25.4 3.51903e-11
-24.72 7.64692e-11
-24.04 1.65918e-10
-23.36 3.59421e-10
-22.68 7.77282e-10
-22 1.67792e-09
-21.32 3.61523e-09
-20.64 7.77347e-09
-19.96 1.66783e-08
-19.28 3.57008e-08
-18.6 7.62297e-08
-17.92 1.62334e-07
-17.24 3.447e-07
-16.56 7.29663e-07
-15.88 1.53935e-06
-15.2 3.23562e-06
-14.52 6.77389e-06
-13.84 1.41192e-05
-13.16 2.92877e-05
-12.48 6.04278e-05
-11.8 0.000123938
-11.12 0.000252514
-10.44 0.000510636
-9.76 0.00102387
-9.08 0.00203306
-8.4 0.00399183
-7.72 0.0077354
-7.04 0.014758
-6.36 0.0276332
-5.68 0.0505647
-5 0.0898929
-4.32 0.131876
-3.64 0.149088
-2.96 0.138396
-2.28 0.105455
-1.6 0.0622528
-0.92 0.0232977
-0.24 0.00170614
0.44 0.00588789
1.12 0.0374196
1.8 0.0904836
2.48 0.152984
3.16 0.209169
3.84 0.243327
4.52 0.243925
5.2 0.209991
5.88 0.207526
6.56 0.277989
7.24 0.485468
7.92 0.802507
8.6 1.20065
9.28 1.65955
9.96 2.1457
10.64 2.61492
11.32 3.01683
12 3.30102
12.68 3.42416
13.36 3.35725
14.04 3.09198
14.72 2.64531
15.4 2.06137
16.08 1.41019
16.76 0.782858
17.44 0.310186
18.12 0.0860271
18.8 0.00377779
19.48 0.0307599
20.16 0.178834
20.84 0.457978
21.52 0.865546
22.2 1.3848
22.88 1.98511
23.56 2.62372
24.24 3.24908
24.92 3.80551
25.6 4.23871
26.28 4.50176
26.96 4.56087
27.64 4.40026
28.32 4.02556
29 3.46529
29.68 3.37555
30.36 4.58031
31.04 8.07547
31.72 13.8144
32.4 20.6151
33.08 27.9827
33.76 35.326
34.44 42.0091
35.12 47.4118
35.8 50.9938
36.48 52.3545
37.16 51.2837
37.84 47.7966
38.52 42.1488
39.2 34.8278
39.88 26.5215
40.56 18.0637
41.24 10.5594
41.92 6.92011
42.6 5.08295
43.28 3.30676
43.96 1.75709
44.64 0.61769
45.32 0.04457
46 0.149134
46.68 0.984702
47.36 2.5379
48.04 4.72605
48.72 7.40119
49.4 10.3606
50.08 13.3633
50.76 16.1511
51.44 18.4723
52.12 20.2118
52.8 26.8371
53.48 42.3286
54.16 60.0006
54.84 78.089
55.52 95.0414
56.2 109.337
56.88 119.633
57.56 124.901
58.24 124.538
58.92 118.449
59.6 107.073
60.28 91.3719
60.96 72.7607
61.64 52.9947
62.32 34.0188
63 17.792
63.68 7.87812
64.36 3.50763
65.04 1.56138
65.72 0.694878
66.4 0.309183
67.08 0.137541
67.76 0.0611727
68.44 0.0272017
69.12 0.0120934
69.8 0.00537549
70.48 0.00238894
71.16 0.00106148
71.84 0.00047156
72.52 0.000209453
73.2 9.3016e-05
73.88 4.13005e-05
74.56 1.83349e-05
75.24 8.13824e-06
75.92 3.61169e-06
76.6 1.60259e-06
77.28 7.10991e-07
77.96 3.15383e-07
78.64 1.39878e-07
79.32 6.20286e-08
80 2.75025e-08
80.68 1.21924e-08
81.36 5.40437e-09
82.04 2.39519e-09
82.72 1.06139e-09
83.4 4.70276e-10
84.08 2.08339e-10
84.76 9.22855e-11
85.44 4.08733e-11
86.12 1.81005e-11
86.8 8.01472e-12
87.48 3.54839e-12
88.16 1.57081e-12
88.84 6.95285e-13
89.52 3.07717e-13
90.2 1.36173e-13
90.88 6.02531e-14
91.56 2.66575e-14
92.24 1.17927e-14
92.92 5.21624e-15
93.6 2.30705e-15
94.28 1.02026e-15
94.96 4.51147e-16
95.64 1.99472e-16
96.32 8.81862e-17
