-39 5.78141e-11
-38.32 8.75692e-11
-37.64 1.32638e-10
-36.96 2.00903e-10
-36.28 3.04301e-10
-35.6 4.60914e-10
-34.92 6.98131e-10
-34.24 1.05744e-09
-33.56 1.60166e-09
-32.88 2.42599e-09
-32.2 3.67456e-09
-31.52 5.56574e-09
-30.84 8.43024e-09
-30.16 1.2769e-08
-29.48 1.93408e-08
-28.8 2.92949e-08
-28.12 4.4372e-08
-27.44 6.72088e-08
-26.76 1.01799e-07
-26.08 1.54191e-07
-25.4 2.33549e-07
-24.72 3.53749e-07
-24.04 5.35811e-07
-23.36 8.11576e-07
-22.68 1.22927e-06
-22 1.86193e-06
-21.32 2.8202e-06
-20.64 4.27167e-06
-19.96 6.47016e-06
-19.28 9.80014e-06
-18.6 1.48439e-05
-17.92 2.24836e-05
-17.24 3.40552e-05
-16.56 5.15823e-05
-15.88 7.813e-05
-15.2 0.000118341
-14.52 0.000179247
-13.84 0.0002715
-13.16 0.000411232
-12.48 0.000622879
-11.8 0.000943455
-11.12 0.00142902
-10.44 0.00216449
-9.76 0.00327848
-9.08 0.00496581
-8.4 0.00752154
-7.72 0.0113926
-7.04 0.017256
-6.36 0.0261372
-5.68 0.0395891
-5 0.0599643
-4.32 0.0840619
-3.64 0.106077
-2.96 0.125681
-2.28 0.142429
-1.6 0.155941
-0.92 0.165908
-0.24 0.172106
0.44 0.174392
1.12 0.172716
1.8 0.167114
2.48 0.157715
3.16 0.144731
3.84 0.128459
4.52 0.109267
5.2 0.0881246
5.88 0.0774745
6.56 0.0803729
7.24 0.0962369
7.92 0.11311
8.6 0.127412
9.28 0.138818
9.96 0.14707
10.64 0.15198
11.32 0.153437
12 0.151406
12.68 0.145935
13.36 0.137147
14.04 0.125242
14.72 0.110492
15.4 0.0932304
16.08 0.0738503
16.76 0.0527919
17.44 0.0319349
18.12 0.0161867
18.8 0.00326935
19.48 -0.00900334
20.16 -0.0209766
20.84 -0.0324731
21.52 -0.0432318
22.2 -0.0530079
22.88 -0.0615795
23.56 -0.0687517
24.24 -0.0743614
24.92 -0.0782814
25.6 -0.0804224
26.28 -0.0807357
26.96 -0.0792144
27.64 -0.0758929
28.32 -0.0708468
29 -0.0641907
29.68 -0.0619025
30.36 -0.0704929
31.04 -0.0915508
31.72 -0.117174
32.4 -0.140135
33.08 -0.159911
33.76 -0.176054
34.44 -0.188195
35.12 -0.19606
35.8 -0.199469
36.48 -0.198345
37.16 -0.192714
37.84 -0.182704
38.52 -0.168541
39.2 -0.150549
39.88 -0.129135
40.56 -0.104787
41.24 -0.0787954
41.92 -0.0627531
42.6 -0.0529235
43.28 -0.0420159
43.96 -0.0301536
44.64 -0.017606
45.32 -0.00465834
46 0.0083952
46.68 0.021258
47.36 0.0336376
48.04 0.0452529
48.72 0.0558398
49.4 0.0651577
50.08 0.0729949
50.76 0.0791733
51.44 0.0835525
52.12 0.0862577
52.8 0.0981147
53.48 0.121654
54.16 0.143021
54.84 0.161138
55.52 0.175593
56.2 0.186058
56.88 0.192294
57.56 0.194161
58.24 0.191615
58.92 0.184715
59.6 0.173618
60.28 0.158574
60.96 0.139928
61.64 0.118101
62.32 0.0935906
63 0.0669533
63.68 0.0440766
64.36 0.0290999
65.04 0.0192121
65.72 0.012684
66.4 0.00837413
67.08 0.00552869
67.76 0.0036501
68.44 0.00240984
69.12 0.001591
69.8 0.0010504
70.48 0.000693484
71.16 0.000457846
71.84 0.000302275
72.52 0.000199565
73.2 0.000131755
73.88 8.69863e-05
74.56 5.74293e-05
75.24 3.79155e-05
75.92 2.50322e-05
76.6 1.65265e-05
77.28 1.0911e-05
77.96 7.20357e-06
78.64 4.75588e-06
79.32 3.13988e-06
80 2.07298e-06
80.68 1.36861e-06
81.36 9.0357e-07
82.04 5.96547e-07
82.72 3.93847e-07
83.4 2.60022e-07
84.08 1.71669e-07
84.76 1.13338e-07
85.44 7.48271e-08
86.12 4.94017e-08
86.8 3.26155e-08
87.48 2.15331e-08
88.16 1.42164e-08
88.84 9.38583e-09
89.52 6.19663e-09
90.2 4.09108e-09
90.88 2.70098e-09
91.56 1.78322e-09
92.24 1.1773e-09
92.92 7.77266e-10
93.6 5.1316e-10
94.28 3.38794e-10
94.96 2.23675e-10
95.64 1.47673e-10
96.32 9.74953e-11
