-39 -3.96443e-19
-38.32 -8.8666e-19
-37.64 -1.98243e-18
-36.96 -4.43094e-18
-36.28 -9.90026e-18
-35.6 -2.21129e-17
-34.92 -4.93726e-17
-34.24 -1.10195e-16
-33.56 -2.45847e-16
-32.88 -5.48266e-16
-32.2 -1.22217e-15
-31.52 -2.72319e-15
-30.84 -6.06487e-15
-30.16 -1.35006e-14
-29.48 -3.00377e-14
-28.8 -6.67955e-14
-28.12 -1.48452e-13
-27.44 -3.29739e-13
-26.76 -7.31962e-13
-26.08 -1.62378e-12
-25.4 -3.59972e-12
-24.72 -7.97442e-12
-24.04 -1.76523e-11
-23.36 -3.90441e-11
-22.68 -8.62862e-11
-22 -1.90518e-10
-21.32 -4.20259e-10
-20.64 -9.26096e-10
-19.96 -2.03856e-09
-19.28 -4.48214e-09
-18.6 -9.84253e-09
-17.92 -2.15848e-08
-17.24 -4.72675e-08
-16.56 -1.03348e-07
-15.88 -2.25584e-07
-15.2 -4.91493e-07
-14.52 -1.0687e-06
-13.84 -2.31868e-06
-13.16 -5.01854e-06
-12.48 -1.08331e-05
-11.8 -2.3315e-05
-11.12 -5.0012e-05
-10.44 -0.000106877
-9.76 -0.000227432
-9.08 -0.000481618
-8.4 -0.00101417
-7.72 -0.00212161
-7.04 -0.0044039
-6.36 -0.00905603
-5.68 -0.0184096
-5 -0.0368878
-4.32 -0.062134
-3.64 -0.0826735
-2.96 -0.0933338
-2.28 -0.0910415
-1.6 -0.0752676
-0.92 -0.0479625
-0.24 -0.0131227
0.44 0.0239422
1.12 0.0575328
1.8 0.0825407
2.48 0.0953432
3.16 0.094484
3.84 0.081036
4.52 0.0585878
5.2 0.0332895
5.88 0.0178709
6.56 0.0103413
7.24 0.00679648
7.92 0.00390739
8.6 0.00150022
9.28 0.000138331
9.96 0.000310811
10.64 0.00235847
11.32 0.00641413
12 0.0123659
12.68 0.0198493
13.36 0.028272
14.04 0.0368684
14.72 0.0447807
15.4 0.0511565
16.08 0.0552533
16.76 0.056536
17.44 0.0592753
18.12 0.083259
18.8 0.148577
19.48 0.281006
20.16 0.446409
20.84 0.628367
21.52 0.809689
22.2 0.972166
22.88 1.09857
23.56 1.17468
24.24 1.19102
24.92 1.14422
25.6 1.03769
26.28 0.881605
26.96 0.692136
27.64 0.489928
28.32 0.298055
29 0.139586
29.68 0.0470315
30.36 0.00898679
31.04 0.000197887
31.72 0.0149305
32.4 0.0526278
33.08 0.110758
33.76 0.184481
34.44 0.267074
35.12 0.350595
35.8 0.426686
36.48 0.487463
37.16 0.526388
37.84 0.539017
38.52 0.52356
39.2 0.481163
39.88 0.415891
40.56 0.334392
41.24 0.250815
41.92 0.235863
42.6 0.265169
43.28 0.282556
43.96 0.285614
44.64 0.273804
45.32 0.248148
46 0.211168
46.68 0.166665
47.36 0.119348
48.04 0.0743616
48.72 0.0367526
49.4 0.0109301
50.08 0.000180329
50.76 0.00628668
51.44 0.0293003
52.12 0.0680237
52.8 0.14516
53.48 0.297701
54.16 0.49085
54.84 0.704196
55.52 0.916672
56.2 1.10678
56.88 1.25483
57.56 1.34512
58.24 1.36762
58.92 1.31919
59.6 1.20411
60.28 1.03374
60.96 0.825518
61.64 0.601262
62.32 0.384957
63 0.200286
63.68 0.0886419
64.36 0.0393583
65.04 0.0174737
65.72 0.00775685
66.4 0.00344303
67.08 0.00152809
67.76 0.000678131
68.44 0.000300908
69.12 0.000133509
69.8 5.92308e-05
70.48 2.6275e-05
71.16 1.16546e-05
71.84 5.16905e-06
72.52 2.29238e-06
73.2 1.01654e-06
73.88 4.50738e-07
74.56 1.99842e-07
75.24 8.85959e-08
75.92 3.9274e-08
76.6 1.74085e-08
77.28 7.71586e-09
77.96 3.41958e-09
78.64 1.51541e-09
79.32 6.71509e-10
80 2.97539e-10
80.68 1.31827e-10
81.36 5.84026e-11
82.04 2.58721e-11
82.72 1.14604e-11
83.4 5.07621e-12
84.08 2.24828e-12
84.76 9.9571e-13
85.44 4.40948e-13
86.12 1.9526e-13
86.8 8.64597e-14
87.48 3.82813e-14
88.16 1.69486e-14
88.84 7.50334e-15
89.52 3.32162e-15
90.2 1.47035e-15
90.88 6.50829e-16
91.56 2.88063e-16
92.24 1.27493e-16
92.92 5.64235e-17
93.6 2.49695e-17
94.28 1.10494e-17
94.96 4.88926e-18
95.64 2.16335e-18
96.32 9.57166e-19
