-39 1.57167e-37
-38.32 7.86166e-37
-37.64 3.93002e-36
-36.96 1.96332e-35
-36.28 9.80152e-35
-35.6 4.8898e-34
-34.92 2.43765e-33
-34.24 1.21429e-32
-33.56 6.04408e-32
-32.88 3.00595e-31
-32.2 1.4937e-30
-31.52 7.41574e-30
-30.84 3.67826e-29
-30.16 1.82267e-28
-29.48 9.02262e-28
-28.8 4.46164e-27
-28.12 2.2038e-26
-27.44 1.08728e-25
-26.76 5.35769e-25
-26.08 2.63665e-24
-25.4 1.2958e-23
-24.72 6.35913e-23
-24.04 3.11603e-22
-23.36 1.52444e-21
-22.68 7.44531e-21
-22 3.62973e-20
-21.32 1.76618e-19
-20.64 8.57653e-19
-19.96 4.15571e-18
-19.28 2.00895e-17
-18.6 9.68755e-17
-17.92 4.65903e-16
-17.24 2.23422e-15
-16.56 1.06808e-14
-15.88 5.08881e-14
-15.2 2.41565e-13
-14.52 1.14212e-12
-13.84 5.3763e-12
-13.16 2.51857e-11
-12.48 1.17356e-10
-11.8 5.43589e-10
-11.12 2.5012e-09
-10.44 1.14228e-08
-9.76 5.17252e-08
-9.08 2.31956e-07
-8.4 1.02855e-06
-7.72 4.50124e-06
-7.04 1.93943e-05
-6.36 8.20117e-05
-5.68 0.000338915
-5 0.00136071
-4.32 0.00386063
-3.64 0.0068349
-2.96 0.0087112
-2.28 0.00828856
-1.6 0.00566521
-0.92 0.0023004
-0.24 0.000172206
0.44 0.000573228
1.12 0.00331003
1.8 0.00681297
2.48 0.00909033
3.16 0.00892723
3.84 0.00656684
4.52 0.00343253
5.2 0.00110819
5.88 0.000319369
6.56 0.000106943
7.24 4.61921e-05
7.92 1.52677e-05
8.6 2.25066e-06
9.28 1.91354e-08
9.96 9.66035e-08
10.64 5.56239e-06
11.32 4.11411e-05
12 0.000152914
12.68 0.000393995
13.36 0.000799307
14.04 0.00135928
14.72 0.00200531
15.4 0.00261699
16.08 0.00305292
16.76 0.00319632
17.44 0.00351356
18.12 0.00693206
18.8 0.0220751
19.48 0.0789645
20.16 0.199281
20.84 0.394845
21.52 0.655597
22.2 0.945107
22.88 1.20686
23.56 1.37987
24.24 1.41853
24.92 1.30924
25.6 1.07679
26.28 0.777228
26.96 0.479052
27.64 0.240029
28.32 0.0888366
29 0.0194844
29.68 0.00221196
30.36 8.07624e-05
31.04 3.91592e-08
31.72 0.000222918
32.4 0.00276969
33.08 0.0122674
33.76 0.0340331
34.44 0.0713287
35.12 0.122917
35.8 0.182061
36.48 0.23762
37.16 0.277084
37.84 0.290539
38.52 0.274115
39.2 0.231518
39.88 0.172965
40.56 0.111818
41.24 0.0629082
41.92 0.0556315
42.6 0.0703144
43.28 0.0798378
43.96 0.0815754
44.64 0.0749685
45.32 0.0615772
46 0.044592
46.68 0.0277773
47.36 0.0142439
48.04 0.00552964
48.72 0.00135075
49.4 0.000119468
50.08 3.25185e-08
50.76 3.95223e-05
51.44 0.000858505
52.12 0.00462722
52.8 0.0210714
53.48 0.0886258
54.16 0.240934
54.84 0.495893
55.52 0.840287
56.2 1.22495
56.88 1.57461
57.56 1.80935
58.24 1.87037
58.92 1.74027
59.6 1.44988
60.28 1.06862
60.96 0.68148
61.64 0.361516
62.32 0.148192
63 0.0401147
63.68 0.00785738
64.36 0.00154907
65.04 0.00030533
65.72 6.01688e-05
66.4 1.18544e-05
67.08 2.33506e-06
67.76 4.59862e-07
68.44 9.05459e-08
69.12 1.78248e-08
69.8 3.50829e-09
70.48 6.90375e-10
71.16 1.35829e-10
71.84 2.67191e-11
72.52 5.255e-12
73.2 1.03335e-12
73.88 2.03164e-13
74.56 3.99368e-14
75.24 7.84924e-15
75.92 1.54245e-15
76.6 3.03057e-16
77.28 5.95345e-17
77.96 1.16935e-17
78.64 2.29645e-18
79.32 4.50925e-19
80 8.85292e-20
80.68 1.73783e-20
81.36 3.41087e-21
82.04 6.69364e-22
82.72 1.31341e-22
83.4 2.57679e-23
84.08 5.05476e-24
84.76 9.91438e-25
85.44 1.94435e-25
86.12 3.81266e-26
86.8 7.47528e-27
87.48 1.46546e-27
88.16 2.87255e-28
88.84 5.63001e-29
89.52 1.10332e-29
90.2 2.16193e-30
90.88 4.23578e-31
91.56 8.29806e-32
92.24 1.62544e-32
92.92 3.18361e-33
93.6 6.23478e-34
94.28 1.22089e-34
94.96 2.39049e-35
95.64 4.68007e-36
96.32 9.16167e-37
