-39 1.54613e-17
-38.32 3.39768e-17
-37.64 7.46186e-17
-36.96 1.63767e-16
-36.28 3.59182e-16
-35.6 7.87219e-16
-34.92 1.72409e-15
-34.24 3.77307e-15
-33.56 8.25063e-15
-32.88 1.8027e-14
-32.2 3.93538e-14
-31.52 8.58348e-14
-30.84 1.87041e-13
-30.16 4.07179e-13
-29.48 8.85511e-13
-28.8 1.92371e-12
-28.12 4.17447e-12
-27.44 9.04805e-12
-26.76 1.95873e-11
-26.08 4.23481e-11
-25.4 9.14328e-11
-24.72 1.97128e-10
-24.04 4.24361e-10
-23.36 9.1207e-10
-22.68 1.95697e-09
-22 4.1914e-09
-21.32 8.95993e-09
-20.64 1.91146e-08
-19.96 4.06896e-08
-19.28 8.64156e-08
-18.6 1.83071e-07
-17.92 3.86799e-07
-17.24 8.14893e-07
-16.56 1.71144e-06
-15.88 3.58227e-06
-15.2 7.47069e-06
-14.52 1.55175e-05
-13.84 3.20906e-05
-13.16 6.6044e-05
-12.48 0.000135197
-11.8 0.000275117
-11.12 0.000556133
-10.44 0.0011158
-9.76 0.00221973
-9.08 0.00437309
-8.4 0.00851906
-7.72 0.0163789
-7.04 0.0310035
-6.36 0.0575964
-5.68 0.104567
-5 0.184439
-4.32 0.268419
-3.64 0.300931
-2.96 0.276268
-2.28 0.207575
-1.6 0.120428
-0.92 0.0441255
-0.24 0.00314945
0.44 0.0105346
1.12 0.0644368
1.8 0.148573
2.48 0.236451
3.16 0.29857
3.84 0.311178
4.52 0.264817
5.2 0.173105
5.88 0.105081
6.56 0.0678392
7.24 0.0492065
7.92 0.0309465
8.6 0.0129019
9.28 0.00128371
9.96 0.00309568
10.64 0.0250941
11.32 0.072608
12 0.14839
12.68 0.251689
13.36 0.377714
14.04 0.517633
14.72 0.659172
15.4 0.78781
16.08 0.888473
16.76 0.947544
17.44 1.03376
18.12 1.50865
18.8 2.79324
19.48 5.474
20.16 8.9996
20.84 13.0952
21.52 17.4245
22.2 21.5821
22.88 25.1354
23.56 27.6755
24.24 28.8704
24.92 28.5139
25.6 26.5648
26.28 23.1686
26.96 18.66
27.64 13.5416
28.32 8.44091
29 4.04801
29.68 1.39589
30.36 0.272839
31.04 0.00614241
31.72 0.473594
32.4 1.70514
33.08 3.66389
33.76 6.22807
34.44 9.19804
35.12 12.3129
35.8 15.2753
36.48 17.7827
37.16 19.5606
37.84 20.3964
38.52 20.1675
39.2 18.8616
39.88 16.5857
40.56 13.5629
41.24 10.3436
41.92 9.88739
42.6 11.2962
43.28 12.229
43.96 12.5556
44.64 12.2226
45.32 11.246
46 9.71374
46.68 7.77993
47.36 5.65232
48.04 3.57233
48.72 1.79058
49.4 0.539948
50.08 0.00903087
50.76 0.319112
51.44 1.5072
52.12 3.54539
52.8 7.66445
53.48 15.921
54.16 26.5844
54.84 38.6181
55.52 50.8936
56.2 62.2008
56.88 71.3749
57.56 77.4251
58.24 79.6499
58.92 77.7268
59.6 71.765
60.28 62.3138
60.96 50.3236
61.64 37.0618
62.32 23.9905
63 12.618
63.68 5.64471
64.36 2.5331
65.04 1.13649
65.72 0.50978
66.4 0.228617
67.08 0.102504
67.76 0.0459502
68.44 0.0205942
69.12 0.00922818
69.8 0.00413431
70.48 0.00185186
71.16 0.00082934
71.84 0.000371345
72.52 0.000166243
73.2 7.44106e-05
73.88 3.33005e-05
74.56 1.49002e-05
75.24 6.66596e-06
75.92 2.98168e-06
76.6 1.33349e-06
77.28 5.96282e-07
77.96 2.66591e-07
78.64 1.19171e-07
79.32 5.32641e-08
80 2.38031e-08
80.68 1.06358e-08
81.36 4.75164e-09
82.04 2.12254e-09
82.72 9.48005e-10
83.4 4.23356e-10
84.08 1.89035e-10
84.76 8.43964e-11
85.44 3.76746e-11
86.12 1.68158e-11
86.8 7.5047e-12
87.48 3.34885e-12
88.16 1.49419e-12
88.84 6.66597e-13
89.52 2.97352e-13
90.2 1.32626e-13
90.88 5.91473e-14
91.56 2.63751e-14
92.24 1.17599e-14
92.92 5.24287e-15
93.6 2.33715e-15
94.28 1.04174e-15
94.96 4.64284e-16
95.64 2.06903e-16
96.32 9.21942e-17
