-39 -1.00823e-10
-38.32 -1.52113e-10
-37.64 -2.29495e-10
-36.96 -3.46244e-10
-36.28 -5.22384e-10
-35.6 -7.8813e-10
-34.92 -1.18907e-09
-34.24 -1.79396e-09
-33.56 -2.70658e-09
-32.88 -4.08347e-09
-32.2 -6.16081e-09
-31.52 -9.29492e-09
-30.84 -1.40234e-08
-30.16 -2.11574e-08
-29.48 -3.19205e-08
-28.8 -4.8159e-08
-28.12 -7.26583e-08
-27.44 -1.09621e-07
-26.76 -1.65387e-07
-26.08 -2.49522e-07
-25.4 -3.76459e-07
-24.72 -5.6797e-07
-24.04 -8.56906e-07
-23.36 -1.29283e-06
-22.68 -1.95051e-06
-22 -2.94278e-06
-21.32 -4.43982e-06
-20.64 -6.69843e-06
-19.96 -1.0106e-05
-19.28 -1.52472e-05
-18.6 -2.30037e-05
-17.92 -3.4706e-05
-17.24 -5.23616e-05
-16.56 -7.89989e-05
-15.88 -0.000119187
-15.2 -0.00017982
-14.52 -0.000271297
-13.84 -0.00040931
-13.16 -0.000617534
-12.48 -0.000931684
-11.8 -0.00140565
-11.12 -0.00212073
-10.44 -0.00319958
-9.76 -0.00482726
-9.08 -0.00728297
-8.4 -0.0109879
-7.72 -0.0165777
-7.04 -0.0250111
-6.36 -0.0377347
-5.68 -0.0569309
-5 -0.0858927
-4.32 -0.119929
-3.64 -0.150707
-2.96 -0.177572
-2.28 -0.199826
-1.6 -0.216892
-0.92 -0.228327
-0.24 -0.233833
0.44 -0.233268
1.12 -0.226646
1.8 -0.21414
2.48 -0.196074
3.16 -0.172916
3.84 -0.145269
4.52 -0.11385
5.2 -0.0800114
5.88 -0.0551296
6.56 -0.0397042
7.24 -0.0306389
7.92 -0.0222116
8.6 -0.0132077
9.28 -0.00386087
9.96 0.00558623
10.64 0.0148883
11.32 0.0238038
12 0.0321012
12.68 0.0395652
13.36 0.0460018
14.04 0.0512441
14.72 0.0551558
15.4 0.0576355
16.08 0.0586187
16.76 0.0580799
17.44 0.0582994
18.12 0.0677855
18.8 0.088899
19.48 0.120106
20.16 0.148806
20.84 0.173643
21.52 0.193972
22.2 0.209264
22.88 0.219122
23.56 0.223292
24.24 0.221663
24.92 0.214279
25.6 0.201332
26.28 0.183157
26.96 0.160227
27.64 0.133136
28.32 0.102589
29 0.0693781
29.68 0.0398073
30.36 0.0172049
31.04 -0.00252492
31.72 -0.0216955
32.4 -0.0403028
33.08 -0.0578636
33.76 -0.0739221
34.44 -0.0880612
35.12 -0.0999139
35.8 -0.109172
36.48 -0.115596
37.16 -0.119019
37.84 -0.119351
38.52 -0.116584
39.2 -0.110791
39.88 -0.10212
40.56 -0.0907986
41.24 -0.0779862
41.92 -0.0750101
42.6 -0.0788962
43.28 -0.0807995
43.96 -0.0806048
44.64 -0.0783173
45.32 -0.0739963
46 -0.0677541
46.68 -0.0597526
47.36 -0.0501998
48.04 -0.0393435
48.72 -0.0274657
49.4 -0.0148747
50.08 -0.00189758
50.76 0.0111288
51.44 0.0238663
52.12 0.0361267
52.8 0.0524332
53.48 0.0746095
54.16 0.0951996
54.84 0.113318
55.52 0.128494
56.2 0.140334
56.88 0.14853
57.56 0.152869
58.24 0.15324
58.92 0.149631
59.6 0.142138
60.28 0.130954
60.96 0.11637
61.64 0.0987644
62.32 0.0785945
63 0.0563839
63.68 0.0373094
64.36 0.0247292
65.04 0.0163909
65.72 0.0108641
66.4 0.00720089
67.08 0.00477285
67.76 0.00316352
68.44 0.00209682
69.12 0.00138981
69.8 0.000921184
70.48 0.000610574
71.16 0.000404697
71.84 0.000268239
72.52 0.000177793
73.2 0.000117844
73.88 7.81085e-05
74.56 5.17715e-05
75.24 3.43149e-05
75.92 2.27444e-05
76.6 1.50753e-05
77.28 9.99214e-06
77.96 6.62294e-06
78.64 4.38978e-06
79.32 2.90961e-06
80 1.92853e-06
80.68 1.27826e-06
81.36 8.47248e-07
82.04 5.61569e-07
82.72 3.72216e-07
83.4 2.4671e-07
84.08 1.63523e-07
84.76 1.08385e-07
85.44 7.18394e-08
86.12 4.76162e-08
86.8 3.15607e-08
87.48 2.09189e-08
88.16 1.38654e-08
88.84 9.19016e-09
89.52 6.09137e-09
90.2 4.03745e-09
90.88 2.67608e-09
91.56 1.77375e-09
92.24 1.17566e-09
92.92 7.79247e-10
93.6 5.16496e-10
94.28 3.42341e-10
94.96 2.26909e-10
95.64 1.50398e-10
96.32 9.96863e-11
