-39 4.01124e-37
-38.32 1.96695e-36
-37.64 9.63905e-36
-36.96 4.72054e-35
-36.28 2.31023e-34
-35.6 1.12983e-33
-34.92 5.52147e-33
-34.24 2.69629e-32
-33.56 1.31563e-31
-32.88 6.41428e-31
-32.2 3.12456e-30
-31.52 1.52069e-29
-30.84 7.3942e-29
-30.16 3.59185e-28
-29.48 1.74302e-27
-28.8 8.44939e-27
-28.12 4.09132e-26
-27.44 1.97876e-25
-26.76 9.55852e-25
-26.08 4.61133e-24
-25.4 2.22163e-23
-24.72 1.06879e-22
-24.04 5.13403e-22
-23.36 2.46223e-21
-22.68 1.17886e-20
-22 5.63395e-20
-21.32 2.68742e-19
-20.64 1.2793e-18
-19.96 6.07669e-18
-19.28 2.87974e-17
-18.6 1.36131e-16
-17.92 6.418e-16
-17.24 3.01711e-15
-16.56 1.41394e-14
-15.88 6.60394e-14
-15.2 3.07314e-13
-14.52 1.42436e-12
-13.84 6.57283e-12
-13.16 3.01846e-11
-12.48 1.37878e-10
-11.8 6.26069e-10
-11.12 2.82397e-09
-10.44 1.26428e-08
-9.76 5.61224e-08
-9.08 2.46718e-07
-8.4 1.07246e-06
-7.72 4.60097e-06
-7.04 1.94336e-05
-6.36 8.05591e-05
-5.68 0.000326355
-5 0.00128448
-4.32 0.00356043
-3.64 0.00607494
-2.96 0.00744664
-2.28 0.00677922
-1.6 0.00440053
-0.92 0.00168062
-0.24 0.000116862
0.44 0.000355479
1.12 0.00183471
1.8 0.00327089
2.48 0.00360436
3.16 0.00270232
3.84 0.00130977
4.52 0.000321597
5.2 1.36167e-05
5.88 8.86407e-08
6.56 0.000134689
7.24 0.00256676
7.92 0.0148995
8.6 0.0495861
9.28 0.11912
9.96 0.228197
10.64 0.366791
11.32 0.508597
12 0.617349
12.68 0.659681
13.36 0.619285
14.04 0.50544
14.72 0.350865
15.4 0.198794
16.08 0.0848701
16.76 0.0228865
17.44 0.00266659
18.12 8.20322e-05
18.8 4.45603e-07
19.48 0.000544755
20.16 0.00594503
20.84 0.0251298
21.52 0.067735
22.2 0.138296
22.88 0.231399
23.56 0.330575
24.24 0.412226
24.92 0.453583
25.6 0.441526
26.28 0.378327
26.96 0.281413
27.64 0.176865
28.32 0.0893109
29 0.0327869
29.68 0.0105976
30.36 0.00532429
31.04 0.00484034
31.72 0.00533278
32.4 0.00520111
33.08 0.0044719
33.76 0.0033463
34.44 0.00212484
35.12 0.00109239
35.8 0.00041463
36.48 9.40655e-05
37.16 6.46588e-06
37.84 1.06331e-17
38.52 7.00946e-06
39.2 0.000109082
39.88 0.000515915
40.56 0.00145973
41.24 0.00319599
41.92 0.00927332
42.6 0.0278956
43.28 0.0599271
43.96 0.10348
44.64 0.151073
45.32 0.191614
46 0.214131
46.68 0.211916
47.36 0.185275
48.04 0.14158
48.72 0.0925099
49.4 0.0496231
50.08 0.0202051
50.76 0.00526127
51.44 0.000533773
52.12 4.99624e-07
52.8 9.96652e-05
53.48 0.00320025
54.16 0.0185246
54.84 0.0578712
55.52 0.128456
56.2 0.22675
56.88 0.336527
57.56 0.432647
58.24 0.489428
58.92 0.490264
59.6 0.43429
60.28 0.33705
60.96 0.224658
61.64 0.12392
62.32 0.0527109
63 0.0148762
63.68 0.0029182
64.36 0.000586879
65.04 0.000118001
65.72 2.37206e-05
66.4 4.76732e-06
67.08 9.57926e-07
67.76 1.92442e-07
68.44 3.86527e-08
69.12 7.76202e-09
69.8 1.55842e-09
70.48 3.12834e-10
71.16 6.27858e-11
71.84 1.25988e-11
72.52 2.52767e-12
73.2 5.0703e-13
73.88 1.01689e-13
74.56 2.0391e-14
75.24 4.08819e-15
75.92 8.19507e-16
76.6 1.6425e-16
77.28 3.29146e-17
77.96 6.59486e-18
78.64 1.32116e-18
79.32 2.64632e-19
80 5.29985e-20
80.68 1.06126e-20
81.36 2.12481e-21
82.04 4.2536e-22
82.72 8.51401e-23
83.4 1.70393e-23
84.08 3.40968e-24
84.76 6.82208e-25
85.44 1.36479e-25
86.12 2.72997e-26
86.8 5.46004e-27
87.48 1.0919e-27
88.16 2.18331e-28
88.84 4.36512e-29
89.52 8.72622e-30
90.2 1.74424e-30
90.88 3.48608e-31
91.56 6.96657e-32
92.24 1.39205e-32
92.92 2.78125e-33
93.6 5.55624e-34
94.28 1.10988e-34
94.96 2.21679e-35
95.64 4.42721e-36
96.32 8.8408e-37
