-39 -6.33344e-19
-38.32 -1.40248e-18
-37.64 -3.10468e-18
-36.96 -6.87062e-18
-36.28 -1.51994e-17
-35.6 -3.36129e-17
-34.92 -7.43066e-17
-34.24 -1.64204e-16
-33.56 -3.62717e-16
-32.88 -8.00892e-16
-32.2 -1.76764e-15
-31.52 -3.89961e-15
-30.84 -8.59895e-15
-30.16 -1.89522e-14
-29.48 -4.17495e-14
-28.8 -9.19206e-14
-28.12 -2.0227e-13
-27.44 -4.44833e-13
-26.76 -9.77677e-13
-26.08 -2.1474e-12
-25.4 -4.71342e-12
-24.72 -1.03382e-11
-24.04 -2.26584e-11
-23.36 -4.96208e-11
-22.68 -1.08575e-10
-22 -2.37359e-10
-21.32 -5.18403e-10
-20.64 -1.13106e-09
-19.96 -2.46509e-09
-19.28 -5.36632e-09
-18.6 -1.16675e-08
-17.92 -2.53338e-08
-17.24 -5.49282e-08
-16.56 -1.18909e-07
-15.88 -2.56981e-07
-15.2 -5.54359e-07
-14.52 -1.19347e-06
-13.84 -2.56375e-06
-13.16 -5.49405e-06
-12.48 -1.17421e-05
-11.8 -2.50214e-05
-11.12 -5.31411e-05
-10.44 -0.00011244
-9.76 -0.000236902
-9.08 -0.000496707
-8.4 -0.0010356
-7.72 -0.00214499
-7.04 -0.00440835
-6.36 -0.00897547
-5.68 -0.0180653
-5 -0.0358396
-4.32 -0.0596693
-3.64 -0.0779419
-2.96 -0.0862939
-2.28 -0.082336
-1.6 -0.0663365
-0.92 -0.0409954
-0.24 -0.0108103
0.44 0.0188541
1.12 0.0428335
1.8 0.0571917
2.48 0.0600363
3.16 0.0519839
3.84 0.0361908
4.52 0.0179331
5.2 0.00369008
5.88 0.000297726
6.56 0.0116056
7.24 0.0506632
7.92 0.122064
8.6 0.222679
9.28 0.345138
9.96 0.477699
10.64 0.605633
11.32 0.71316
12 0.785715
12.68 0.812207
13.36 0.786947
14.04 0.710943
14.72 0.592339
15.4 0.445864
16.08 0.291325
16.76 0.151283
17.44 0.0516391
18.12 0.00905716
18.8 0.000667535
19.48 0.02334
20.16 0.077104
20.84 0.158524
21.52 0.26026
22.2 0.371881
22.88 0.48104
23.56 0.574957
24.24 0.642048
24.92 0.673485
25.6 0.664474
26.28 0.615083
26.96 0.530484
27.64 0.420553
28.32 0.298849
29 0.181072
29.68 0.102945
30.36 0.0729677
31.04 0.0695726
31.72 0.0730259
32.4 0.0721188
33.08 0.0668723
33.76 0.0578472
34.44 0.046096
35.12 0.0330513
35.8 0.0203625
36.48 0.00969873
37.16 0.00254281
37.84 3.26084e-09
38.52 0.00264754
39.2 0.0104442
39.88 0.0227138
40.56 0.0382064
41.24 0.0565331
41.92 0.0962981
42.6 0.16702
43.28 0.2448
43.96 0.321683
44.64 0.388682
45.32 0.437738
46 0.462743
46.68 0.460344
47.36 0.430436
48.04 0.376271
48.72 0.304154
49.4 0.222762
50.08 0.142145
50.76 0.0725346
51.44 0.0231035
52.12 0.000706841
52.8 0.00998324
53.48 0.0565707
54.16 0.136105
54.84 0.240564
55.52 0.358408
56.2 0.476182
56.88 0.580109
57.56 0.657759
58.24 0.699591
58.92 0.700188
59.6 0.659007
60.28 0.58056
60.96 0.473981
61.64 0.352023
62.32 0.229589
63 0.121968
63.68 0.0540204
64.36 0.0242256
65.04 0.0108628
65.72 0.00487038
66.4 0.00218342
67.08 0.000978737
67.76 0.000438682
68.44 0.000196603
69.12 8.81024e-05
69.8 3.94769e-05
70.48 1.76871e-05
71.16 7.92375e-06
71.84 3.54948e-06
72.52 1.58986e-06
73.2 7.1206e-07
73.88 3.18886e-07
74.56 1.42797e-07
75.24 6.39389e-08
75.92 2.8627e-08
76.6 1.2816e-08
77.28 5.73713e-09
77.96 2.56805e-09
78.64 1.14942e-09
79.32 5.14424e-10
80 2.30214e-10
80.68 1.03018e-10
81.36 4.60957e-11
82.04 2.06243e-11
82.72 9.22714e-12
83.4 4.12787e-12
84.08 1.84653e-12
84.76 8.25959e-13
85.44 3.6943e-13
86.12 1.65226e-13
86.8 7.38921e-14
87.48 3.30439e-14
88.16 1.4776e-14
88.84 6.6069e-15
89.52 2.95402e-15
90.2 1.3207e-15
90.88 5.9043e-16
91.56 2.63943e-16
92.24 1.17985e-16
92.92 5.27376e-17
93.6 2.35717e-17
94.28 1.05351e-17
94.96 4.70829e-18
95.64 2.10409e-18
96.32 9.40255e-19
