-39 2.47004e-17
-38.32 5.3743e-17
-37.64 1.1686e-16
-36.96 2.53938e-16
-36.28 5.51436e-16
-35.6 1.19662e-15
-34.92 2.59479e-15
-34.24 5.62234e-15
-33.56 1.21728e-14
-32.88 2.63333e-14
-32.2 5.69181e-14
-31.52 1.22916e-13
-30.84 2.65192e-13
-30.16 5.71597e-13
-29.48 1.23078e-12
-28.8 2.64731e-12
-28.12 5.68784e-12
-27.44 1.22062e-11
-26.76 2.61626e-11
-26.08 5.60042e-11
-25.4 1.19721e-10
-24.72 2.55561e-10
-24.04 5.44708e-10
-23.36 1.15914e-09
-22.68 2.46248e-09
-22 5.22191e-09
-21.32 1.10523e-08
-20.64 2.33451e-08
-19.96 4.92033e-08
-19.28 1.03463e-07
-18.6 2.17016e-07
-17.92 4.53981e-07
-17.24 9.46963e-07
-16.56 1.96913e-06
-15.88 4.08086e-06
-15.2 8.42626e-06
-14.52 1.73291e-05
-13.84 3.54823e-05
-13.16 7.23017e-05
-12.48 0.000146542
-11.8 0.000295252
-11.12 0.000590929
-10.44 0.00117388
-9.76 0.00231216
-9.08 0.0045101
-8.4 0.00869901
-7.72 0.0165593
-7.04 0.0310348
-6.36 0.057084
-5.68 0.102611
-5 0.179198
-4.32 0.257772
-3.64 0.283709
-2.96 0.25543
-2.28 0.187726
-1.6 0.106138
-0.92 0.0377158
-0.24 0.00259446
0.44 0.00829582
1.12 0.0479735
1.8 0.102945
2.48 0.14889
3.16 0.164269
3.84 0.138973
4.52 0.0810578
5.2 0.0191884
5.88 0.00175063
6.56 0.0761326
7.24 0.366802
7.92 0.966744
8.6 1.91504
9.28 3.20288
9.96 4.75789
10.64 6.44393
11.32 8.07297
12 9.42858
12.68 10.2988
13.36 10.5136
14.04 9.98164
14.72 8.71923
15.4 6.8663
16.08 4.6845
16.76 2.5355
17.44 0.900585
18.12 0.164116
18.8 0.0125497
19.48 0.454663
20.16 1.55442
20.84 3.30363
21.52 5.60079
22.2 8.25576
22.88 11.0062
23.56 13.546
24.24 15.5633
24.92 16.7833
25.6 17.0105
26.28 16.1644
26.96 14.3018
27.64 11.6241
28.32 8.46341
29 5.25107
29.68 3.0554
30.36 2.2153
31.04 2.15953
31.72 2.31638
32.4 2.33665
33.08 2.21213
33.76 1.95292
34.44 1.58755
35.12 1.16076
35.8 0.728977
36.48 0.35381
37.16 0.0944908
37.84 1.2339e-07
38.52 0.101983
39.2 0.409413
39.88 0.905825
40.56 1.54965
41.24 2.33142
41.92 4.03682
42.6 7.11504
43.28 10.595
43.96 14.1412
44.64 17.3507
45.32 19.8383
46 21.2862
46.68 21.4888
47.36 20.3854
48.04 18.076
48.72 14.8184
49.4 11.0045
50.08 7.11861
50.76 3.68186
51.44 1.18845
52.12 0.0368405
52.8 0.527115
53.48 3.0254
54.16 7.37145
54.84 13.1925
55.52 19.8988
56.2 26.7614
56.88 32.9966
57.56 37.8606
58.24 40.7442
58.92 41.2551
59.6 39.2768
60.28 34.9961
60.96 28.8939
61.64 21.6987
62.32 14.308
63 7.68398
63.68 3.44002
64.36 1.55916
65.04 0.706518
65.72 0.320082
66.4 0.144979
67.08 0.0656537
67.76 0.0297251
68.44 0.0134555
69.12 0.00608963
69.8 0.00275549
70.48 0.00124659
71.16 0.000563854
71.84 0.000254995
72.52 0.000115297
73.2 5.21228e-05
73.88 2.35593e-05
74.56 1.06469e-05
75.24 4.81076e-06
75.92 2.17336e-06
76.6 9.81706e-07
77.28 4.43365e-07
77.96 2.00205e-07
78.64 9.03903e-08
79.32 4.08041e-08
80 1.84171e-08
80.68 8.31146e-09
81.36 3.75034e-09
82.04 1.69202e-09
82.72 7.63269e-10
83.4 3.44265e-10
84.08 1.55256e-10
84.76 7.00083e-11
85.44 3.15641e-11
86.12 1.42293e-11
86.8 6.41384e-12
87.48 2.89068e-12
88.16 1.30265e-12
88.84 5.86957e-13
89.52 2.64444e-13
90.2 1.19127e-13
90.88 5.36583e-14
91.56 2.41666e-14
92.24 1.08829e-14
92.92 4.90038e-15
93.6 2.20631e-15
94.28 9.93248e-16
94.96 4.47099e-16
95.64 2.01236e-16
96.32 9.05654e-17
