-39 -1.27435e-10
-38.32 -1.91309e-10
-37.64 -2.872e-10
-36.96 -4.31154e-10
-36.28 -6.47262e-10
-35.6 -9.71691e-10
-34.92 -1.45874e-09
-34.24 -2.1899e-09
-33.56 -3.28755e-09
-32.88 -4.93538e-09
-32.2 -7.40916e-09
-31.52 -1.11229e-08
-30.84 -1.6698e-08
-30.16 -2.50677e-08
-29.48 -3.76324e-08
-28.8 -5.6495e-08
-28.12 -8.48122e-08
-27.44 -1.27323e-07
-26.76 -1.91141e-07
-26.08 -2.86948e-07
-25.4 -4.30776e-07
-24.72 -6.46695e-07
-24.04 -9.70839e-07
-23.36 -1.45746e-06
-22.68 -2.18798e-06
-22 -3.28467e-06
-21.32 -4.93106e-06
-20.64 -7.40267e-06
-19.96 -1.11131e-05
-19.28 -1.66834e-05
-18.6 -2.50457e-05
-17.92 -3.75994e-05
-17.24 -5.64455e-05
-16.56 -8.47378e-05
-15.88 -0.000127211
-15.2 -0.000190974
-14.52 -0.000286696
-13.84 -0.000430398
-13.16 -0.000646128
-12.48 -0.000969988
-11.8 -0.00145618
-11.12 -0.00218606
-10.44 -0.00328179
-9.76 -0.00492673
-9.08 -0.00739618
-8.4 -0.0111034
-7.72 -0.0166688
-7.04 -0.0250237
-6.36 -0.0375664
-5.68 -0.056396
-5 -0.0846635
-4.32 -0.117526
-3.64 -0.146331
-2.96 -0.170744
-2.28 -0.190032
-1.6 -0.203618
-0.92 -0.211093
-0.24 -0.212233
0.44 -0.207003
1.12 -0.195561
1.8 -0.17825
2.48 -0.15559
3.16 -0.12826
3.84 -0.0970808
4.52 -0.0629882
5.2 -0.0266389
5.88 0.00711573
6.56 0.0420612
7.24 0.0836522
7.92 0.124145
8.6 0.160913
9.28 0.192851
9.96 0.219002
10.64 0.23858
11.32 0.250998
12 0.255883
12.68 0.253089
13.36 0.2427
14.04 0.225027
14.72 0.2006
15.4 0.170153
16.08 0.1346
16.76 0.0950074
17.44 0.0544147
18.12 0.0223572
18.8 -0.00595879
19.48 -0.0346143
20.16 -0.0618434
20.84 -0.0872164
21.52 -0.109972
22.2 -0.129427
22.88 -0.144998
23.56 -0.156218
24.24 -0.162749
24.92 -0.164396
25.6 -0.161109
26.28 -0.152987
26.96 -0.140274
27.64 -0.123351
28.32 -0.102726
29 -0.079018
29.68 -0.0588938
30.36 -0.0490246
31.04 -0.0473433
31.72 -0.0479813
32.4 -0.0471793
33.08 -0.0449614
33.76 -0.0413942
34.44 -0.0365847
35.12 -0.0306773
35.8 -0.0238492
36.48 -0.0163053
37.16 -0.00827216
37.84 9.28302e-06
38.52 0.00829045
39.2 0.0163228
39.88 0.0238653
40.56 0.0306916
41.24 0.0370247
41.92 0.047929
42.6 0.0626151
43.28 0.0752077
43.96 0.0855432
44.64 0.0933114
45.32 0.0982793
46 0.100298
46.68 0.0993061
47.36 0.0953341
48.04 0.0885011
48.72 0.0790121
49.4 0.0671518
50.08 0.0532762
50.76 0.0378017
51.44 0.0211928
52.12 0.00368263
52.8 -0.0137505
53.48 -0.0325237
54.16 -0.05013
54.84 -0.0662319
55.52 -0.080346
56.2 -0.0920489
56.88 -0.100989
57.56 -0.106899
58.24 -0.1096
58.92 -0.109012
59.6 -0.105153
60.28 -0.0981379
60.96 -0.0881775
61.64 -0.0755708
62.32 -0.0606962
63 -0.044
63.68 -0.0291258
64.36 -0.0194012
65.04 -0.0129235
65.72 -0.00860861
66.4 -0.00573436
67.08 -0.00381976
67.76 -0.00254442
68.44 -0.00169488
69.12 -0.00112899
69.8 -0.000752045
70.48 -0.000500951
71.16 -0.000333693
71.84 -0.000222279
72.52 -0.000148065
73.2 -9.86286e-05
73.88 -6.56984e-05
74.56 -4.37629e-05
75.24 -2.91513e-05
75.92 -1.94182e-05
76.6 -1.29349e-05
77.28 -8.61616e-06
77.96 -5.73939e-06
78.64 -3.82311e-06
79.32 -2.54665e-06
80 -1.69637e-06
80.68 -1.12999e-06
81.36 -7.52705e-07
82.04 -5.01391e-07
82.72 -3.33986e-07
83.4 -2.22474e-07
84.08 -1.48194e-07
84.76 -9.87151e-08
85.44 -6.5756e-08
86.12 -4.38013e-08
86.8 -2.91769e-08
87.48 -1.94353e-08
88.16 -1.29462e-08
88.84 -8.62372e-09
89.52 -5.74442e-09
90.2 -3.82647e-09
90.88 -2.54888e-09
91.56 -1.69786e-09
92.24 -1.13098e-09
92.92 -7.53365e-10
93.6 -5.01831e-10
94.28 -3.34279e-10
94.96 -2.2267e-10
95.64 -1.48324e-10
96.32 -9.88018e-11
