-39 1.96948e-39
-38.32 9.46496e-39
-37.64 4.54584e-38
-36.96 2.18185e-37
-36.28 1.04651e-36
-35.6 5.01596e-36
-34.92 2.40242e-35
-34.24 1.14978e-34
-33.56 5.49841e-34
-32.88 2.62726e-33
-32.2 1.25429e-32
-31.52 5.98281e-32
-30.84 2.85107e-31
-30.16 1.35734e-30
-29.48 6.45546e-30
-28.8 3.06693e-29
-28.12 1.45545e-28
-27.44 6.89891e-28
-26.76 3.26611e-27
-26.08 1.54426e-26
-25.4 7.29153e-26
-24.72 3.43791e-25
-24.04 1.6185e-24
-23.36 7.60741e-24
-22.68 3.56963e-23
-22 1.67197e-22
-21.32 7.81637e-22
-20.64 3.64667e-21
-19.96 1.69764e-20
-19.28 7.88468e-20
-18.6 3.65294e-19
-17.92 1.68787e-18
-17.24 7.7765e-18
-16.56 3.57171e-17
-15.88 1.63495e-16
-15.2 7.45652e-16
-14.52 3.38711e-15
-13.84 1.53184e-14
-13.16 6.89446e-14
-12.48 3.08649e-13
-11.8 1.37355e-12
-11.12 6.07208e-12
-10.44 2.66425e-11
-9.76 1.1591e-10
-9.08 4.99389e-10
-8.4 2.12751e-09
-7.72 8.9453e-09
-7.04 3.70299e-08
-6.36 1.50442e-07
-5.68 5.97306e-07
-5 2.30402e-06
-4.32 6.27001e-06
-3.64 1.0576e-05
-2.96 1.26839e-05
-2.28 1.11888e-05
-1.6 6.9652e-06
-0.92 2.52068e-06
-0.24 1.63642e-07
0.44 4.55759e-07
1.12 2.0956e-06
1.8 3.19342e-06
2.48 2.8073e-06
3.16 1.47099e-06
3.84 3.62613e-07
4.52 1.30542e-08
5.2 1.36826e-09
5.88 4.7853e-07
6.56 8.04828e-06
7.24 6.83255e-05
7.92 0.000296811
8.6 0.000831345
9.28 0.00175546
9.96 0.00300623
10.64 0.00433649
11.32 0.00537242
12 0.00575894
12.68 0.00532782
13.36 0.00419696
14.04 0.00273436
14.72 0.00139173
15.4 0.000491523
16.08 8.9421e-05
16.76 2.52e-06
17.44 2.06612e-07
18.12 6.16505e-05
18.8 0.00089797
19.48 0.00598364
20.16 0.0204864
20.84 0.0481923
21.52 0.0883191
22.2 0.133926
22.88 0.173354
23.56 0.194453
24.24 0.189795
24.92 0.160276
25.6 0.115098
26.28 0.067881
26.96 0.0307177
27.64 0.00922072
28.32 0.00123798
29 9.66372e-06
29.68 4.20108e-05
30.36 0.00293917
31.04 0.0333429
31.72 0.168621
32.4 0.48997
33.08 1.03063
33.76 1.73118
34.44 2.43811
35.12 2.9522
35.8 3.10814
36.48 2.84796
37.16 2.25066
37.84 1.50077
38.52 0.808939
39.2 0.323715
39.88 0.0793452
40.56 0.00659681
41.24 4.29351e-07
41.92 0.00334828
42.6 0.0750787
43.28 0.394354
43.96 1.16249
44.64 2.45925
45.32 4.13842
46 5.82822
46.68 7.0516
47.36 7.41785
48.04 6.79481
48.72 5.37451
49.4 3.59468
50.08 1.951
50.76 0.792163
51.44 0.200661
52.12 0.0185113
52.8 6.94743e-05
53.48 0.00089954
54.16 0.0355093
54.84 0.218094
55.52 0.692632
56.2 1.53252
56.88 2.66083
57.56 3.8397
58.24 4.74397
58.92 5.08976
59.6 4.75792
60.28 3.85029
60.96 2.64847
61.64 1.49307
62.32 0.642386
63 0.1808
63.68 0.0369613
64.36 0.00758449
65.04 0.001556
65.72 0.000319151
66.4 6.54472e-05
67.08 1.34182e-05
67.76 2.75048e-06
68.44 5.63684e-07
69.12 1.15498e-07
69.8 2.3661e-08
70.48 4.84627e-09
71.16 9.92433e-10
71.84 2.03196e-10
72.52 4.1596e-11
73.2 8.51358e-12
73.88 1.7422e-12
74.56 3.56458e-13
75.24 7.29202e-14
75.92 1.49148e-14
76.6 3.05011e-15
77.28 6.23656e-16
77.96 1.27499e-16
78.64 2.60618e-17
79.32 5.32644e-18
80 1.08844e-18
80.68 2.22387e-19
81.36 4.54311e-20
82.04 9.27976e-21
82.72 1.89522e-21
83.4 3.87012e-22
84.08 7.90189e-23
84.76 1.61317e-23
85.44 3.29288e-24
86.12 6.7207e-25
86.8 1.37151e-25
87.48 2.79854e-26
88.16 5.70966e-27
88.84 1.16476e-27
89.52 2.37582e-28
90.2 4.84552e-29
90.88 9.88138e-30
91.56 2.01486e-30
92.24 4.10796e-31
92.92 8.37451e-32
93.6 1.70705e-32
94.28 3.47926e-33
94.96 7.0906e-34
95.64 1.44489e-34
96.32 2.94403e-35
