-39 -4.43788e-20
-38.32 -9.7288e-20
-37.64 -2.1321e-19
-36.96 -4.67103e-19
-36.28 -1.02299e-18
-35.6 -2.23963e-18
-34.92 -4.90145e-18
-34.24 -1.07228e-17
-33.56 -2.34487e-17
-32.88 -5.12568e-17
-32.2 -1.11995e-16
-31.52 -2.44598e-16
-30.84 -5.33954e-16
-30.16 -1.16505e-15
-29.48 -2.54076e-15
-28.8 -5.53799e-15
-28.12 -1.20642e-14
-27.44 -2.62658e-14
-26.76 -5.71499e-14
-26.08 -1.24268e-13
-25.4 -2.70028e-13
-24.72 -5.86337e-13
-24.04 -1.2722e-12
-23.36 -2.75815e-12
-22.68 -5.97464e-12
-22 -1.29305e-11
-21.32 -2.79578e-11
-20.64 -6.03877e-11
-19.96 -1.30293e-10
-19.28 -2.80797e-10
-18.6 -6.04395e-10
-17.92 -1.29918e-09
-17.24 -2.78864e-09
-16.56 -5.97638e-09
-15.88 -1.27865e-08
-15.2 -2.73066e-08
-14.52 -5.81988e-08
-13.84 -1.23768e-07
-13.16 -2.62573e-07
-12.48 -5.55561e-07
-11.8 -1.17199e-06
-11.12 -2.46416e-06
-10.44 -5.16164e-06
-9.76 -1.07661e-05
-9.08 -2.2347e-05
-8.4 -4.6125e-05
-7.72 -9.45796e-05
-7.04 -0.000192432
-6.36 -0.000387868
-5.68 -0.000772856
-5 -0.0015179
-4.32 -0.002504
-3.64 -0.00325207
-2.96 -0.00356145
-2.28 -0.00334497
-1.6 -0.00263917
-0.92 -0.00158767
-0.24 -0.000404526
0.44 0.000675099
1.12 0.00144762
1.8 0.00178701
2.48 0.0016755
3.16 0.00121284
3.84 0.000602174
4.52 0.000114255
5.2 3.69901e-05
5.88 0.000691759
6.56 0.00283695
7.24 0.00826593
7.92 0.0172282
8.6 0.028833
9.28 0.0418982
9.96 0.0548291
10.64 0.065852
11.32 0.0732968
12 0.0758877
12.68 0.0729919
13.36 0.064784
14.04 0.0522911
14.72 0.0373059
15.4 0.0221703
16.08 0.00945627
16.76 0.00158745
17.44 0.000454546
18.12 0.00785178
18.8 0.0299661
19.48 0.077354
20.16 0.143131
20.84 0.219527
21.52 0.297185
22.2 0.365959
22.88 0.416358
23.56 0.440968
24.24 0.435655
24.92 0.400345
25.6 0.339261
26.28 0.26054
26.96 0.175265
27.64 0.0960246
28.32 0.0351849
29 0.00310865
29.68 0.00648158
30.36 0.0542141
31.04 0.1826
31.72 0.410635
32.4 0.699978
33.08 1.0152
33.76 1.31574
34.44 1.56145
35.12 1.7182
35.8 1.76299
36.48 1.68759
37.16 1.50022
37.84 1.22506
38.52 0.89941
39.2 0.568959
39.88 0.281683
40.56 0.0812207
41.24 0.000655249
41.92 0.0578644
42.6 0.274005
43.28 0.627976
43.96 1.07819
44.64 1.5682
45.32 2.03431
46 2.41417
46.68 2.65548
47.36 2.72357
48.04 2.60669
48.72 2.3183
49.4 1.89596
50.08 1.39678
50.76 0.890035
51.44 0.447953
52.12 0.136056
52.8 0.00833512
53.48 0.0299923
54.16 0.188439
54.84 0.467005
55.52 0.832245
56.2 1.23795
56.88 1.6312
57.56 1.95952
58.24 2.17806
58.92 2.25605
59.6 2.18127
60.28 1.96221
60.96 1.62741
61.64 1.22191
62.32 0.80149
63 0.425206
63.68 0.192253
64.36 0.087089
65.04 0.0394461
65.72 0.0178648
66.4 0.00808994
67.08 0.00366309
67.76 0.00165846
68.44 0.000750789
69.12 0.000339851
69.8 0.000153821
70.48 6.96152e-05
71.16 3.15029e-05
71.84 1.42547e-05
72.52 6.4495e-06
73.2 2.9178e-06
73.88 1.31992e-06
74.56 5.97041e-07
75.24 2.70037e-07
75.92 1.22126e-07
76.6 5.52278e-08
77.28 2.49731e-08
77.96 1.12916e-08
78.64 5.10508e-09
79.32 2.30791e-09
80 1.04328e-09
80.68 4.7158e-10
81.36 2.13146e-10
82.04 9.63315e-11
82.72 4.35341e-11
83.4 1.96726e-11
84.08 8.88926e-12
84.76 4.01643e-12
85.44 1.81463e-12
86.12 8.19799e-13
86.8 3.70339e-13
87.48 1.67288e-13
88.16 7.55623e-14
88.84 3.41286e-14
89.52 1.54137e-14
90.2 6.96098e-15
90.88 3.14347e-15
91.56 1.41946e-15
92.24 6.40934e-16
92.92 2.89388e-16
93.6 1.30654e-16
94.28 5.89853e-17
94.96 2.66282e-17
95.64 1.20204e-17
96.32 5.42589e-18
