-39 1.73077e-18
-38.32 3.72808e-18
-37.64 8.02521e-18
-36.96 1.72641e-17
-36.28 3.7114e-17
-35.6 7.9731e-17
-34.92 1.71159e-16
-34.24 3.67148e-16
-33.56 7.86938e-16
-32.88 1.68532e-15
-32.2 3.60624e-15
-31.52 7.70973e-15
-30.84 1.64672e-14
-30.16 3.51379e-14
-29.48 7.49016e-14
-28.8 1.59494e-13
-28.12 3.39245e-13
-27.44 7.20733e-13
-26.76 1.52933e-12
-26.08 3.24092e-12
-25.4 6.85872e-12
-24.72 1.44943e-11
-24.04 3.05838e-11
-23.36 6.44305e-11
-22.68 1.35505e-10
-22 2.84471e-10
-21.32 5.9606e-10
-20.64 1.2464e-09
-19.96 2.60066e-09
-19.28 5.41376e-09
-18.6 1.12418e-08
-17.92 2.32813e-08
-17.24 4.80761e-08
-16.56 9.89689e-08
-15.88 2.0305e-07
-15.2 4.15061e-07
-14.52 8.45047e-07
-13.84 1.71294e-06
-13.16 3.45546e-06
-12.48 6.93341e-06
-11.8 1.38294e-05
-11.12 2.74015e-05
-10.44 5.38875e-05
-9.76 0.000105078
-9.08 0.000202911
-8.4 0.00038745
-7.72 0.000730155
-7.04 0.00135472
-6.36 0.00246684
-5.68 0.00438982
-5 0.0075895
-4.32 0.0108173
-3.64 0.0118375
-2.96 0.0105419
-2.28 0.00762653
-1.6 0.00422267
-0.92 0.00146065
-0.24 9.70863e-05
0.44 0.000297044
1.12 0.00162133
1.8 0.00321663
2.48 0.00415524
3.16 0.00383258
3.84 0.00231235
4.52 0.000516433
5.2 0.000192348
5.88 0.00406754
6.56 0.0186104
7.24 0.0598453
7.92 0.136447
8.6 0.247964
9.28 0.388815
9.96 0.546098
10.64 0.700666
11.32 0.82972
12 0.910652
12.68 0.925538
13.36 0.865514
14.04 0.734167
14.72 0.549143
15.4 0.341423
16.08 0.152057
16.76 0.0266057
17.44 0.00792728
18.12 0.142274
18.8 0.563364
19.48 1.50686
20.16 2.88552
20.84 4.57495
21.52 6.39543
22.2 8.1243
22.88 9.52627
23.56 10.3892
24.24 10.5603
24.92 9.9766
25.6 8.68509
26.28 6.84699
26.96 4.72514
27.64 2.65412
28.32 0.996436
29 0.0901509
29.68 0.192373
30.36 1.64594
31.04 5.66791
31.72 13.0254
32.4 22.6793
33.08 33.5828
33.76 44.4195
34.44 53.7762
35.12 60.3431
35.8 63.1151
36.48 61.5633
37.16 55.7482
37.84 46.3563
38.52 34.6453
39.2 22.3032
39.88 11.2335
40.56 3.29431
41.24 0.0270225
41.92 2.42567
42.6 11.6726
43.28 27.1788
43.96 47.3971
44.64 70.0045
45.32 92.195
46 111.052
46.68 123.958
47.36 128.988
48.04 125.225
48.72 112.948
49.4 93.6606
50.08 69.9508
50.76 45.1782
51.44 23.0427
52.12 7.09126
52.8 0.440095
53.48 1.60399
54.16 10.2059
54.84 25.6106
55.52 46.2063
56.2 69.5728
56.88 92.7829
57.56 112.79
58.24 126.85
58.92 132.926
59.6 130.003
60.28 118.282
60.96 99.207
61.64 75.3186
62.32 49.9488
63 26.788
63.68 12.2427
64.36 5.60505
65.04 2.56558
65.72 1.17407
66.4 0.537172
67.08 0.24572
67.76 0.112377
68.44 0.051384
69.12 0.0234905
69.8 0.0107367
70.48 0.00490648
71.16 0.00224175
71.84 0.00102406
72.52 0.000467718
73.2 0.000213583
73.88 9.75159e-05
74.56 4.45154e-05
75.24 2.03176e-05
75.92 9.27181e-06
76.6 4.23045e-06
77.28 1.92992e-06
77.96 8.8029e-07
78.64 4.01463e-07
79.32 1.83063e-07
80 8.34627e-08
80.68 3.8047e-08
81.36 1.73415e-08
82.04 7.90304e-09
82.72 3.60114e-09
83.4 1.6407e-09
84.08 7.47409e-10
84.76 3.40433e-10
85.44 1.55042e-10
86.12 7.06011e-11
86.8 3.21454e-11
87.48 1.46344e-11
88.16 6.66157e-12
88.84 3.03199e-12
89.52 1.37983e-12
90.2 6.2788e-13
90.88 2.85678e-13
91.56 1.29966e-13
92.24 5.91197e-14
92.92 2.68899e-14
93.6 1.22292e-14
94.28 5.56113e-15
94.96 2.52861e-15
95.64 1.14963e-15
96.32 5.22622e-16
