-39 3.3733e-11
-38.32 5.03868e-11
-37.64 7.52625e-11
-36.96 1.12419e-10
-36.28 1.6792e-10
-35.6 2.50821e-10
-34.92 3.74649e-10
-34.24 5.59612e-10
-33.56 8.35889e-10
-32.88 1.24856e-09
-32.2 1.86497e-09
-31.52 2.78569e-09
-30.84 4.16097e-09
-30.16 6.21522e-09
-29.48 9.28364e-09
-28.8 1.38669e-08
-28.12 2.07129e-08
-27.44 3.09388e-08
-26.76 4.6213e-08
-26.08 6.90282e-08
-25.4 1.03107e-07
-24.72 1.5401e-07
-24.04 2.30044e-07
-23.36 3.43616e-07
-22.68 5.13256e-07
-22 7.66648e-07
-21.32 1.14514e-06
-20.64 1.71048e-06
-19.96 2.55494e-06
-19.28 3.8163e-06
-18.6 5.70038e-06
-17.92 8.51463e-06
-17.24 1.27183e-05
-16.56 1.89972e-05
-15.88 2.8376e-05
-15.2 4.2385e-05
-14.52 6.33102e-05
-13.84 9.45661e-05
-13.16 0.000141253
-12.48 0.000210988
-11.8 0.000315152
-11.12 0.000470741
-10.44 0.000703143
-9.76 0.00105028
-9.08 0.0015688
-8.4 0.0023433
-7.72 0.00350018
-7.04 0.00522819
-6.36 0.00780932
-5.68 0.0116647
-5 0.0174235
-4.32 0.0240755
-3.64 0.0298902
-2.96 0.0346871
-2.28 0.0383026
-1.6 0.0406138
-0.92 0.0415418
-0.24 0.0410552
0.44 0.0391704
1.12 0.0359516
1.8 0.0315085
2.48 0.0259924
3.16 0.0195911
3.84 0.0125226
4.52 0.00502769
5.2 -0.00266711
5.88 -0.0108465
6.56 -0.0207957
7.24 -0.0337891
7.92 -0.0466399
8.6 -0.0579023
9.28 -0.0671929
9.96 -0.0741952
10.64 -0.0786708
11.32 -0.0804673
12 -0.0795234
12.68 -0.0758713
13.36 -0.0696355
14.04 -0.0610282
14.72 -0.0503425
15.4 -0.0379425
16.08 -0.0242503
16.76 -0.00973224
17.44 0.00510523
18.12 0.0208164
18.8 0.0399242
19.48 0.0630154
20.16 0.08426
20.84 0.102635
21.52 0.117515
22.2 0.128393
22.88 0.134898
23.56 0.136809
24.24 0.134062
24.92 0.126749
25.6 0.115119
26.28 0.0995691
26.96 0.0806283
27.64 0.0589416
28.32 0.0352478
29 0.0103535
29.68 -0.0147778
30.36 -0.0422576
31.04 -0.076699
31.72 -0.113779
32.4 -0.146984
33.08 -0.175183
33.76 -0.197417
34.44 -0.212928
35.12 -0.221187
35.8 -0.221914
36.48 -0.215083
37.16 -0.200928
37.84 -0.17993
38.52 -0.152804
39.2 -0.120475
39.88 -0.0840432
40.56 -0.0447491
41.24 -0.00398606
41.92 0.0371531
42.6 0.0802
43.28 0.120456
43.96 0.15661
44.64 0.18743
45.32 0.211867
46 0.229089
46.68 0.23851
47.36 0.239808
48.04 0.232939
48.72 0.218138
49.4 0.195908
50.08 0.167006
50.76 0.132417
51.44 0.093318
52.12 0.0510925
52.8 0.0125643
53.48 -0.0236815
54.16 -0.0589856
54.84 -0.092281
55.52 -0.122434
56.2 -0.148417
56.88 -0.169346
57.56 -0.184508
58.24 -0.193386
58.92 -0.195678
59.6 -0.191307
60.28 -0.180421
60.96 -0.16339
61.64 -0.140795
62.32 -0.113406
63 -0.0821541
63.68 -0.0549459
64.36 -0.0367852
65.04 -0.024627
65.72 -0.0164873
66.4 -0.011038
67.08 -0.0073897
67.76 -0.00494727
68.44 -0.0033121
69.12 -0.00221739
69.8 -0.0014845
70.48 -0.000993846
71.16 -0.000665361
71.84 -0.000445447
72.52 -0.000298218
73.2 -0.000199651
73.88 -0.000133663
74.56 -8.94848e-05
75.24 -5.99084e-05
75.92 -4.01075e-05
76.6 -2.68512e-05
77.28 -1.79764e-05
77.96 -1.20349e-05
78.64 -8.05711e-06
79.32 -5.39409e-06
80 -3.61124e-06
80.68 -2.41766e-06
81.36 -1.61858e-06
82.04 -1.08361e-06
82.72 -7.25454e-07
83.4 -4.85678e-07
84.08 -3.25152e-07
84.76 -2.17683e-07
85.44 -1.45735e-07
86.12 -9.75667e-08
86.8 -6.53191e-08
87.48 -4.37299e-08
88.16 -2.92763e-08
88.84 -1.96e-08
89.52 -1.31218e-08
90.2 -8.7848e-09
90.88 -5.88126e-09
91.56 -3.93739e-09
92.24 -2.63601e-09
92.92 -1.76476e-09
93.6 -1.18147e-09
94.28 -7.90974e-10
94.96 -5.29542e-10
95.64 -3.54518e-10
96.32 -2.37343e-10
