-39 -1.24786e-17
-38.32 -2.4481e-17
-37.64 -4.80127e-17
-36.96 -9.41326e-17
-36.28 -1.84492e-16
-35.6 -3.61461e-16
-34.92 -7.07925e-16
-34.24 -1.38595e-15
-33.56 -2.7123e-15
-32.88 -5.30579e-15
-32.2 -1.03747e-14
-31.52 -2.02772e-14
-30.84 -3.9613e-14
-30.16 -7.73493e-14
-29.48 -1.50957e-13
-28.8 -2.94456e-13
-28.12 -5.74045e-13
-27.44 -1.11845e-12
-26.76 -2.17781e-12
-26.08 -4.23783e-12
-25.4 -8.24083e-12
-24.72 -1.60135e-11
-24.04 -3.10939e-11
-23.36 -6.03275e-11
-22.68 -1.16946e-10
-22 -2.265e-10
-21.32 -4.38263e-10
-20.64 -8.47147e-10
-19.96 -1.63573e-09
-19.28 -3.15471e-09
-18.6 -6.07669e-09
-17.92 -1.16895e-08
-17.24 -2.24541e-08
-16.56 -4.30646e-08
-15.88 -8.2454e-08
-15.2 -1.57582e-07
-14.52 -3.0056e-07
-13.84 -5.72009e-07
-13.16 -1.08599e-06
-12.48 -2.05629e-06
-11.8 -3.88198e-06
-11.12 -7.30429e-06
-10.44 -1.36923e-05
-9.76 -2.5558e-05
-9.08 -4.74749e-05
-8.4 -8.76919e-05
-7.72 -0.000160916
-7.04 -0.000292992
-6.36 -0.000528497
-5.68 -0.000942401
-5 -0.00165638
-4.32 -0.00242989
-3.64 -0.00273527
-2.96 -0.00249771
-2.28 -0.00185215
-1.6 -0.00106609
-0.92 -0.000412877
-0.24 -5.37408e-05
0.44 2.55416e-05
1.12 9.98056e-08
1.8 0.000120843
2.48 0.000593742
3.16 0.0014729
3.84 0.00261259
4.52 0.00370179
5.2 0.00444064
5.88 0.00597593
6.56 0.00966575
7.24 0.0173739
7.92 0.0261799
8.6 0.0327183
9.28 0.0347936
9.96 0.0314374
10.64 0.0234134
11.32 0.0131726
12 0.00421959
12.68 4.98188e-05
13.36 0.00298061
14.04 0.0132608
14.72 0.0287829
15.4 0.0455461
16.08 0.0587795
16.76 0.0644126
17.44 0.0653923
18.12 0.0815122
18.8 0.123362
19.48 0.19557
20.16 0.254601
20.84 0.280982
21.52 0.265752
22.2 0.21228
22.88 0.136001
23.56 0.0603598
24.24 0.0100187
24.92 0.0032862
25.6 0.0460966
26.28 0.129493
26.96 0.231588
27.64 0.323615
28.32 0.378418
29 0.378863
29.68 0.392954
30.36 0.51115
31.04 0.797169
31.72 1.15404
32.4 1.38686
33.08 1.42424
33.76 1.25111
34.44 0.915612
35.12 0.517111
35.8 0.178016
36.48 0.00755404
37.16 0.0681263
37.84 0.354622
38.52 0.793457
39.2 1.26235
39.88 1.62559
40.56 1.77456
41.24 1.69843
41.92 1.89122
42.6 2.25713
43.28 2.30426
43.96 2.01238
44.64 1.46399
45.32 0.821375
46 0.280137
46.68 0.0113408
47.36 0.10928
48.04 0.560843
48.72 1.24633
49.4 1.97236
50.08 2.52797
50.76 2.74741
51.44 2.56129
52.12 2.02656
52.8 1.72501
53.48 1.67562
54.16 1.40969
54.84 0.977875
55.52 0.508492
56.2 0.144327
56.88 0.000193262
57.56 0.127845
58.24 0.498944
58.92 1.01163
59.6 1.51929
60.28 1.87339
60.96 1.96791
61.64 1.77202
62.32 1.34101
63 0.801685
63.68 0.404195
64.36 0.204598
65.04 0.103553
65.72 0.0524058
66.4 0.0265185
67.08 0.0134175
67.76 0.00678813
68.44 0.00343388
69.12 0.00173691
69.8 0.000878471
70.48 0.000444259
71.16 0.000224649
71.84 0.000113588
72.52 5.74279e-05
73.2 2.90318e-05
73.88 1.46753e-05
74.56 7.41764e-06
75.24 3.74893e-06
75.92 1.89458e-06
76.6 9.57378e-07
77.28 4.83749e-07
77.96 2.44412e-07
78.64 1.23479e-07
79.32 6.23778e-08
80 3.15091e-08
80.68 1.59151e-08
81.36 8.0381e-09
82.04 4.05944e-09
82.72 2.04998e-09
83.4 1.03515e-09
84.08 5.22671e-10
84.76 2.63891e-10
85.44 1.33227e-10
86.12 6.72565e-11
86.8 3.39507e-11
87.48 1.7137e-11
88.16 8.64962e-12
88.84 4.36548e-12
89.52 2.20314e-12
90.2 1.1118e-12
90.88 5.61031e-13
91.56 2.83089e-13
92.24 1.42835e-13
92.92 7.20647e-14
93.6 3.63569e-14
94.28 1.83413e-14
94.96 9.25228e-15
95.64 4.66709e-15
96.32 2.35408e-15
