-39 1.55716e-34
-38.32 5.99321e-34
-37.64 2.30522e-33
-36.96 8.86094e-33
-36.28 3.40372e-32
-35.6 1.30654e-31
-34.92 5.01158e-31
-34.24 1.92087e-30
-33.56 7.3566e-30
-32.88 2.81514e-29
-32.2 1.07635e-28
-31.52 4.11165e-28
-30.84 1.56919e-27
-30.16 5.98292e-27
-29.48 2.27881e-26
-28.8 8.67046e-26
-28.12 3.29527e-25
-27.44 1.25093e-24
-26.76 4.74285e-24
-26.08 1.79592e-23
-25.4 6.79113e-23
-24.72 2.56434e-22
-24.04 9.6683e-22
-23.36 3.63941e-21
-22.68 1.36765e-20
-22 5.13023e-20
-21.32 1.92074e-19
-20.64 7.17659e-19
-19.96 2.67561e-18
-19.28 9.95221e-18
-18.6 3.69262e-17
-17.92 1.36643e-16
-17.24 5.04186e-16
-16.56 1.85456e-15
-15.88 6.79867e-15
-15.2 2.48321e-14
-14.52 9.03364e-14
-13.84 3.27194e-13
-13.16 1.17937e-12
-12.48 4.22833e-12
-11.8 1.50698e-11
-11.12 5.33527e-11
-10.44 1.87478e-10
-9.76 6.53211e-10
-9.08 2.25387e-09
-8.4 7.68988e-09
-7.72 2.5894e-08
-7.04 8.58446e-08
-6.36 2.79309e-07
-5.68 8.88119e-07
-5 2.74358e-06
-4.32 5.90437e-06
-3.64 7.4817e-06
-2.96 6.23853e-06
-2.28 3.43045e-06
-1.6 1.13655e-06
-0.92 1.70468e-07
-0.24 2.88808e-09
0.44 6.52374e-10
1.12 9.96116e-15
1.8 1.4603e-08
2.48 3.5253e-07
3.16 2.16944e-06
3.84 6.82563e-06
4.52 1.37032e-05
5.2 1.97193e-05
5.88 3.57117e-05
6.56 9.34268e-05
7.24 0.000301854
7.92 0.000685386
8.6 0.00107049
9.28 0.00121059
9.96 0.000988307
10.64 0.000548186
11.32 0.000173518
12 1.78049e-05
12.68 2.48191e-09
13.36 8.88404e-06
14.04 0.000175849
14.72 0.000828458
15.4 0.00207445
16.08 0.00345503
16.76 0.00414898
17.44 0.00427616
18.12 0.00664424
18.8 0.0152181
19.48 0.0382474
20.16 0.0648217
20.84 0.0789509
21.52 0.0706242
22.2 0.0450629
22.88 0.0184962
23.56 0.00364331
24.24 0.000100374
24.92 1.07991e-05
25.6 0.0021249
26.28 0.0167686
26.96 0.0536329
27.64 0.104726
28.32 0.1432
29 0.143537
29.68 0.154413
30.36 0.261274
31.04 0.635479
31.72 1.33181
32.4 1.92338
33.08 2.02846
33.76 1.56527
34.44 0.838345
35.12 0.267404
35.8 0.0316897
36.48 5.70635e-05
37.16 0.00464119
37.84 0.125757
38.52 0.629575
39.2 1.59354
39.88 2.64254
40.56 3.14905
41.24 2.88468
41.92 3.57673
42.6 5.09465
43.28 5.30962
43.96 4.04965
44.64 2.14327
45.32 0.674657
46 0.078477
46.68 0.000128615
47.36 0.0119422
48.04 0.314545
48.72 1.55333
49.4 3.89022
50.08 6.39061
50.76 7.54828
51.44 6.5602
52.12 4.10696
52.8 2.97567
53.48 2.80769
54.16 1.98723
54.84 0.95624
55.52 0.258564
56.2 0.0208302
56.88 3.73501e-08
57.56 0.0163444
58.24 0.248945
58.92 1.0234
59.6 2.30825
60.28 3.50961
60.96 3.87268
61.64 3.14005
62.32 1.79831
63 0.642698
63.68 0.163373
64.36 0.0418604
65.04 0.0107233
65.72 0.00274637
66.4 0.000703229
67.08 0.000180029
67.76 4.60788e-05
68.44 1.17915e-05
69.12 3.01686e-06
69.8 7.71711e-07
70.48 1.97366e-07
71.16 5.04671e-08
71.84 1.29023e-08
72.52 3.29796e-09
73.2 8.42847e-10
73.88 2.15366e-10
74.56 5.50214e-11
75.24 1.40544e-11
75.92 3.58943e-12
76.6 9.16572e-13
77.28 2.34013e-13
77.96 5.97373e-14
78.64 1.5247e-14
79.32 3.891e-15
80 9.92823e-16
80.68 2.53291e-16
81.36 6.46111e-17
82.04 1.64791e-17
82.72 4.20242e-18
83.4 1.07154e-18
84.08 2.73185e-19
84.76 6.96385e-20
85.44 1.77495e-20
86.12 4.52344e-21
86.8 1.15265e-21
87.48 2.93678e-22
88.16 7.48158e-23
88.84 1.90574e-23
89.52 4.85382e-24
90.2 1.2361e-24
90.88 3.14755e-25
91.56 8.01392e-26
92.24 2.04018e-26
92.92 5.19332e-27
93.6 1.32183e-27
94.28 3.36402e-28
94.96 8.56046e-29
95.64 2.17817e-29
96.32 5.54169e-30
