-39 4.86667e-16
-38.32 9.38114e-16
-37.64 1.8072e-15
-36.96 3.47914e-15
-36.28 6.69336e-15
-35.6 1.2868e-14
-34.92 2.47207e-14
-34.24 4.7455e-14
-33.56 9.10249e-14
-32.88 1.74454e-13
-32.2 3.34066e-13
-31.52 6.39137e-13
-30.84 1.22167e-12
-30.16 2.33286e-12
-29.48 4.45022e-12
-28.8 8.48035e-12
-28.12 1.61421e-11
-27.44 3.06902e-11
-26.76 5.82782e-11
-26.08 1.10522e-10
-25.4 2.09317e-10
-24.72 3.95855e-10
-24.04 7.47497e-10
-23.36 1.40925e-09
-22.68 2.65235e-09
-22 4.983e-09
-21.32 9.34377e-09
-20.64 1.74851e-08
-19.96 3.26492e-08
-19.28 6.08229e-08
-18.6 1.13027e-07
-17.92 2.09475e-07
-17.24 3.87108e-07
-16.56 7.13149e-07
-15.88 1.30937e-06
-15.2 2.39525e-06
-14.52 4.36413e-06
-13.84 7.9166e-06
-13.16 1.42916e-05
-12.48 2.56625e-05
-11.8 4.58074e-05
-11.12 8.12238e-05
-10.44 0.000142947
-9.76 0.000249446
-9.08 0.000431073
-8.4 0.000736612
-7.72 0.00124227
-7.04 0.00206267
-6.36 0.00336124
-5.68 0.00535284
-5 0.00828188
-4.32 0.0104971
-3.64 0.00995638
-2.96 0.00739321
-2.28 0.00422289
-1.6 0.00170575
-0.92 0.000379847
-0.24 1.28978e-05
0.44 1.12383e-05
1.12 1.11782e-07
1.8 0.000217517
2.48 0.00147248
3.16 0.00465437
3.84 0.0100323
4.52 0.0167321
5.2 0.0230913
5.88 0.0351384
6.56 0.0634073
7.24 0.125787
7.92 0.207345
8.6 0.281377
9.28 0.322884
9.96 0.313116
10.64 0.249118
11.32 0.149114
12 0.0506351
12.68 0.000631702
13.36 0.039821
14.04 0.186182
14.72 0.423685
15.4 0.70141
16.08 0.945174
16.76 1.07956
17.44 1.14044
18.12 1.477
18.8 2.3192
19.48 3.80969
20.16 5.13276
20.84 5.85567
21.52 5.71899
22.2 4.71262
22.88 3.1117
23.56 1.42208
24.24 0.242852
24.92 0.0818922
25.6 1.18007
26.28 3.40309
26.96 6.24361
27.64 8.94471
28.32 10.7168
29 10.987
29.68 11.6629
30.36 15.5185
31.04 24.7441
31.72 36.6061
32.4 44.9342
33.08 47.1139
33.76 42.2373
34.44 31.5337
35.12 18.1609
35.8 6.37297
36.48 0.275571
37.16 2.53157
37.84 13.4189
38.52 30.564
39.2 49.4843
39.88 64.8285
40.56 71.976
41.24 70.0435
41.92 79.2801
42.6 96.1538
43.28 99.7284
43.96 88.464
44.64 65.3525
45.32 37.2247
46 12.8863
46.68 0.52939
47.36 5.17551
48.04 26.9429
48.72 60.721
49.4 97.4348
50.08 126.601
50.76 139.459
51.44 131.753
52.12 105.625
52.8 91.0807
53.48 89.6119
54.16 76.3488
54.84 53.6267
55.52 28.2315
56.2 8.11116
56.88 0.0109927
57.56 7.35876
58.24 29.0585
58.92 59.6054
59.6 90.5498
60.28 112.928
60.96 119.964
61.64 109.227
62.32 83.5718
63 50.5061
63.68 25.7391
64.36 13.1679
65.04 6.73511
65.72 3.44411
66.4 1.76083
67.08 0.900046
67.76 0.459964
68.44 0.235015
69.12 0.120055
69.8 0.0613173
70.48 0.0313114
71.16 0.015986
71.84 0.00816017
72.52 0.00416467
73.2 0.00212513
73.88 0.00108421
74.56 0.000553059
75.24 0.000282069
75.92 0.000143836
76.6 7.33351e-05
77.28 3.73841e-05
77.96 1.90544e-05
78.64 9.71038e-06
79.32 4.94781e-06
80 2.52073e-06
80.68 1.28403e-06
81.36 6.5398e-07
82.04 3.33037e-07
82.72 1.69574e-07
83.4 8.63315e-08
84.08 4.39462e-08
84.76 2.23674e-08
85.44 1.13829e-08
86.12 5.79213e-09
86.8 2.94692e-09
87.48 1.49915e-09
88.16 7.6255e-10
88.84 3.87829e-10
89.52 1.97225e-10
90.2 1.00284e-10
90.88 5.09865e-11
91.56 2.59196e-11
92.24 1.31751e-11
92.92 6.69625e-12
93.6 3.40301e-12
94.28 1.72921e-12
94.96 8.78596e-13
95.64 4.4636e-13
96.32 2.26745e-13
