-39 -5.65655e-10
-38.32 -7.99286e-10
-37.64 -1.12941e-09
-36.96 -1.59589e-09
-36.28 -2.25504e-09
-35.6 -3.18644e-09
-34.92 -4.50253e-09
-34.24 -6.3622e-09
-33.56 -8.98997e-09
-32.88 -1.27031e-08
-32.2 -1.79498e-08
-31.52 -2.53636e-08
-30.84 -3.58395e-08
-30.16 -5.06422e-08
-29.48 -7.15589e-08
-28.8 -1.01115e-07
-28.12 -1.42878e-07
-27.44 -2.01891e-07
-26.76 -2.85277e-07
-26.08 -4.03105e-07
-25.4 -5.69598e-07
-24.72 -8.04858e-07
-24.04 -1.13729e-06
-23.36 -1.60702e-06
-22.68 -2.27076e-06
-22 -3.20865e-06
-21.32 -4.53392e-06
-20.64 -6.40656e-06
-19.96 -9.05265e-06
-19.28 -1.27916e-05
-18.6 -1.8075e-05
-17.92 -2.55404e-05
-17.24 -3.60893e-05
-16.56 -5.09953e-05
-15.88 -7.20577e-05
-15.2 -0.00010182
-14.52 -0.000143874
-13.84 -0.000203298
-13.16 -0.000287266
-12.48 -0.000405915
-11.8 -0.000573569
-11.12 -0.00081047
-10.44 -0.00114522
-9.76 -0.00161822
-9.08 -0.0022866
-8.4 -0.00323102
-7.72 -0.00456553
-7.04 -0.00645122
-6.36 -0.00911576
-5.68 -0.0128808
-5 -0.018201
-4.32 -0.0237165
-3.64 -0.0274125
-2.96 -0.0290486
-2.28 -0.0285017
-1.6 -0.0258129
-0.92 -0.0211844
-0.24 -0.014964
0.44 -0.007619
1.12 0.000298517
1.8 0.0081936
2.48 0.0154729
3.16 0.0215895
3.84 0.0260838
4.52 0.0286178
5.2 0.0292228
5.88 0.0318797
6.56 0.0383854
7.24 0.0489869
7.92 0.0574938
8.6 0.0616803
9.28 0.0612316
9.96 0.0561815
10.64 0.0469095
11.32 0.0341124
12 0.0187519
12.68 0.00198215
13.36 -0.0149365
14.04 -0.0307327
14.72 -0.0442195
15.4 -0.0543833
16.08 -0.0604603
16.76 -0.0619938
17.44 -0.0612337
18.12 -0.0670706
18.8 -0.0810049
19.48 -0.100197
20.16 -0.112379
20.84 -0.116116
21.52 -0.111126
22.2 -0.0977864
22.88 -0.077098
23.56 -0.0506158
24.24 -0.0203301
24.92 0.0114835
25.6 0.042434
26.28 0.0701958
26.96 0.0926825
27.64 0.108204
28.32 0.115595
29 0.114299
29.68 0.115064
30.36 0.129755
31.04 0.160256
31.72 0.190741
32.4 0.206892
33.08 0.207496
33.76 0.192507
34.44 0.163051
35.12 0.121343
35.8 0.0705161
36.48 0.01439
37.16 -0.0428173
37.84 -0.0968071
38.52 -0.143522
39.2 -0.179452
39.88 -0.201896
40.56 -0.209168
41.24 -0.202939
41.92 -0.212403
42.6 -0.230183
43.28 -0.23074
43.96 -0.213957
44.64 -0.181095
45.32 -0.134625
46 -0.0780381
46.68 -0.0155868
47.36 0.0480358
48.04 0.108049
48.72 0.159942
49.4 0.199816
50.08 0.224674
50.76 0.232649
51.44 0.223141
52.12 0.197187
52.8 0.18075
53.48 0.177007
54.16 0.161333
54.84 0.133534
55.52 0.0957012
56.2 0.0506763
56.88 0.00184329
57.56 -0.0471283
58.24 -0.0925583
58.92 -0.131033
59.6 -0.15966
60.28 -0.17629
60.96 -0.179672
61.64 -0.169552
62.32 -0.146691
63 -0.112806
63.68 -0.0796698
64.36 -0.0563823
65.04 -0.0399018
65.72 -0.0282385
66.4 -0.0199844
67.08 -0.0141429
67.76 -0.0100089
68.44 -0.00708333
69.12 -0.00501287
69.8 -0.00354761
70.48 -0.00251064
71.16 -0.00177678
71.84 -0.00125743
72.52 -0.000889882
73.2 -0.000629769
73.88 -0.000445688
74.56 -0.000315413
75.24 -0.000223218
75.92 -0.000157971
76.6 -0.000111796
77.28 -7.91182e-05
77.96 -5.59919e-05
78.64 -3.96255e-05
79.32 -2.8043e-05
80 -1.9846e-05
80.68 -1.4045e-05
81.36 -9.93965e-06
82.04 -7.03429e-06
82.72 -4.97817e-06
83.4 -3.52305e-06
84.08 -2.49326e-06
84.76 -1.76448e-06
85.44 -1.24872e-06
86.12 -8.83721e-07
86.8 -6.25409e-07
87.48 -4.42602e-07
88.16 -3.13229e-07
88.84 -2.21672e-07
89.52 -1.56878e-07
90.2 -1.11022e-07
90.88 -7.85704e-08
91.56 -5.56043e-08
92.24 -3.93512e-08
92.92 -2.78488e-08
93.6 -1.97086e-08
94.28 -1.39478e-08
94.96 -9.87084e-09
95.64 -6.98559e-09
96.32 -4.9437e-09
