-25 -4.76693e-06
-24.75 -5.36971e-06
-24.5 -6.04872e-06
-24.25 -6.81359e-06
-24 -7.67517e-06
-23.75 -8.64571e-06
-23.5 -9.73897e-06
-23.25 -1.09705e-05
-23 -1.23577e-05
-22.75 -1.39204e-05
-22.5 -1.56806e-05
-22.25 -1.76634e-05
-22 -1.9897e-05
-21.75 -2.2413e-05
-21.5 -2.52472e-05
-21.25 -2.84397e-05
-21 -3.2036e-05
-20.75 -3.60869e-05
-20.5 -4.06502e-05
-20.25 -4.57905e-05
-20 -5.15807e-05
-19.75 -5.81032e-05
-19.5 -6.54504e-05
-19.25 -7.37267e-05
-19 -8.30495e-05
-18.75 -9.35513e-05
-18.5 -0.000105381
-18.25 -0.000118707
-18 -0.000133717
-17.75 -0.000150626
-17.5 -0.000169673
-17.25 -0.000191128
-17 -0.000215296
-16.75 -0.000242521
-16.5 -0.000273188
-16.25 -0.000307733
-16 -0.000346646
-15.75 -0.00039048
-15.5 -0.000439857
-15.25 -0.000495478
-15 -0.000558131
-14.75 -0.000628708
-14.5 -0.000708209
-14.25 -0.000797763
-14 -0.000898641
-13.75 -0.00101228
-13.5 -0.00114028
-13.25 -0.00128447
-13 -0.00144689
-12.75 -0.00162985
-12.5 -0.00184433
-12.25 -0.00204675
-12 -0.00222424
-11.75 -0.00237461
-11.5 -0.00249605
-11.25 -0.00258706
-11 -0.00264654
-10.75 -0.00267377
-10.5 -0.00266842
-10.25 -0.00263054
-10 -0.0025606
-9.75 -0.00245945
-9.5 -0.00232833
-9.25 -0.00216884
-9 -0.00198291
-8.75 -0.00177281
-8.5 -0.00154111
-8.25 -0.00129063
-8 -0.00102442
-7.75 -0.000745718
-7.5 -0.000457931
-7.25 -0.000164563
-7 0.00013081
-6.75 0.000424589
-6.5 0.000713193
-6.25 0.000993106
-6 0.00126091
-5.75 0.00151336
-5.5 0.00174735
-5.25 0.00196006
-5 0.00214887
-4.75 0.00231149
-4.5 0.00244595
-4.25 0.00255059
-4 0.00262415
-3.75 0.00266572
-3.5 0.00267481
-3.25 0.0026513
-3 0.00259548
-2.75 0.00250802
-2.5 0.00239
-2.25 0.00224285
-2 0.00206836
-1.75 0.00186867
-1.5 0.0016462
-1.25 0.00140367
-1 0.00114403
-0.75 0.000870453
-0.5 0.000586263
-0.25 0.000294929
0 8.21002e-17
0.25 -0.000294929
0.5 -0.000586263
0.75 -0.000870453
1 -0.00114403
1.25 -0.00140367
1.5 -0.0016462
1.75 -0.00186867
2 -0.00206836
2.25 -0.00224285
2.5 -0.00239
2.75 -0.00250802
3 -0.00259548
3.25 -0.0026513
3.5 -0.00267481
3.75 -0.00266572
4 -0.00262415
4.25 -0.00255059
4.5 -0.00244595
4.75 -0.00231149
5 -0.00214887
5.25 -0.00196006
5.5 -0.00174735
5.75 -0.00151336
6 -0.00126091
6.25 -0.000993106
6.5 -0.000713193
6.75 -0.000424589
7 -0.00013081
7.25 0.000164563
7.5 0.000457931
7.75 0.000745718
8 0.00102442
8.25 0.00129063
8.5 0.00154111
8.75 0.00177281
9 0.00198291
9.25 0.00216884
9.5 0.00232833
9.75 0.00245945
10 0.0025606
10.25 0.00263054
10.5 0.00266842
10.75 0.00267377
11 0.00264654
11.25 0.00258706
11.5 0.00249605
11.75 0.00237461
12 0.00222424
12.25 0.00204675
12.5 0.00183595
12.75 0.00162985
13 0.00144689
13.25 0.00128447
13.5 0.00114028
13.75 0.00101228
14 0.000898641
14.25 0.000797763
14.5 0.000708209
14.75 0.000628708
15 0.000558131
15.25 0.000495478
15.5 0.000439857
15.75 0.00039048
16 0.000346646
16.25 0.000307733
16.5 0.000273188
16.75 0.000242521
17 0.000215296
17.25 0.000191128
17.5 0.000169673
17.75 0.000150626
18 0.000133717
18.25 0.000118707
18.5 0.000105381
18.75 9.35513e-05
19 8.30495e-05
19.25 7.37267e-05
19.5 6.54504e-05
19.75 5.81032e-05
20 5.15807e-05
20.25 4.57905e-05
20.5 4.06502e-05
20.75 3.60869e-05
21 3.2036e-05
21.25 2.84397e-05
21.5 2.52472e-05
21.75 2.2413e-05
22 1.9897e-05
22.25 1.76634e-05
22.5 1.56806e-05
22.75 1.39204e-05
23 1.23577e-05
23.25 1.09705e-05
23.5 9.73897e-06
23.75 8.64571e-06
24 7.67517e-06
24.25 6.81359e-06
24.5 6.04872e-06
24.75 5.36971e-06
