-25 -5.43615e-06
-24.75 -6.82891e-06
-24.5 -8.57762e-06
-24.25 -1.0773e-05
-24 -1.35289e-05
-23.75 -1.69879e-05
-23.5 -2.13289e-05
-23.25 -2.67762e-05
-23 -3.36107e-05
-22.75 -4.21849e-05
-22.5 -5.29398e-05
-22.25 -6.64286e-05
-22 -8.33437e-05
-21.75 -0.000104552
-21.5 -0.000131141
-21.25 -0.000164469
-21 -0.000206238
-20.75 -0.000258579
-20.5 -0.000324155
-20.25 -0.000406302
-20 -0.000509189
-19.75 -0.00063803
-19.5 -0.000799344
-19.25 -0.00100128
-19 -0.00125401
-18.75 -0.00157027
-18.5 -0.00196594
-18.25 -0.00246086
-18 -0.00307979
-17.75 -0.00385364
-17.5 -0.00482099
-17.25 -0.00602993
-17 -0.00754044
-16.75 -0.00942731
-16.5 -0.0117837
-16.25 -0.0147257
-16 -0.0183979
-15.75 -0.0229802
-15.5 -0.0286965
-15.25 -0.0358255
-15 -0.0447135
-14.75 -0.055791
-14.5 -0.0695929
-14.25 -0.0867834
-14 -0.108187
-13.75 -0.134826
-13.5 -0.167969
-13.25 -0.209188
-13 -0.260429
-12.75 -0.324102
-12.5 -0.406874
-12.25 -0.491068
-12 -0.56809
-11.75 -0.634011
-11.5 -0.68561
-11.25 -0.720509
-11 -0.737267
-10.75 -0.735414
-10.5 -0.715435
-10.25 -0.678714
-10 -0.627419
-9.75 -0.56436
-9.5 -0.49282
-9.25 -0.416361
-9 -0.338628
-8.75 -0.263153
-8.5 -0.19318
-8.25 -0.131502
-8 -0.0803372
-7.75 -0.0412406
-7.5 -0.01505
-7.25 -0.00187879
-7 -0.00114618
-6.75 -0.0116444
-6.5 -0.0316375
-6.25 -0.0589855
-6 -0.0912845
-5.75 -0.126016
-5.5 -0.160694
-5.25 -0.193006
-5 -0.220935
-4.75 -0.242859
-4.5 -0.257621
-4.25 -0.264572
-4 -0.263579
-3.75 -0.254998
-3.5 -0.239623
-3.25 -0.218613
-3 -0.193388
-2.75 -0.165527
-2.5 -0.13665
-2.25 -0.108307
-2 -0.0818762
-1.75 -0.058476
-1.5 -0.0388984
-1.25 -0.0235676
-1 -0.0125242
-0.75 -0.00543783
-0.5 -0.00164448
-0.25 -0.000208089
0 0
0.25 0.000208089
0.5 0.00164448
0.75 0.00543783
1 0.0125242
1.25 0.0235676
1.5 0.0388984
1.75 0.058476
2 0.0818762
2.25 0.108307
2.5 0.13665
2.75 0.165527
3 0.193388
3.25 0.218613
3.5 0.239623
3.75 0.254998
4 0.263579
4.25 0.264572
4.5 0.257621
4.75 0.242859
5 0.220935
5.25 0.193006
5.5 0.160694
5.75 0.126016
6 0.0912845
6.25 0.0589855
6.5 0.0316375
6.75 0.0116444
7 0.00114618
7.25 0.00187879
7.5 0.01505
7.75 0.0412406
8 0.0803372
8.25 0.131502
8.5 0.19318
8.75 0.263153
9 0.338628
9.25 0.416361
9.5 0.49282
9.75 0.56436
10 0.627419
10.25 0.678714
10.5 0.715435
10.75 0.735414
11 0.737267
11.25 0.720509
11.5 0.68561
11.75 0.634011
12 0.56809
12.25 0.491068
12.5 0.403187
12.75 0.324102
13 0.260429
13.25 0.209188
13.5 0.167969
13.75 0.134826
14 0.108187
14.25 0.0867834
14.5 0.0695929
14.75 0.055791
15 0.0447135
15.25 0.0358255
15.5 0.0286965
15.75 0.0229802
16 0.0183979
16.25 0.0147257
16.5 0.0117837
16.75 0.00942731
17 0.00754044
17.25 0.00602993
17.5 0.00482099
17.75 0.00385364
18 0.00307979
18.25 0.00246086
18.5 0.00196594
18.75 0.00157027
19 0.00125401
19.25 0.00100128
19.5 0.000799344
19.75 0.00063803
20 0.000509189
20.25 0.000406302
20.5 0.000324155
20.75 0.000258579
21 0.000206238
21.25 0.000164469
21.5 0.000131141
21.75 0.000104552
22 8.33437e-05
22.25 6.64286e-05
22.5 5.29398e-05
22.75 4.21849e-05
23 3.36107e-05
23.25 2.67762e-05
23.5 2.13289e-05
23.75 1.69879e-05
24 1.35289e-05
24.25 1.0773e-05
24.5 8.57762e-06
24.75 6.82891e-06
