-25 2.95517e-11
-24.75 4.6634e-11
-24.5 7.35756e-11
-24.25 1.16058e-10
-24 1.83031e-10
-23.75 2.88588e-10
-23.5 4.54922e-10
-23.25 7.16963e-10
-23 1.12968e-09
-22.75 1.77956e-09
-22.5 2.80263e-09
-22.25 4.41276e-09
-22 6.94617e-09
-21.75 1.09312e-08
-21.5 1.71979e-08
-21.25 2.705e-08
-21 4.25341e-08
-20.75 6.68629e-08
-20.5 1.05077e-07
-20.25 1.65082e-07
-20 2.59274e-07
-19.75 4.07082e-07
-19.5 6.3895e-07
-19.25 1.00256e-06
-19 1.57255e-06
-18.75 2.46575e-06
-18.5 3.86492e-06
-18.25 6.05581e-06
-18 9.48509e-06
-17.75 1.48506e-05
-17.5 2.32419e-05
-17.25 3.636e-05
-17 5.68583e-05
-16.75 8.88741e-05
-16.5 0.000138856
-16.25 0.000216846
-16 0.000338482
-15.75 0.000528088
-15.5 0.000823489
-15.25 0.00128347
-15 0.00199929
-14.75 0.00311263
-14.5 0.00484317
-14.25 0.00753136
-14 0.0117044
-13.75 0.0181781
-13.5 0.0282137
-13.25 0.0437597
-13 0.0678234
-12.75 0.105042
-12.5 0.165546
-12.25 0.241148
-12 0.322727
-11.75 0.401971
-11.5 0.470061
-11.25 0.519133
-11 0.543563
-10.75 0.540833
-10.5 0.511848
-10.25 0.460653
-10 0.393654
-9.75 0.318502
-9.5 0.242872
-9.25 0.173357
-9 0.114669
-8.75 0.0692497
-8.5 0.0373185
-8.25 0.0172927
-8 0.00645407
-7.75 0.00170079
-7.5 0.000226502
-7.25 3.52986e-06
-7 1.31373e-06
-6.75 0.000135591
-6.5 0.00100093
-6.25 0.00347929
-6 0.00833285
-5.75 0.0158799
-5.5 0.0258224
-5.25 0.0372512
-5 0.0488122
-4.75 0.0589803
-4.5 0.0663684
-4.25 0.0699986
-4 0.0694739
-3.75 0.0650238
-3.5 0.0574193
-3.25 0.0477916
-3 0.037399
-2.75 0.0273993
-2.5 0.0186732
-2.25 0.0117304
-2 0.00670371
-1.75 0.00341944
-1.5 0.00151309
-1.25 0.000555431
-1 0.000156857
-0.75 2.957e-05
-0.5 2.70433e-06
-0.25 4.3301e-08
0 0
0.25 4.3301e-08
0.5 2.70433e-06
0.75 2.957e-05
1 0.000156857
1.25 0.000555431
1.5 0.00151309
1.75 0.00341944
2 0.00670371
2.25 0.0117304
2.5 0.0186732
2.75 0.0273993
3 0.037399
3.25 0.0477916
3.5 0.0574193
3.75 0.0650238
4 0.0694739
4.25 0.0699986
4.5 0.0663684
4.75 0.0589803
5 0.0488122
5.25 0.0372512
5.5 0.0258224
5.75 0.0158799
6 0.00833285
6.25 0.00347929
6.5 0.00100093
6.75 0.000135591
7 1.31373e-06
7.25 3.52986e-06
7.5 0.000226502
7.75 0.00170079
8 0.00645407
8.25 0.0172927
8.5 0.0373185
8.75 0.0692497
9 0.114669
9.25 0.173357
9.5 0.242872
9.75 0.318502
10 0.393654
10.25 0.460653
10.5 0.511848
10.75 0.540833
11 0.543563
11.25 0.519133
11.5 0.470061
11.75 0.401971
12 0.322727
12.25 0.241148
12.5 0.162559
12.75 0.105042
13 0.0678234
13.25 0.0437597
13.5 0.0282137
13.75 0.0181781
14 0.0117044
14.25 0.00753136
14.5 0.00484317
14.75 0.00311263
15 0.00199929
15.25 0.00128347
15.5 0.000823489
15.75 0.000528088
16 0.000338482
16.25 0.000216846
16.5 0.000138856
16.75 8.88741e-05
17 5.68583e-05
17.25 3.636e-05
17.5 2.32419e-05
17.75 1.48506e-05
18 9.48509e-06
18.25 6.05581e-06
18.5 3.86492e-06
18.75 2.46575e-06
19 1.57255e-06
19.25 1.00256e-06
19.5 6.3895e-07
19.75 4.07082e-07
20 2.59274e-07
20.25 1.65082e-07
20.5 1.05077e-07
20.75 6.68629e-08
21 4.25341e-08
21.25 2.705e-08
21.5 1.71979e-08
21.75 1.09312e-08
22 6.94617e-09
22.25 4.41276e-09
22.5 2.80263e-09
22.75 1.77956e-09
23 1.12968e-09
23.25 7.16963e-10
23.5 4.54922e-10
23.75 2.88588e-10
24 1.83031e-10
24.25 1.16058e-10
24.5 7.35756e-11
24.75 4.6634e-11
