-25 0.00010968
-24.75 0.000119734
-24.5 0.000130711
-24.25 0.000142694
-24 0.000155775
-23.75 0.000170056
-23.5 0.000185646
-23.25 0.000202665
-23 0.000221244
-22.75 0.000241527
-22.5 0.000263669
-22.25 0.000287841
-22 0.000314229
-21.75 0.000343036
-21.5 0.000374483
-21.25 0.000408814
-21 0.000446292
-20.75 0.000487206
-20.5 0.000531871
-20.25 0.00058063
-20 0.000633859
-19.75 0.000691968
-19.5 0.000755404
-19.25 0.000824656
-19 0.000900256
-18.75 0.000982787
-18.5 0.00107288
-18.25 0.00117124
-18 0.00127861
-17.75 0.00139583
-17.5 0.00152379
-17.25 0.00166349
-17 0.00181599
-16.75 0.00198247
-16.5 0.00216421
-16.25 0.00236262
-16 0.00257921
-15.75 0.00281566
-15.5 0.00307378
-15.25 0.00335557
-15 0.00366319
-14.75 0.00399902
-14.5 0.00436563
-14.25 0.00476585
-14 0.00520276
-13.75 0.00567972
-13.5 0.00620041
-13.25 0.00676883
-13 0.00738936
-12.75 0.00806678
-12.5 0.00884513
-12.25 0.00950387
-12 0.00998532
-11.75 0.0102805
-11.5 0.0103839
-11.25 0.0102935
-11 0.0100112
-10.75 0.00954202
-10.5 0.00889489
-10.25 0.00808181
-10 0.00711796
-9.75 0.00602133
-9.5 0.00481236
-9.25 0.00351362
-9 0.00214933
-8.75 0.000744943
-8.5 -0.00067334
-8.25 -0.00207906
-8 -0.003446
-7.75 -0.00474865
-7.5 -0.00596271
-7.25 -0.00706554
-7 -0.00803655
-6.75 -0.00885764
-6.5 -0.00951349
-6.25 -0.00999186
-6 -0.0102838
-5.75 -0.0103839
-5.5 -0.0102903
-5.25 -0.0100048
-5 -0.00953256
-4.75 -0.00888252
-4.5 -0.00806676
-4.25 -0.00710052
-4 -0.00600182
-3.75 -0.00479115
-3.5 -0.0034911
-3.25 -0.00212592
-3 -0.000721079
-2.75 0.000697212
-2.5 0.0021025
-2.25 0.00346856
-2 0.00476991
-1.75 0.00598228
-1.5 0.00708305
-1.25 0.00805168
-1 0.0088701
-0.75 0.00952305
-0.5 0.00999834
-0.25 0.0102871
0 0.010384
0.25 0.0102871
0.5 0.00999834
0.75 0.00952305
1 0.0088701
1.25 0.00805168
1.5 0.00708305
1.75 0.00598228
2 0.00476991
2.25 0.00346856
2.5 0.0021025
2.75 0.000697212
3 -0.000721079
3.25 -0.00212592
3.5 -0.0034911
3.75 -0.00479115
4 -0.00600182
4.25 -0.00710052
4.5 -0.00806676
4.75 -0.00888252
5 -0.00953256
5.25 -0.0100048
5.5 -0.0102903
5.75 -0.0103839
6 -0.0102838
6.25 -0.00999186
6.5 -0.00951349
6.75 -0.00885764
7 -0.00803655
7.25 -0.00706554
7.5 -0.00596271
7.75 -0.00474865
8 -0.003446
8.25 -0.00207906
8.5 -0.00067334
8.75 0.000744943
9 0.00214933
9.25 0.00351362
9.5 0.00481236
9.75 0.00602133
10 0.00711796
10.25 0.00808181
10.5 0.00889489
10.75 0.00954202
11 0.0100112
11.25 0.0102935
11.5 0.0103839
11.75 0.0102805
12 0.00998532
12.25 0.00950387
12.5 0.0088063
12.75 0.00806678
13 0.00738936
13.25 0.00676883
13.5 0.00620041
13.75 0.00567972
14 0.00520276
14.25 0.00476585
14.5 0.00436563
14.75 0.00399902
15 0.00366319
15.25 0.00335557
15.5 0.00307378
15.75 0.00281566
16 0.00257921
16.25 0.00236262
16.5 0.00216421
16.75 0.00198247
17 0.00181599
17.25 0.00166349
17.5 0.00152379
17.75 0.00139583
18 0.00127861
18.25 0.00117124
18.5 0.00107288
18.75 0.000982787
19 0.000900256
19.25 0.000824656
19.5 0.000755404
19.75 0.000691968
20 0.000633859
20.25 0.00058063
20.5 0.000531871
20.75 0.000487206
21 0.000446292
21.25 0.000408814
21.5 0.000374483
21.75 0.000343036
22 0.000314229
22.25 0.000287841
22.5 0.000263669
22.75 0.000241527
23 0.000221244
23.25 0.000202665
23.5 0.000185646
23.75 0.000170056
24 0.000155775
24.25 0.000142694
24.5 0.000130711
24.75 0.000119734
