-25 -0.000181707
-24.75 -0.000214385
-24.5 -0.000252913
-24.25 -0.000298335
-24 -0.000351876
-23.75 -0.000414982
-23.5 -0.00048935
-23.25 -0.000576981
-23 -0.000680226
-22.75 -0.000801851
-22.5 -0.000945108
-22.25 -0.00111382
-22 -0.00131249
-21.75 -0.00154639
-21.5 -0.00182173
-21.25 -0.00214581
-21 -0.00252719
-20.75 -0.00297594
-20.5 -0.00350386
-20.25 -0.00412481
-20 -0.00485508
-19.75 -0.00571373
-19.5 -0.00672317
-19.25 -0.00790964
-19 -0.00930393
-18.75 -0.0109421
-18.5 -0.0128664
-18.25 -0.0151264
-18 -0.01778
-17.75 -0.0208951
-17.5 -0.0245511
-17.25 -0.0288409
-17 -0.0338731
-16.75 -0.0397748
-16.5 -0.0466943
-16.25 -0.054805
-16 -0.0643093
-15.75 -0.0754433
-15.5 -0.0884828
-15.25 -0.103749
-15 -0.121616
-14.75 -0.142521
-14.5 -0.166971
-14.25 -0.195558
-14 -0.228968
-13.75 -0.268001
-13.5 -0.313584
-13.25 -0.366795
-13 -0.428882
-12.75 -0.501292
-12.5 -0.59088
-12.25 -0.668525
-12 -0.722912
-11.75 -0.750318
-11.5 -0.749197
-11.25 -0.720213
-11 -0.666103
-10.75 -0.591385
-10.5 -0.501938
-10.25 -0.404503
-10 -0.30612
-9.75 -0.213584
-9.5 -0.132929
-9.25 -0.0689972
-9 -0.0251205
-8.75 -0.00293383
-8.5 -0.00232846
-8.25 -0.0215461
-8 -0.0573985
-7.75 -0.10559
-7.5 -0.161112
-7.25 -0.21868
-7 -0.27316
-6.75 -0.319978
-6.5 -0.355446
-6.25 -0.37701
-6 -0.38339
-5.75 -0.374604
-5.5 -0.351887
-5.25 -0.317508
-5 -0.274517
-4.75 -0.226436
-4.5 -0.176926
-4.25 -0.129464
-4 -0.0870575
-3.75 -0.0520105
-3.5 -0.0257734
-3.25 -0.00887477
-3 -0.000942471
-2.75 -0.000807686
-2.5 -0.00667714
-2.25 -0.0163554
-2 -0.0274936
-1.75 -0.0378401
-1.5 -0.0454687
-1.25 -0.0489625
-1 -0.0475377
-0.75 -0.0410955
-0.5 -0.0302
-0.25 -0.0159848
0 0
0.25 0.0159848
0.5 0.0302
0.75 0.0410955
1 0.0475377
1.25 0.0489625
1.5 0.0454687
1.75 0.0378401
2 0.0274936
2.25 0.0163554
2.5 0.00667714
2.75 0.000807686
3 0.000942471
3.25 0.00887477
3.5 0.0257734
3.75 0.0520105
4 0.0870575
4.25 0.129464
4.5 0.176926
4.75 0.226436
5 0.274517
5.25 0.317508
5.5 0.351887
5.75 0.374604
6 0.38339
6.25 0.37701
6.5 0.355446
6.75 0.319978
7 0.27316
7.25 0.21868
7.5 0.161112
7.75 0.10559
8 0.0573985
8.25 0.0215461
8.5 0.00232846
8.75 0.00293383
9 0.0251205
9.25 0.0689972
9.5 0.132929
9.75 0.213584
10 0.30612
10.25 0.404503
10.5 0.501938
10.75 0.591385
11 0.666103
11.25 0.720213
11.5 0.749197
11.75 0.750318
12 0.722912
12.25 0.668525
12.5 0.585703
12.75 0.501292
13 0.428882
13.25 0.366795
13.5 0.313584
13.75 0.268001
14 0.228968
14.25 0.195558
14.5 0.166971
14.75 0.142521
15 0.121616
15.25 0.103749
15.5 0.0884828
15.75 0.0754433
16 0.0643093
16.25 0.054805
16.5 0.0466943
16.75 0.0397748
17 0.0338731
17.25 0.0288409
17.5 0.0245511
17.75 0.0208951
18 0.01778
18.25 0.0151264
18.5 0.0128664
18.75 0.0109421
19 0.00930393
19.25 0.00790964
19.5 0.00672317
19.75 0.00571373
20 0.00485508
20.25 0.00412481
20.5 0.00350386
20.75 0.00297594
21 0.00252719
21.25 0.00214581
21.5 0.00182173
21.75 0.00154639
22 0.00131249
22.25 0.00111382
22.5 0.000945108
22.75 0.000801851
23 0.000680226
23.25 0.000576981
23.5 0.00048935
23.75 0.000414982
24 0.000351876
24.25 0.000298335
24.5 0.000252913
24.75 0.000214385
