-25 3.30174e-08
-24.75 4.59607e-08
-24.5 6.3965e-08
-24.25 8.90035e-08
-24 1.23817e-07
-23.75 1.7221e-07
-23.5 2.39464e-07
-23.25 3.32907e-07
-23 4.62707e-07
-22.75 6.42964e-07
-22.5 8.93229e-07
-22.25 1.2406e-06
-22 1.72262e-06
-21.75 2.39131e-06
-21.5 3.3187e-06
-21.25 4.6045e-06
-21 6.38671e-06
-20.75 8.85621e-06
-20.5 1.2277e-05
-20.25 1.70141e-05
-20 2.35718e-05
-19.75 3.26467e-05
-19.5 4.5201e-05
-19.25 6.25625e-05
-19 8.65631e-05
-18.75 0.00011973
-18.5 0.000165545
-18.25 0.000228808
-18 0.000316129
-17.75 0.000436606
-17.5 0.000602757
-17.25 0.000831798
-17 0.00114739
-16.75 0.00158204
-16.5 0.00218036
-16.25 0.00300359
-16 0.00413568
-15.75 0.0056917
-15.5 0.0078292
-15.25 0.0107638
-15 0.0147905
-14.75 0.0203123
-14.5 0.0278794
-14.25 0.0382429
-14 0.0524265
-13.75 0.0718246
-13.5 0.0983352
-13.25 0.134539
-13 0.18394
-12.75 0.251294
-12.5 0.349139
-12.25 0.446926
-12 0.522602
-11.75 0.562977
-11.5 0.561296
-11.25 0.518707
-11 0.443693
-10.75 0.349736
-10.5 0.251942
-10.25 0.163622
-10 0.0937094
-9.75 0.0456183
-9.5 0.0176702
-9.25 0.00476062
-9 0.000631042
-8.75 8.60736e-06
-8.5 5.42172e-06
-8.25 0.000464236
-8 0.00329459
-7.75 0.0111492
-7.5 0.0259572
-7.25 0.0478208
-7 0.0746166
-6.75 0.102386
-6.5 0.126342
-6.25 0.142137
-6 0.146988
-5.75 0.140328
-5.5 0.123824
-5.25 0.100811
-5 0.0753598
-4.75 0.0512734
-4.5 0.0313028
-4.25 0.016761
-4 0.00757901
-3.75 0.00270509
-3.5 0.00066427
-3.25 7.87615e-05
-3 8.88251e-07
-2.75 6.52356e-07
-2.5 4.45843e-05
-2.25 0.000267499
-2 0.000755896
-1.75 0.00143187
-1.5 0.0020674
-1.25 0.00239732
-1 0.00225983
-0.75 0.00168884
-0.5 0.000912038
-0.25 0.000255514
0 0
0.25 0.000255514
0.5 0.000912038
0.75 0.00168884
1 0.00225983
1.25 0.00239732
1.5 0.0020674
1.75 0.00143187
2 0.000755896
2.25 0.000267499
2.5 4.45843e-05
2.75 6.52356e-07
3 8.88251e-07
3.25 7.87615e-05
3.5 0.00066427
3.75 0.00270509
4 0.00757901
4.25 0.016761
4.5 0.0313028
4.75 0.0512734
5 0.0753598
5.25 0.100811
5.5 0.123824
5.75 0.140328
6 0.146988
6.25 0.142137
6.5 0.126342
6.75 0.102386
7 0.0746166
7.25 0.0478208
7.5 0.0259572
7.75 0.0111492
8 0.00329459
8.25 0.000464236
8.5 5.42172e-06
8.75 8.60736e-06
9 0.000631042
9.25 0.00476062
9.5 0.0176702
9.75 0.0456183
10 0.0937094
10.25 0.163622
10.5 0.251942
10.75 0.349736
11 0.443693
11.25 0.518707
11.5 0.561296
11.75 0.562977
12 0.522602
12.25 0.446926
12.5 0.343048
12.75 0.251294
13 0.18394
13.25 0.134539
13.5 0.0983352
13.75 0.0718246
14 0.0524265
14.25 0.0382429
14.5 0.0278794
14.75 0.0203123
15 0.0147905
15.25 0.0107638
15.5 0.0078292
15.75 0.0056917
16 0.00413568
16.25 0.00300359
16.5 0.00218036
16.75 0.00158204
17 0.00114739
17.25 0.000831798
17.5 0.000602757
17.75 0.000436606
18 0.000316129
18.25 0.000228808
18.5 0.000165545
18.75 0.00011973
19 8.65631e-05
19.25 6.25625e-05
19.5 4.5201e-05
19.75 3.26467e-05
20 2.35718e-05
20.25 1.70141e-05
20.5 1.2277e-05
20.75 8.85621e-06
21 6.38671e-06
21.25 4.6045e-06
21.5 3.3187e-06
21.75 2.39131e-06
22 1.72262e-06
22.25 1.2406e-06
22.5 8.93229e-07
22.75 6.42964e-07
23 4.62707e-07
23.25 3.32907e-07
23.5 2.39464e-07
23.75 1.7221e-07
24 1.23817e-07
24.25 8.90035e-08
24.5 6.3965e-08
24.75 4.59607e-08
