-25 -0.0434538
-24.75 -0.044676
-24.5 -0.0459325
-24.25 -0.0472244
-24 -0.0485526
-23.75 -0.0499182
-23.5 -0.0513221
-23.25 -0.0527656
-23 -0.0542497
-22.75 -0.0557755
-22.5 -0.0573442
-22.25 -0.058957
-22 -0.0606152
-21.75 -0.0623201
-21.5 -0.0640729
-21.25 -0.065875
-21 -0.0677277
-20.75 -0.0696326
-20.5 -0.0715911
-20.25 -0.0736046
-20 -0.0756748
-19.75 -0.0778032
-19.5 -0.0799915
-19.25 -0.0822413
-19 -0.0845544
-18.75 -0.0869325
-18.5 -0.0893775
-18.25 -0.0918913
-18 -0.0944758
-17.75 -0.097133
-17.5 -0.0998649
-17.25 -0.102674
-17 -0.105561
-16.75 -0.10853
-16.5 -0.111583
-16.25 -0.114721
-16 -0.117948
-15.75 -0.121265
-15.5 -0.124676
-15.25 -0.128182
-15 -0.131788
-14.75 -0.135494
-14.5 -0.139305
-14.25 -0.143223
-14 -0.147251
-13.75 -0.151393
-13.5 -0.155651
-13.25 -0.160029
-13 -0.16453
-12.75 -0.169157
-12.5 -0.174177
-12.25 -0.176072
-12 -0.173467
-11.75 -0.16643
-11.5 -0.15514
-11.25 -0.139885
-11 -0.121055
-10.75 -0.0991326
-10.5 -0.0746765
-10.25 -0.0483122
-10 -0.0207132
-9.75 0.00741507
-9.5 0.0353539
-9.25 0.0623892
-9 0.0878303
-8.75 0.111027
-8.5 0.131386
-8.25 0.148388
-8 0.161598
-7.75 0.170679
-7.5 0.175398
-7.25 0.175635
-7 0.171383
-6.75 0.162752
-6.5 0.149963
-6.25 0.133341
-6 0.113311
-5.75 0.0903861
-5.5 0.0651514
-5.25 0.0382517
-5 0.0103746
-4.75 -0.0177676
-4.5 -0.0454558
-4.25 -0.0719824
-4 -0.0966696
-3.75 -0.118886
-3.5 -0.138065
-3.25 -0.153716
-3 -0.165439
-2.75 -0.172934
-2.5 -0.176009
-2.25 -0.174587
-2 -0.168704
-1.75 -0.15851
-1.5 -0.144265
-1.25 -0.126333
-1 -0.105173
-0.75 -0.0813255
-0.5 -0.0553998
-0.25 -0.0280584
0 -2.09714e-17
0.25 0.0280584
0.5 0.0553998
0.75 0.0813255
1 0.105173
1.25 0.126333
1.5 0.144265
1.75 0.15851
2 0.168704
2.25 0.174587
2.5 0.176009
2.75 0.172934
3 0.165439
3.25 0.153716
3.5 0.138065
3.75 0.118886
4 0.0966696
4.25 0.0719824
4.5 0.0454558
4.75 0.0177676
5 -0.0103746
5.25 -0.0382517
5.5 -0.0651514
5.75 -0.0903861
6 -0.113311
6.25 -0.133341
6.5 -0.149963
6.75 -0.162752
7 -0.171383
7.25 -0.175635
7.5 -0.175398
7.75 -0.170679
8 -0.161598
8.25 -0.148388
8.5 -0.131386
8.75 -0.111027
9 -0.0878303
9.25 -0.0623892
9.5 -0.0353539
9.75 -0.00741507
10 0.0207132
10.25 0.0483122
10.5 0.0746765
10.75 0.0991326
11 0.121055
11.25 0.139885
11.5 0.15514
11.75 0.16643
12 0.173467
12.25 0.176072
12.5 0.173915
12.75 0.169157
13 0.16453
13.25 0.160029
13.5 0.155651
13.75 0.151393
14 0.147251
14.25 0.143223
14.5 0.139305
14.75 0.135494
15 0.131788
15.25 0.128182
15.5 0.124676
15.75 0.121265
16 0.117948
16.25 0.114721
16.5 0.111583
16.75 0.10853
17 0.105561
17.25 0.102674
17.5 0.0998649
17.75 0.097133
18 0.0944758
18.25 0.0918913
18.5 0.0893775
18.75 0.0869325
19 0.0845544
19.25 0.0822413
19.5 0.0799915
19.75 0.0778032
20 0.0756748
20.25 0.0736046
20.5 0.0715911
20.75 0.0696326
21 0.0677277
21.25 0.065875
21.5 0.0640729
21.75 0.0623201
22 0.0606152
22.25 0.058957
22.5 0.0573442
22.75 0.0557755
23 0.0542497
23.25 0.0527656
23.5 0.0513221
23.75 0.0499182
24 0.0485526
24.25 0.0472244
24.5 0.0459325
24.75 0.044676
