-25 0.0052709
-24.75 0.00577218
-24.5 0.00631984
-24.25 0.00691803
-24 0.00757122
-23.75 0.00828429
-23.5 0.00906252
-23.25 0.0099116
-23 0.0108377
-22.75 0.0118476
-22.5 0.0129484
-22.25 0.0141481
-22 0.0154549
-21.75 0.0168781
-21.5 0.0184276
-21.25 0.0201138
-21 0.0219482
-20.75 0.0239431
-20.5 0.0261118
-20.25 0.0284685
-20 0.0310284
-19.75 0.0338079
-19.5 0.0368246
-19.25 0.0400973
-19 0.0436461
-18.75 0.0474925
-18.5 0.0516596
-18.25 0.0561717
-18 0.0610551
-17.75 0.0663374
-17.5 0.0720481
-17.25 0.0782184
-17 0.0848816
-16.75 0.0920725
-16.5 0.0998281
-16.25 0.108187
-16 0.117191
-15.75 0.126882
-15.5 0.137305
-15.25 0.148507
-15 0.160537
-14.75 0.173445
-14.5 0.187283
-14.25 0.202105
-14 0.217966
-13.75 0.234921
-13.5 0.253028
-13.25 0.272344
-13 0.292926
-12.75 0.31483
-12.5 0.340155
-12.25 0.341134
-12 0.308409
-11.75 0.250551
-11.5 0.181209
-11.25 0.114626
-11 0.0614635
-10.75 0.0263984
-10.5 0.00810979
-10.25 0.00135384
-10 4.35394e-05
-9.75 6.79774e-07
-9.5 0.000333494
-9.25 0.0030663
-9 0.0114013
-8.75 0.0275184
-8.5 0.0509251
-8.25 0.0780549
-8 0.103234
-7.75 0.120564
-7.5 0.125925
-7.25 0.118307
-7 0.0999919
-6.75 0.0756157
-6.5 0.050542
-6.25 0.0292081
-6 0.0140374
-5.75 0.00521959
-5.5 0.00128918
-5.25 0.000139578
-5 6.85051e-07
-4.75 5.3186e-06
-4.5 0.000204492
-4.25 0.00114704
-4 0.00330501
-3.75 0.00664486
-3.5 0.0105285
-3.25 0.0139488
-3 0.0159472
-2.75 0.0159984
-2.5 0.0141879
-2.25 0.0111253
-2 0.00766401
-1.75 0.0045729
-1.5 0.00230523
-1.25 0.000941414
-1 0.000289409
-0.75 5.82002e-05
-0.5 5.57016e-06
-0.25 9.16277e-08
0 0
0.25 9.16277e-08
0.5 5.57016e-06
0.75 5.82002e-05
1 0.000289409
1.25 0.000941414
1.5 0.00230523
1.75 0.0045729
2 0.00766401
2.25 0.0111253
2.5 0.0141879
2.75 0.0159984
3 0.0159472
3.25 0.0139488
3.5 0.0105285
3.75 0.00664486
4 0.00330501
4.25 0.00114704
4.5 0.000204492
4.75 5.3186e-06
5 6.85051e-07
5.25 0.000139578
5.5 0.00128918
5.75 0.00521959
6 0.0140374
6.25 0.0292081
6.5 0.050542
6.75 0.0756157
7 0.0999919
7.25 0.118307
7.5 0.125925
7.75 0.120564
8 0.103234
8.25 0.0780549
8.5 0.0509251
8.75 0.0275184
9 0.0114013
9.25 0.0030663
9.5 0.000333494
9.75 6.79774e-07
10 4.35394e-05
10.25 0.00135384
10.5 0.00810979
10.75 0.0263984
11 0.0614635
11.25 0.114626
11.5 0.181209
11.75 0.250551
12 0.308409
12.25 0.341134
12.5 0.338112
12.75 0.31483
13 0.292926
13.25 0.272344
13.5 0.253028
13.75 0.234921
14 0.217966
14.25 0.202105
14.5 0.187283
14.75 0.173445
15 0.160537
15.25 0.148507
15.5 0.137305
15.75 0.126882
16 0.117191
16.25 0.108187
16.5 0.0998281
16.75 0.0920725
17 0.0848816
17.25 0.0782184
17.5 0.0720481
17.75 0.0663374
18 0.0610551
18.25 0.0561717
18.5 0.0516596
18.75 0.0474925
19 0.0436461
19.25 0.0400973
19.5 0.0368246
19.75 0.0338079
20 0.0310284
20.25 0.0284685
20.5 0.0261118
20.75 0.0239431
21 0.0219482
21.25 0.0201138
21.5 0.0184276
21.75 0.0168781
22 0.0154549
22.25 0.0141481
22.5 0.0129484
22.75 0.0118476
23 0.0108377
23.25 0.0099116
23.5 0.00906252
23.75 0.00828429
24 0.00757122
24.25 0.00691803
24.5 0.00631984
24.75 0.00577218
