-25 -0.072601
-24.75 -0.0759749
-24.5 -0.0794974
-24.25 -0.0831747
-24 -0.0870128
-23.75 -0.0910181
-23.5 -0.0951972
-23.25 -0.099557
-23 -0.104104
-22.75 -0.108847
-22.5 -0.113791
-22.25 -0.118946
-22 -0.124318
-21.75 -0.129916
-21.5 -0.135748
-21.25 -0.141823
-21 -0.148149
-20.75 -0.154736
-20.5 -0.161592
-20.25 -0.168726
-20 -0.176149
-19.75 -0.183869
-19.5 -0.191897
-19.25 -0.200243
-19 -0.208916
-18.75 -0.217928
-18.5 -0.227287
-18.25 -0.237006
-18 -0.247093
-17.75 -0.25756
-17.5 -0.268418
-17.25 -0.279676
-17 -0.291344
-16.75 -0.303434
-16.5 -0.315956
-16.25 -0.328918
-16 -0.342332
-15.75 -0.356205
-15.5 -0.370547
-15.25 -0.385367
-15 -0.400671
-14.75 -0.416467
-14.5 -0.432762
-14.25 -0.449561
-14 -0.466868
-13.75 -0.484687
-13.5 -0.503019
-13.25 -0.521866
-13 -0.541226
-12.75 -0.561097
-12.5 -0.583228
-12.25 -0.584067
-12 -0.555345
-11.75 -0.50055
-11.5 -0.425687
-11.25 -0.338564
-11 -0.247918
-10.75 -0.162476
-10.5 -0.0900544
-10.25 -0.0367946
-10 -0.00659844
-9.75 -0.000824484
-9.5 -0.0182618
-9.25 -0.0553742
-9 -0.106777
-8.75 -0.165887
-8.5 -0.225666
-8.25 -0.279383
-8 -0.3213
-7.75 -0.347223
-7.5 -0.35486
-7.25 -0.343958
-7 -0.316215
-6.75 -0.274983
-6.5 -0.224816
-6.25 -0.170904
-6 -0.11848
-5.75 -0.0722467
-5.5 -0.0359052
-5.25 -0.0118143
-5 -0.000827678
-4.75 -0.00230621
-4.5 -0.0143001
-4.25 -0.0338679
-4 -0.0574893
-3.75 -0.081516
-3.5 -0.102609
-3.25 -0.118105
-3 -0.126282
-2.75 -0.126485
-2.5 -0.119113
-2.25 -0.105476
-2 -0.0875443
-1.75 -0.0676233
-1.5 -0.0480128
-1.25 -0.0306825
-1 -0.017012
-0.75 -0.0076289
-0.5 -0.00236012
-0.25 -0.000302701
0 0
0.25 0.000302701
0.5 0.00236012
0.75 0.0076289
1 0.017012
1.25 0.0306825
1.5 0.0480128
1.75 0.0676233
2 0.0875443
2.25 0.105476
2.5 0.119113
2.75 0.126485
3 0.126282
3.25 0.118105
3.5 0.102609
3.75 0.081516
4 0.0574893
4.25 0.0338679
4.5 0.0143001
4.75 0.00230621
5 0.000827678
5.25 0.0118143
5.5 0.0359052
5.75 0.0722467
6 0.11848
6.25 0.170904
6.5 0.224816
6.75 0.274983
7 0.316215
7.25 0.343958
7.5 0.35486
7.75 0.347223
8 0.3213
8.25 0.279383
8.5 0.225666
8.75 0.165887
9 0.106777
9.25 0.0553742
9.5 0.0182618
9.75 0.000824484
10 0.00659844
10.25 0.0367946
10.5 0.0900544
10.75 0.162476
11 0.247918
11.25 0.338564
11.5 0.425687
11.75 0.50055
12 0.555345
12.25 0.584067
12.5 0.581474
12.75 0.561097
13 0.541226
13.25 0.521866
13.5 0.503019
13.75 0.484687
14 0.466868
14.25 0.449561
14.5 0.432762
14.75 0.416467
15 0.400671
15.25 0.385367
15.5 0.370547
15.75 0.356205
16 0.342332
16.25 0.328918
16.5 0.315956
16.75 0.303434
17 0.291344
17.25 0.279676
17.5 0.268418
17.75 0.25756
18 0.247093
18.25 0.237006
18.5 0.227287
18.75 0.217928
19 0.208916
19.25 0.200243
19.5 0.191897
19.75 0.183869
20 0.176149
20.25 0.168726
20.5 0.161592
20.75 0.154736
21 0.148149
21.25 0.141823
21.5 0.135748
21.75 0.129916
22 0.124318
22.25 0.118946
22.5 0.113791
22.75 0.108847
23 0.104104
23.25 0.099557
23.5 0.0951972
23.75 0.0910181
24 0.0870128
24.25 0.0831747
24.5 0.0794974
24.75 0.0759749
