-25 -0.30515
-24.75 -0.3085
-24.5 -0.311855
-24.25 -0.315213
-24 -0.318573
-23.75 -0.321935
-23.5 -0.325296
-23.25 -0.328654
-23 -0.332009
-22.75 -0.335359
-22.5 -0.338701
-22.25 -0.342035
-22 -0.345358
-21.75 -0.348668
-21.5 -0.351963
-21.25 -0.355241
-21 -0.358501
-20.75 -0.361739
-20.5 -0.364953
-20.25 -0.368141
-20 -0.3713
-19.75 -0.374428
-19.5 -0.377522
-19.25 -0.380578
-19 -0.383595
-18.75 -0.386569
-18.5 -0.389496
-18.25 -0.392374
-18 -0.395199
-17.75 -0.397968
-17.5 -0.400676
-17.25 -0.403321
-17 -0.405898
-16.75 -0.408403
-16.5 -0.410831
-16.25 -0.41318
-16 -0.415443
-15.75 -0.417617
-15.5 -0.419697
-15.25 -0.421677
-15 -0.423553
-14.75 -0.425318
-14.5 -0.426969
-14.25 -0.428498
-14 -0.429901
-13.75 -0.431171
-13.5 -0.432301
-13.25 -0.433286
-13 -0.434118
-12.75 -0.434791
-12.5 -0.42009
-12.25 -0.435112
-12 -0.427152
-11.75 -0.397493
-11.5 -0.349633
-11.25 -0.288833
-11 -0.221487
-10.75 -0.154404
-10.5 -0.094072
-10.25 -0.0459834
-10 -0.0140995
-9.75 -0.000496391
-9.5 -0.00523109
-9.25 -0.026428
-9 -0.0605701
-8.75 -0.102953
-8.5 -0.148245
-8.25 -0.191092
-8 -0.226691
-7.75 -0.251276
-7.5 -0.26247
-7.25 -0.259466
-7 -0.243021
-6.75 -0.215286
-6.5 -0.179486
-6.25 -0.139502
-6 -0.0993993
-5.75 -0.0629706
-5.5 -0.0333282
-5.25 -0.0126044
-5 -0.00178014
-4.75 -0.00065642
-4.5 -0.00796514
-4.25 -0.0215967
-4 -0.0389116
-3.75 -0.0570941
-3.5 -0.0735019
-3.25 -0.0859714
-3 -0.0930414
-2.75 -0.0940738
-2.5 -0.0892613
-2.25 -0.0795277
-2 -0.0663387
-1.75 -0.0514541
-1.5 -0.0366555
-1.25 -0.0234881
-1 -0.0130508
-0.75 -0.00586196
-0.5 -0.00181553
-0.25 -0.000233008
0 0
0.25 0.000233008
0.5 0.00181553
0.75 0.00586196
1 0.0130508
1.25 0.0234881
1.5 0.0366555
1.75 0.0514541
2 0.0663387
2.25 0.0795277
2.5 0.0892613
2.75 0.0940738
3 0.0930414
3.25 0.0859714
3.5 0.0735019
3.75 0.0570941
4 0.0389116
4.25 0.0215967
4.5 0.00796514
4.75 0.00065642
5 0.00178014
5.25 0.0126044
5.5 0.0333282
5.75 0.0629706
6 0.0993993
6.25 0.139502
6.5 0.179486
6.75 0.215286
7 0.243021
7.25 0.259466
7.5 0.26247
7.75 0.251276
8 0.226691
8.25 0.191092
8.5 0.148245
8.75 0.102953
9 0.0605701
9.25 0.026428
9.5 0.00523109
9.75 0.000496391
10 0.0140995
10.25 0.0459834
10.5 0.094072
10.75 0.154404
11 0.221487
11.25 0.288833
11.5 0.349633
11.75 0.397493
12 0.427152
12.25 0.435112
12.5 0.435298
12.75 0.434791
13 0.434118
13.25 0.433286
13.5 0.432301
13.75 0.431171
14 0.429901
14.25 0.428498
14.5 0.426969
14.75 0.425318
15 0.423553
15.25 0.421677
15.5 0.419697
15.75 0.417617
16 0.415443
16.25 0.41318
16.5 0.410831
16.75 0.408403
17 0.405898
17.25 0.403321
17.5 0.400676
17.75 0.397968
18 0.395199
18.25 0.392374
18.5 0.389496
18.75 0.386569
19 0.383595
19.25 0.380578
19.5 0.377522
19.75 0.374428
20 0.3713
20.25 0.368141
20.5 0.364953
20.75 0.361739
21 0.358501
21.25 0.355241
21.5 0.351963
21.75 0.348668
22 0.345358
22.25 0.342035
22.5 0.338701
22.75 0.335359
23 0.332009
23.25 0.328654
23.5 0.325296
23.75 0.321935
24 0.318573
24.25 0.315213
24.5 0.311855
24.75 0.3085
