-25 -0.228148
-24.75 -0.230552
-24.5 -0.232982
-24.25 -0.235437
-24 -0.237919
-23.75 -0.240426
-23.5 -0.24296
-23.25 -0.24552
-23 -0.248108
-22.75 -0.250723
-22.5 -0.253365
-22.25 -0.256035
-22 -0.258734
-21.75 -0.26146
-21.5 -0.264216
-21.25 -0.267
-21 -0.269814
-20.75 -0.272658
-20.5 -0.275531
-20.25 -0.278435
-20 -0.281369
-19.75 -0.284335
-19.5 -0.287331
-19.25 -0.29036
-19 -0.29342
-18.75 -0.296512
-18.5 -0.299637
-18.25 -0.302795
-18 -0.305986
-17.75 -0.30921
-17.5 -0.312469
-17.25 -0.315762
-17 -0.31909
-16.75 -0.322453
-16.5 -0.325851
-16.25 -0.329285
-16 -0.332756
-15.75 -0.336263
-15.5 -0.339806
-15.25 -0.343388
-15 -0.347006
-14.75 -0.350663
-14.5 -0.354359
-14.25 -0.358094
-14 -0.361868
-13.75 -0.365681
-13.5 -0.369535
-13.25 -0.37343
-13 -0.377365
-12.75 -0.381342
-12.5 -0.37857
-12.25 -0.38919
-12 -0.38961
-11.75 -0.379818
-11.5 -0.36007
-11.25 -0.330885
-11 -0.293027
-10.75 -0.247488
-10.5 -0.195463
-10.25 -0.138315
-10 -0.0775409
-9.75 -0.0147346
-9.5 0.0484578
-9.25 0.11038
-9 0.169409
-8.75 0.223998
-8.5 0.272716
-8.25 0.314285
-8 0.347617
-7.75 0.371838
-7.5 0.386313
-7.25 0.390662
-7 0.384771
-6.75 0.368795
-6.5 0.343153
-6.25 0.308517
-6 0.265794
-5.75 0.216105
-5.5 0.160751
-5.25 0.101184
-5 0.0389647
-4.75 -0.0242758
-4.5 -0.08688
-4.25 -0.147207
-4 -0.203676
-3.75 -0.254806
-3.5 -0.299257
-3.25 -0.335865
-3 -0.36367
-2.75 -0.381942
-2.5 -0.390203
-2.25 -0.388237
-2 -0.376095
-1.75 -0.354096
-1.5 -0.322815
-1.25 -0.283073
-1 -0.235911
-0.75 -0.182566
-0.5 -0.124436
-0.25 -0.0630442
0 -1.86191e-16
0.25 0.0630442
0.5 0.124436
0.75 0.182566
1 0.235911
1.25 0.283073
1.5 0.322815
1.75 0.354096
2 0.376095
2.25 0.388237
2.5 0.390203
2.75 0.381942
3 0.36367
3.25 0.335865
3.5 0.299257
3.75 0.254806
4 0.203676
4.25 0.147207
4.5 0.08688
4.75 0.0242758
5 -0.0389647
5.25 -0.101184
5.5 -0.160751
5.75 -0.216105
6 -0.265794
6.25 -0.308517
6.5 -0.343153
6.75 -0.368795
7 -0.384771
7.25 -0.390662
7.5 -0.386313
7.75 -0.371838
8 -0.347617
8.25 -0.314285
8.5 -0.272716
8.75 -0.223998
9 -0.169409
9.25 -0.11038
9.5 -0.0484578
9.75 0.0147346
10 0.0775409
10.25 0.138315
10.5 0.195463
10.75 0.247488
11 0.293027
11.25 0.330885
11.5 0.36007
11.75 0.379818
12 0.38961
12.25 0.38919
12.5 0.385361
12.75 0.381342
13 0.377365
13.25 0.37343
13.5 0.369535
13.75 0.365681
14 0.361868
14.25 0.358094
14.5 0.354359
14.75 0.350663
15 0.347006
15.25 0.343388
15.5 0.339806
15.75 0.336263
16 0.332756
16.25 0.329285
16.5 0.325851
16.75 0.322453
17 0.31909
17.25 0.315762
17.5 0.312469
17.75 0.30921
18 0.305986
18.25 0.302795
18.5 0.299637
18.75 0.296512
19 0.29342
19.25 0.29036
19.5 0.287331
19.75 0.284335
20 0.281369
20.25 0.278435
20.5 0.275531
20.75 0.272658
21 0.269814
21.25 0.267
21.5 0.264216
21.75 0.26146
22 0.258734
22.25 0.256035
22.5 0.253365
22.75 0.250723
23 0.248108
23.25 0.24552
23.5 0.24296
23.75 0.240426
24 0.237919
24.25 0.235437
24.5 0.232982
24.75 0.230552
