-25 0.0931168
-24.75 0.0951723
-24.5 0.0972533
-24.25 0.0993591
-24 0.101489
-23.75 0.103642
-23.5 0.105817
-23.25 0.108014
-23 0.11023
-22.75 0.112466
-22.5 0.114719
-22.25 0.116988
-22 0.119272
-21.75 0.121569
-21.5 0.123878
-21.25 0.126197
-21 0.128523
-20.75 0.130855
-20.5 0.133191
-20.25 0.135528
-20 0.137864
-19.75 0.140196
-19.5 0.142523
-19.25 0.14484
-19 0.147145
-18.75 0.149435
-18.5 0.151707
-18.25 0.153957
-18 0.156182
-17.75 0.158378
-17.5 0.160541
-17.25 0.162668
-17 0.164753
-16.75 0.166793
-16.5 0.168783
-16.25 0.170718
-16 0.172593
-15.75 0.174404
-15.5 0.176145
-15.25 0.177811
-15 0.179397
-14.75 0.180896
-14.5 0.182302
-14.25 0.183611
-14 0.184815
-13.75 0.185908
-13.5 0.186884
-13.25 0.187737
-13 0.188459
-12.75 0.189043
-12.5 0.176476
-12.25 0.189322
-12 0.182459
-11.75 0.158
-11.5 0.122244
-11.25 0.0834247
-11 0.0490566
-10.75 0.0238407
-10.5 0.00884954
-10.25 0.00211448
-10 0.000198795
-9.75 2.46404e-07
-9.5 2.73643e-05
-9.25 0.00069844
-9 0.00366873
-8.75 0.0105993
-8.5 0.0219766
-8.25 0.0365163
-8 0.0513888
-7.75 0.0631395
-7.5 0.0688906
-7.25 0.0673226
-7 0.0590592
-6.75 0.0463481
-6.5 0.0322153
-6.25 0.0194607
-6 0.00988022
-5.75 0.00396529
-5.5 0.00111077
-5.25 0.000158872
-5 3.16889e-06
-4.75 4.30888e-07
-4.5 6.34435e-05
-4.25 0.000466417
-4 0.00151412
-3.75 0.00325973
-3.5 0.00540253
-3.25 0.00739109
-3 0.0086567
-2.75 0.00884988
-2.5 0.00796759
-2.25 0.00632466
-2 0.00440083
-1.75 0.00264753
-1.5 0.00134363
-1.25 0.000551689
-1 0.000170324
-0.75 3.43626e-05
-0.5 3.29614e-06
-0.25 5.42928e-08
0 0
0.25 5.42928e-08
0.5 3.29614e-06
0.75 3.43626e-05
1 0.000170324
1.25 0.000551689
1.5 0.00134363
1.75 0.00264753
2 0.00440083
2.25 0.00632466
2.5 0.00796759
2.75 0.00884988
3 0.0086567
3.25 0.00739109
3.5 0.00540253
3.75 0.00325973
4 0.00151412
4.25 0.000466417
4.5 6.34435e-05
4.75 4.30888e-07
5 3.16889e-06
5.25 0.000158872
5.5 0.00111077
5.75 0.00396529
6 0.00988022
6.25 0.0194607
6.5 0.0322153
6.75 0.0463481
7 0.0590592
7.25 0.0673226
7.5 0.0688906
7.75 0.0631395
8 0.0513888
8.25 0.0365163
8.5 0.0219766
8.75 0.0105993
9 0.00366873
9.25 0.00069844
9.5 2.73643e-05
9.75 2.46404e-07
10 0.000198795
10.25 0.00211448
10.5 0.00884954
10.75 0.0238407
11 0.0490566
11.25 0.0834247
11.5 0.122244
11.75 0.158
12 0.182459
12.25 0.189322
12.5 0.189484
12.75 0.189043
13 0.188459
13.25 0.187737
13.5 0.186884
13.75 0.185908
14 0.184815
14.25 0.183611
14.5 0.182302
14.75 0.180896
15 0.179397
15.25 0.177811
15.5 0.176145
15.75 0.174404
16 0.172593
16.25 0.170718
16.5 0.168783
16.75 0.166793
17 0.164753
17.25 0.162668
17.5 0.160541
17.75 0.158378
18 0.156182
18.25 0.153957
18.5 0.151707
18.75 0.149435
19 0.147145
19.25 0.14484
19.5 0.142523
19.75 0.140196
20 0.137864
20.25 0.135528
20.5 0.133191
20.75 0.130855
21 0.128523
21.25 0.126197
21.5 0.123878
21.75 0.121569
22 0.119272
22.25 0.116988
22.5 0.114719
22.75 0.112466
23 0.11023
23.25 0.108014
23.5 0.105817
23.75 0.103642
24 0.101489
24.25 0.0993591
24.5 0.0972533
24.75 0.0951723
