-25 2.6874e-15
-24.75 4.85037e-15
-24.5 8.75244e-15
-24.25 1.57904e-14
-24 2.84816e-14
-23.75 5.13619e-14
-23.5 9.26024e-14
-23.25 1.66919e-13
-23 3.00806e-13
-22.75 5.41959e-13
-22.5 9.76204e-13
-22.25 1.75796e-12
-22 3.16494e-12
-21.75 5.69654e-12
-21.5 1.02504e-11
-21.25 1.84398e-11
-21 3.31626e-11
-20.75 5.96236e-11
-20.5 1.07167e-10
-20.25 1.92565e-10
-20 3.45907e-10
-19.75 6.21163e-10
-19.5 1.1151e-09
-19.25 2.00114e-09
-19 3.59001e-09
-18.75 6.43818e-09
-18.5 1.15419e-08
-18.25 2.06838e-08
-18 3.70529e-08
-17.75 6.63508e-08
-17.5 1.18768e-07
-17.25 2.12507e-07
-17 3.80071e-07
-16.75 6.79467e-07
-16.5 1.21417e-06
-16.25 2.16865e-06
-16 3.87165e-06
-15.75 6.90859e-06
-15.5 1.23215e-05
-15.25 2.19641e-05
-15 3.91316e-05
-14.75 6.96789e-05
-14.5 0.000124001
-14.25 0.000220542
-14 0.000392004
-13.75 0.000696325
-13.5 0.00123608
-13.25 0.00219272
-13 0.00388696
-12.75 0.0068852
-12.5 0.0129375
-12.25 0.0211576
-12 0.0321204
-11.75 0.0459595
-11.5 0.0626409
-11.25 0.0819555
-11 0.103523
-10.75 0.126811
-10.5 0.151155
-10.25 0.1758
-10 0.199934
-9.75 0.222735
-9.5 0.243409
-9.25 0.261237
-9 0.275602
-8.75 0.286026
-8.5 0.292187
-8.25 0.293931
-8 0.291276
-7.75 0.284405
-7.5 0.27365
-7.25 0.259473
-7 0.242436
-6.75 0.223175
-6.5 0.202359
-6.25 0.180666
-6 0.158747
-5.75 0.137201
-5.5 0.116552
-5.25 0.0972355
-5 0.0795828
-4.75 0.0638213
-4.5 0.0500753
-4.25 0.0383728
-4 0.0286576
-3.75 0.0208044
-3.5 0.0146354
-3.25 0.00993818
-3 0.00648275
-2.75 0.00403739
-2.5 0.00238174
-2.25 0.00131705
-2 0.000673076
-1.75 0.000311627
-1.5 0.000126952
-1.25 4.34926e-05
-1 1.16147e-05
-0.75 2.09715e-06
-0.5 1.86013e-07
-0.25 2.9244e-09
0 0
0.25 2.9244e-09
0.5 1.86013e-07
0.75 2.09715e-06
1 1.16147e-05
1.25 4.34926e-05
1.5 0.000126952
1.75 0.000311627
2 0.000673076
2.25 0.00131705
2.5 0.00238174
2.75 0.00403739
3 0.00648275
3.25 0.00993818
3.5 0.0146354
3.75 0.0208044
4 0.0286576
4.25 0.0383728
4.5 0.0500753
4.75 0.0638213
5 0.0795828
5.25 0.0972355
5.5 0.116552
5.75 0.137201
6 0.158747
6.25 0.180666
6.5 0.202359
6.75 0.223175
7 0.242436
7.25 0.259473
7.5 0.27365
7.75 0.284405
8 0.291276
8.25 0.293931
8.5 0.292187
8.75 0.286026
9 0.275602
9.25 0.261237
9.5 0.243409
9.75 0.222735
10 0.199934
10.25 0.1758
10.5 0.151155
10.75 0.126811
11 0.103523
11.25 0.0819555
11.5 0.0626409
11.75 0.0459595
12 0.0321204
12.25 0.0211576
12.5 0.0121868
12.75 0.0068852
13 0.00388696
13.25 0.00219272
13.5 0.00123608
13.75 0.000696325
14 0.000392004
14.25 0.000220542
14.5 0.000124001
14.75 6.96789e-05
15 3.91316e-05
15.25 2.19641e-05
15.5 1.23215e-05
15.75 6.90859e-06
16 3.87165e-06
16.25 2.16865e-06
16.5 1.21417e-06
16.75 6.79467e-07
17 3.80071e-07
17.25 2.12507e-07
17.5 1.18768e-07
17.75 6.63508e-08
18 3.70529e-08
18.25 2.06838e-08
18.5 1.15419e-08
18.75 6.43818e-09
19 3.59001e-09
19.25 2.00114e-09
19.5 1.1151e-09
19.75 6.21163e-10
20 3.45907e-10
20.25 1.92565e-10
20.5 1.07167e-10
20.75 5.96236e-11
21 3.31626e-11
21.25 1.84398e-11
21.5 1.02504e-11
21.75 5.69654e-12
22 3.16494e-12
22.25 1.75796e-12
22.5 9.76204e-13
22.75 5.41959e-13
23 3.00806e-13
23.25 1.66919e-13
23.5 9.26024e-14
23.75 5.13619e-14
24 2.84816e-14
24.25 1.57904e-14
24.5 8.75244e-15
24.75 4.85037e-15
