-25 -5.18402e-08
-24.75 -6.96446e-08
-24.5 -9.35545e-08
-24.25 -1.2566e-07
-24 -1.68765e-07
-23.75 -2.26632e-07
-23.5 -3.04306e-07
-23.25 -4.08557e-07
-23 -5.48458e-07
-22.75 -7.36178e-07
-22.5 -9.88031e-07
-22.25 -1.32588e-06
-22 -1.77903e-06
-21.75 -2.38674e-06
-21.5 -3.20163e-06
-21.25 -4.29415e-06
-21 -5.7587e-06
-20.75 -7.72163e-06
-20.5 -1.03522e-05
-20.25 -1.38768e-05
-20 -1.85986e-05
-19.75 -2.49231e-05
-19.5 -3.33931e-05
-19.25 -4.47341e-05
-19 -5.99167e-05
-18.75 -8.02383e-05
-18.5 -0.000107433
-18.25 -0.000143819
-18 -0.000192491
-17.75 -0.000257587
-17.5 -0.000344627
-17.25 -0.000460984
-17 -0.000616499
-16.75 -0.000824298
-16.5 -0.00110189
-16.25 -0.00147264
-16 -0.00196765
-15.75 -0.00262842
-15.5 -0.0035102
-15.25 -0.00468658
-15 -0.00625553
-14.75 -0.00834739
-14.5 -0.0111356
-14.25 -0.0148507
-14 -0.0197991
-13.75 -0.026388
-13.5 -0.0351579
-13.25 -0.0468265
-13 -0.0623455
-12.75 -0.0829771
-12.5 -0.113743
-12.25 -0.145456
-12 -0.179222
-11.75 -0.214382
-11.5 -0.250282
-11.25 -0.286279
-11 -0.321751
-10.75 -0.356105
-10.5 -0.388787
-10.25 -0.419285
-10 -0.44714
-9.75 -0.471948
-9.5 -0.493365
-9.25 -0.511113
-9 -0.524978
-8.75 -0.534814
-8.5 -0.540544
-8.25 -0.542154
-8 -0.5397
-7.75 -0.533296
-7.5 -0.523115
-7.25 -0.509384
-7 -0.492378
-6.75 -0.472414
-6.5 -0.449844
-6.25 -0.425048
-6 -0.39843
-5.75 -0.370406
-5.5 -0.341398
-5.25 -0.311826
-5 -0.282104
-4.75 -0.252629
-4.5 -0.223775
-4.25 -0.19589
-4 -0.169286
-3.75 -0.144237
-3.5 -0.120977
-3.25 -0.0996904
-3 -0.0805155
-2.75 -0.0635405
-2.5 -0.0488031
-2.25 -0.0362912
-2 -0.0259437
-1.75 -0.017653
-1.5 -0.0112673
-1.25 -0.00659489
-1 -0.00340804
-0.75 -0.00144815
-0.5 -0.000431292
-0.25 -5.40777e-05
0 0
0.25 5.40777e-05
0.5 0.000431292
0.75 0.00144815
1 0.00340804
1.25 0.00659489
1.5 0.0112673
1.75 0.017653
2 0.0259437
2.25 0.0362912
2.5 0.0488031
2.75 0.0635405
3 0.0805155
3.25 0.0996904
3.5 0.120977
3.75 0.144237
4 0.169286
4.25 0.19589
4.5 0.223775
4.75 0.252629
5 0.282104
5.25 0.311826
5.5 0.341398
5.75 0.370406
6 0.39843
6.25 0.425048
6.5 0.449844
6.75 0.472414
7 0.492378
7.25 0.509384
7.5 0.523115
7.75 0.533296
8 0.5397
8.25 0.542154
8.5 0.540544
8.75 0.534814
9 0.524978
9.25 0.511113
9.5 0.493365
9.75 0.471948
10 0.44714
10.25 0.419285
10.5 0.388787
10.75 0.356105
11 0.321751
11.25 0.286279
11.5 0.250282
11.75 0.214382
12 0.179222
12.25 0.145456
12.5 0.110394
12.75 0.0829771
13 0.0623455
13.25 0.0468265
13.5 0.0351579
13.75 0.026388
14 0.0197991
14.25 0.0148507
14.5 0.0111356
14.75 0.00834739
15 0.00625553
15.25 0.00468658
15.5 0.0035102
15.75 0.00262842
16 0.00196765
16.25 0.00147264
16.5 0.00110189
16.75 0.000824298
17 0.000616499
17.25 0.000460984
17.5 0.000344627
17.75 0.000257587
18 0.000192491
18.25 0.000143819
18.5 0.000107433
18.75 8.02383e-05
19 5.99167e-05
19.25 4.47341e-05
19.5 3.33931e-05
19.75 2.49231e-05
20 1.85986e-05
20.25 1.38768e-05
20.5 1.03522e-05
20.75 7.72163e-06
21 5.7587e-06
21.25 4.29415e-06
21.5 3.20163e-06
21.75 2.38674e-06
22 1.77903e-06
22.25 1.32588e-06
22.5 9.88031e-07
22.75 7.36178e-07
23 5.48458e-07
23.25 4.08557e-07
23.5 3.04306e-07
23.75 2.26632e-07
24 1.68765e-07
24.25 1.2566e-07
24.5 9.35545e-08
24.75 6.96446e-08
