-25 -1.66026e-07
-24.75 -1.93406e-07
-24.5 -2.25301e-07
-24.25 -2.62456e-07
-24 -3.05738e-07
-23.75 -3.56158e-07
-23.5 -4.14892e-07
-23.25 -4.83313e-07
-23 -5.63017e-07
-22.75 -6.55865e-07
-22.5 -7.64025e-07
-22.25 -8.90022e-07
-22 -1.0368e-06
-21.75 -1.20778e-06
-21.5 -1.40695e-06
-21.25 -1.63898e-06
-21 -1.90926e-06
-20.75 -2.22413e-06
-20.5 -2.59091e-06
-20.25 -3.01818e-06
-20 -3.51592e-06
-19.75 -4.09573e-06
-19.5 -4.77117e-06
-19.25 -5.55799e-06
-19 -6.47457e-06
-18.75 -7.5423e-06
-18.5 -8.78612e-06
-18.25 -1.02351e-05
-18 -1.19229e-05
-17.75 -1.38892e-05
-17.5 -1.61797e-05
-17.25 -1.88479e-05
-17 -2.19561e-05
-16.75 -2.55769e-05
-16.5 -2.97949e-05
-16.25 -3.47084e-05
-16 -4.04322e-05
-15.75 -4.71e-05
-15.5 -5.48673e-05
-15.25 -6.39156e-05
-15 -7.44561e-05
-14.75 -8.67347e-05
-14.5 -0.000101038
-14.25 -0.000117701
-14 -0.000137111
-13.75 -0.000159722
-13.5 -0.000186062
-13.25 -0.000216746
-13 -0.00025249
-12.75 -0.000294129
-12.5 -0.000347793
-12.25 -0.000397294
-12 -0.000445573
-11.75 -0.00049248
-11.5 -0.000537873
-11.25 -0.00058161
-11 -0.000623558
-10.75 -0.000663588
-10.5 -0.000701576
-10.25 -0.000737406
-10 -0.000770966
-9.75 -0.000802155
-9.5 -0.000830876
-9.25 -0.00085704
-9 -0.000880568
-8.75 -0.000901387
-8.5 -0.000919432
-8.25 -0.000934648
-8 -0.000946989
-7.75 -0.000956417
-7.5 -0.000962901
-7.25 -0.000966424
-7 -0.000966973
-6.75 -0.000964547
-6.5 -0.000959153
-6.25 -0.000950808
-6 -0.000939538
-5.75 -0.000925377
-5.5 -0.00090837
-5.25 -0.000888567
-5 -0.000866031
-4.75 -0.00084083
-4.5 -0.000813043
-4.25 -0.000782754
-4 -0.000750056
-3.75 -0.000715051
-3.5 -0.000677846
-3.25 -0.000638556
-3 -0.000597301
-2.75 -0.000554208
-2.5 -0.00050941
-2.25 -0.000463045
-2 -0.000415255
-1.75 -0.000366187
-1.5 -0.000315993
-1.25 -0.000264827
-1 -0.000212846
-0.75 -0.00016021
-0.5 -0.000107081
-0.25 -5.36232e-05
0 -1.38195e-18
0.25 5.36232e-05
0.5 0.000107081
0.75 0.00016021
1 0.000212846
1.25 0.000264827
1.5 0.000315993
1.75 0.000366187
2 0.000415255
2.25 0.000463045
2.5 0.00050941
2.75 0.000554208
3 0.000597301
3.25 0.000638556
3.5 0.000677846
3.75 0.000715051
4 0.000750056
4.25 0.000782754
4.5 0.000813043
4.75 0.00084083
5 0.000866031
5.25 0.000888567
5.5 0.00090837
5.75 0.000925377
6 0.000939538
6.25 0.000950808
6.5 0.000959153
6.75 0.000964547
7 0.000966973
7.25 0.000966424
7.5 0.000962901
7.75 0.000956417
8 0.000946989
8.25 0.000934648
8.5 0.000919432
8.75 0.000901387
9 0.000880568
9.25 0.00085704
9.5 0.000830876
9.75 0.000802155
10 0.000770966
10.25 0.000737406
10.5 0.000701576
10.75 0.000663588
11 0.000623558
11.25 0.00058161
11.5 0.000537873
11.75 0.00049248
12 0.000445573
12.25 0.000397294
12.5 0.000342634
12.75 0.000294129
13 0.00025249
13.25 0.000216746
13.5 0.000186062
13.75 0.000159722
14 0.000137111
14.25 0.000117701
14.5 0.000101038
14.75 8.67347e-05
15 7.44561e-05
15.25 6.39156e-05
15.5 5.48673e-05
15.75 4.71e-05
16 4.04322e-05
16.25 3.47084e-05
16.5 2.97949e-05
16.75 2.55769e-05
17 2.19561e-05
17.25 1.88479e-05
17.5 1.61797e-05
17.75 1.38892e-05
18 1.19229e-05
18.25 1.02351e-05
18.5 8.78612e-06
18.75 7.5423e-06
19 6.47457e-06
19.25 5.55799e-06
19.5 4.77117e-06
19.75 4.09573e-06
20 3.51592e-06
20.25 3.01818e-06
20.5 2.59091e-06
20.75 2.22413e-06
21 1.90926e-06
21.25 1.63898e-06
21.5 1.40695e-06
21.75 1.20778e-06
22 1.0368e-06
22.25 8.90022e-07
22.5 7.64025e-07
22.75 6.55865e-07
23 5.63017e-07
23.25 4.83313e-07
23.5 4.14892e-07
23.75 3.56158e-07
24 3.05738e-07
24.25 2.62456e-07
24.5 2.25301e-07
24.75 1.93406e-07
