-25 -4.14548e-07
-24.75 -5.42448e-07
-24.5 -7.09737e-07
-24.25 -9.2852e-07
-24 -1.21462e-06
-23.75 -1.58869e-06
-23.5 -2.07774e-06
-23.25 -2.71703e-06
-23 -3.55262e-06
-22.75 -4.64462e-06
-22.5 -6.07155e-06
-22.25 -7.93588e-06
-22 -1.03714e-05
-21.75 -1.35525e-05
-21.5 -1.77071e-05
-21.25 -2.31322e-05
-21 -3.02152e-05
-20.75 -3.94614e-05
-20.5 -5.15295e-05
-20.25 -6.72784e-05
-20 -8.78271e-05
-19.75 -0.000114634
-19.5 -0.000149599
-19.25 -0.000195197
-19 -0.000254651
-18.75 -0.000332155
-18.5 -0.000433171
-18.25 -0.000564805
-18 -0.000736303
-17.75 -0.000959689
-17.5 -0.0012506
-17.25 -0.00162936
-17 -0.00212239
-16.75 -0.00276401
-16.5 -0.00359879
-16.25 -0.00468462
-16 -0.00609662
-15.75 -0.00793228
-15.5 -0.010318
-15.25 -0.0134179
-15 -0.0174443
-14.75 -0.0226727
-14.5 -0.0294596
-14.25 -0.0382667
-14 -0.0496916
-13.75 -0.0645068
-13.5 -0.0837115
-13.25 -0.108596
-13 -0.140829
-12.75 -0.18256
-12.5 -0.239982
-12.25 -0.301136
-12 -0.36303
-11.75 -0.423608
-11.5 -0.480931
-11.25 -0.533229
-11 -0.578949
-10.75 -0.616794
-10.5 -0.645755
-10.25 -0.665129
-10 -0.674529
-9.75 -0.673886
-9.5 -0.663438
-9.25 -0.643709
-9 -0.615483
-8.75 -0.579769
-8.5 -0.537762
-8.25 -0.490792
-8 -0.440281
-7.75 -0.387692
-7.5 -0.334481
-7.25 -0.282047
-7 -0.231692
-6.75 -0.184581
-6.5 -0.14171
-6.25 -0.103878
-6 -0.0716733
-5.75 -0.0454582
-5.5 -0.0253706
-5.25 -0.0113281
-5 -0.0030414
-4.75 -3.47466e-05
-4.5 -0.00167148
-4.25 -0.00718501
-4 -0.0157133
-3.75 -0.0263354
-3.5 -0.0381097
-3.25 -0.0501104
-3 -0.0614638
-2.75 -0.0713801
-2.5 -0.0791823
-2.25 -0.0843289
-2 -0.0864314
-1.75 -0.0852653
-1.5 -0.0807739
-1.25 -0.0730659
-1 -0.0624063
-0.75 -0.0492005
-0.5 -0.0339738
-0.25 -0.0173455
0 0
0.25 0.0173455
0.5 0.0339738
0.75 0.0492005
1 0.0624063
1.25 0.0730659
1.5 0.0807739
1.75 0.0852653
2 0.0864314
2.25 0.0843289
2.5 0.0791823
2.75 0.0713801
3 0.0614638
3.25 0.0501104
3.5 0.0381097
3.75 0.0263354
4 0.0157133
4.25 0.00718501
4.5 0.00167148
4.75 3.47466e-05
5 0.0030414
5.25 0.0113281
5.5 0.0253706
5.75 0.0454582
6 0.0716733
6.25 0.103878
6.5 0.14171
6.75 0.184581
7 0.231692
7.25 0.282047
7.5 0.334481
7.75 0.387692
8 0.440281
8.25 0.490792
8.5 0.537762
8.75 0.579769
9 0.615483
9.25 0.643709
9.5 0.663438
9.75 0.673886
10 0.674529
10.25 0.665129
10.5 0.645755
10.75 0.616794
11 0.578949
11.25 0.533229
11.5 0.480931
11.75 0.423608
12 0.36303
12.25 0.301136
12.5 0.236567
12.75 0.18256
13 0.140829
13.25 0.108596
13.5 0.0837115
13.75 0.0645068
14 0.0496916
14.25 0.0382667
14.5 0.0294596
14.75 0.0226727
15 0.0174443
15.25 0.0134179
15.5 0.010318
15.75 0.00793228
16 0.00609662
16.25 0.00468462
16.5 0.00359879
16.75 0.00276401
17 0.00212239
17.25 0.00162936
17.5 0.0012506
17.75 0.000959689
18 0.000736303
18.25 0.000564805
18.5 0.000433171
18.75 0.000332155
19 0.000254651
19.25 0.000195197
19.5 0.000149599
19.75 0.000114634
20 8.78271e-05
20.25 6.72784e-05
20.5 5.15295e-05
20.75 3.94614e-05
21 3.02152e-05
21.25 2.31322e-05
21.5 1.77071e-05
21.75 1.35525e-05
22 1.03714e-05
22.25 7.93588e-06
22.5 6.07155e-06
22.75 4.64462e-06
23 3.55262e-06
23.25 2.71703e-06
23.5 2.07774e-06
23.75 1.58869e-06
24 1.21462e-06
24.25 9.2852e-07
24.5 7.09737e-07
24.75 5.42448e-07
