-25 1.7185e-13
-24.75 2.9425e-13
-24.5 5.03727e-13
-24.25 8.62149e-13
-24 1.47529e-12
-23.75 2.52394e-12
-23.5 4.31702e-12
-23.25 7.38228e-12
-23 1.26211e-11
-22.75 2.15725e-11
-22.5 3.68637e-11
-22.25 6.29782e-11
-22 1.07565e-10
-21.75 1.83671e-10
-21.5 3.13542e-10
-21.25 5.35098e-10
-21 9.12957e-10
-20.75 1.5572e-09
-20.5 2.65529e-09
-20.25 4.52638e-09
-20 7.7136e-09
-19.75 1.3141e-08
-19.5 2.23799e-08
-19.25 3.8102e-08
-19 6.4847e-08
-18.75 1.10327e-07
-18.5 1.87637e-07
-18.25 3.19005e-07
-18 5.42142e-07
-17.75 9.21003e-07
-17.5 1.564e-06
-17.25 2.65482e-06
-17 4.50455e-06
-16.75 7.63975e-06
-16.5 1.29513e-05
-16.25 2.19457e-05
-16 3.71688e-05
-15.75 6.29211e-05
-15.5 0.000106462
-15.25 0.000180039
-15 0.000304303
-14.75 0.000514049
-14.5 0.000867867
-14.25 0.00146434
-14 0.00246925
-13.75 0.00416113
-13.5 0.00700761
-13.25 0.0117932
-13 0.0198327
-12.75 0.0333282
-12.5 0.0575912
-12.25 0.0906827
-12 0.131791
-11.75 0.179444
-11.5 0.231295
-11.25 0.284333
-11 0.335182
-10.75 0.380435
-10.5 0.417
-10.25 0.442396
-10 0.454989
-9.75 0.454123
-9.5 0.44015
-9.25 0.414361
-9 0.378819
-8.75 0.336133
-8.5 0.289188
-8.25 0.240876
-8 0.193847
-7.75 0.150305
-7.5 0.111877
-7.25 0.0795502
-7 0.053681
-6.75 0.0340701
-6.5 0.0200816
-6.25 0.0107907
-6 0.00513706
-5.75 0.00206645
-5.5 0.000643669
-5.25 0.000128325
-5 9.25011e-06
-4.75 1.20733e-09
-4.5 2.79384e-06
-4.25 5.16244e-05
-4 0.000246907
-3.75 0.000693556
-3.5 0.00145235
-3.25 0.00251105
-3 0.00377779
-2.75 0.00509512
-2.5 0.00626983
-2.25 0.00711136
-2 0.00747039
-1.75 0.00727017
-1.5 0.00652442
-1.25 0.00533863
-1 0.00389455
-0.75 0.00242069
-0.5 0.00115422
-0.25 0.000300868
0 0
0.25 0.000300868
0.5 0.00115422
0.75 0.00242069
1 0.00389455
1.25 0.00533863
1.5 0.00652442
1.75 0.00727017
2 0.00747039
2.25 0.00711136
2.5 0.00626983
2.75 0.00509512
3 0.00377779
3.25 0.00251105
3.5 0.00145235
3.75 0.000693556
4 0.000246907
4.25 5.16244e-05
4.5 2.79384e-06
4.75 1.20733e-09
5 9.25011e-06
5.25 0.000128325
5.5 0.000643669
5.75 0.00206645
6 0.00513706
6.25 0.0107907
6.5 0.0200816
6.75 0.0340701
7 0.053681
7.25 0.0795502
7.5 0.111877
7.75 0.150305
8 0.193847
8.25 0.240876
8.5 0.289188
8.75 0.336133
9 0.378819
9.25 0.414361
9.5 0.44015
9.75 0.454123
10 0.454989
10.25 0.442396
10.5 0.417
10.75 0.380435
11 0.335182
11.25 0.284333
11.5 0.231295
11.75 0.179444
12 0.131791
12.25 0.0906827
12.5 0.0559639
12.75 0.0333282
13 0.0198327
13.25 0.0117932
13.5 0.00700761
13.75 0.00416113
14 0.00246925
14.25 0.00146434
14.5 0.000867867
14.75 0.000514049
15 0.000304303
15.25 0.000180039
15.5 0.000106462
15.75 6.29211e-05
16 3.71688e-05
16.25 2.19457e-05
16.5 1.29513e-05
16.75 7.63975e-06
17 4.50455e-06
17.25 2.65482e-06
17.5 1.564e-06
17.75 9.21003e-07
18 5.42142e-07
18.25 3.19005e-07
18.5 1.87637e-07
18.75 1.10327e-07
19 6.4847e-08
19.25 3.8102e-08
19.5 2.23799e-08
19.75 1.3141e-08
20 7.7136e-09
20.25 4.52638e-09
20.5 2.65529e-09
20.75 1.5572e-09
21 9.12957e-10
21.25 5.35098e-10
21.5 3.13542e-10
21.75 1.83671e-10
22 1.07565e-10
22.25 6.29782e-11
22.5 3.68637e-11
22.75 2.15725e-11
23 1.26211e-11
23.25 7.38228e-12
23.5 4.31702e-12
23.75 2.52394e-12
24 1.47529e-12
24.25 8.62149e-13
24.5 5.03727e-13
24.75 2.9425e-13
