-25 6.19549e-07
-24.75 7.12278e-07
-24.5 8.18887e-07
-24.25 9.41452e-07
-24 1.08236e-06
-23.75 1.24436e-06
-23.5 1.43061e-06
-23.25 1.64473e-06
-23 1.8909e-06
-22.75 2.17391e-06
-22.5 2.49929e-06
-22.25 2.87336e-06
-22 3.30343e-06
-21.75 3.79786e-06
-21.5 4.36629e-06
-21.25 5.01981e-06
-21 5.77113e-06
-20.75 6.63491e-06
-20.5 7.62798e-06
-20.25 8.76967e-06
-20 1.00823e-05
-19.75 1.15913e-05
-19.5 1.33262e-05
-19.25 1.53207e-05
-19 1.76138e-05
-18.75 2.02501e-05
-18.5 2.3281e-05
-18.25 2.67655e-05
-18 3.07716e-05
-17.75 3.53773e-05
-17.5 4.06723e-05
-17.25 4.67598e-05
-17 5.37584e-05
-16.75 6.18046e-05
-16.5 7.1055e-05
-16.25 8.169e-05
-16 9.39167e-05
-15.75 0.000107973
-15.5 0.000124134
-15.25 0.000142714
-15 0.000164074
-14.75 0.000188631
-14.5 0.000216864
-14.25 0.000249323
-14 0.000286639
-13.75 0.000329541
-13.5 0.000378864
-13.25 0.00043557
-13 0.000500763
-12.75 0.000575713
-12.5 0.000666641
-12.25 0.000754347
-12 0.000836833
-11.75 0.000913527
-11.5 0.0009839
-11.25 0.00104746
-11 0.00110378
-10.75 0.00115246
-10.5 0.00119316
-10.25 0.0012256
-10 0.00124956
-9.75 0.00126488
-9.5 0.00127144
-9.25 0.00126921
-9 0.00125819
-8.75 0.00123846
-8.5 0.00121016
-8.25 0.00117349
-8 0.0011287
-7.75 0.0010761
-7.5 0.00101605
-7.25 0.000948964
-7 0.000875315
-6.75 0.000795609
-6.5 0.000710397
-6.25 0.00062027
-6 0.000525849
-5.75 0.00042779
-5.5 0.00032677
-5.25 0.000223489
-5 0.000118662
-4.75 1.30127e-05
-4.5 -9.27262e-05
-4.25 -0.000197823
-4 -0.000301552
-3.75 -0.000403193
-3.5 -0.000502044
-3.25 -0.000597421
-3 -0.000688664
-2.75 -0.000775141
-2.5 -0.000856253
-2.25 -0.00093144
-2 -0.00100018
-1.75 -0.001062
-1.5 -0.00111647
-1.25 -0.00116322
-1 -0.00120191
-0.75 -0.00123229
-0.5 -0.00125414
-0.25 -0.00126731
0 -0.00127171
0.25 -0.00126731
0.5 -0.00125414
0.75 -0.00123229
1 -0.00120191
1.25 -0.00116322
1.5 -0.00111647
1.75 -0.001062
2 -0.00100018
2.25 -0.00093144
2.5 -0.000856253
2.75 -0.000775141
3 -0.000688664
3.25 -0.000597421
3.5 -0.000502044
3.75 -0.000403193
4 -0.000301552
4.25 -0.000197823
4.5 -9.27262e-05
4.75 1.30127e-05
5 0.000118662
5.25 0.000223489
5.5 0.00032677
5.75 0.00042779
6 0.000525849
6.25 0.00062027
6.5 0.000710397
6.75 0.000795609
7 0.000875315
7.25 0.000948964
7.5 0.00101605
7.75 0.0010761
8 0.0011287
8.25 0.00117349
8.5 0.00121016
8.75 0.00123846
9 0.00125819
9.25 0.00126921
9.5 0.00127144
9.75 0.00126488
10 0.00124956
10.25 0.0012256
10.5 0.00119316
10.75 0.00115246
11 0.00110378
11.25 0.00104746
11.5 0.0009839
11.75 0.000913527
12 0.000836833
12.25 0.000754347
12.5 0.000661881
12.75 0.000575713
13 0.000500763
13.25 0.00043557
13.5 0.000378864
13.75 0.000329541
14 0.000286639
14.25 0.000249323
14.5 0.000216864
14.75 0.000188631
15 0.000164074
15.25 0.000142714
15.5 0.000124134
15.75 0.000107973
16 9.39167e-05
16.25 8.169e-05
16.5 7.1055e-05
16.75 6.18046e-05
17 5.37584e-05
17.25 4.67598e-05
17.5 4.06723e-05
17.75 3.53773e-05
18 3.07716e-05
18.25 2.67655e-05
18.5 2.3281e-05
18.75 2.02501e-05
19 1.76138e-05
19.25 1.53207e-05
19.5 1.33262e-05
19.75 1.15913e-05
20 1.00823e-05
20.25 8.76967e-06
20.5 7.62798e-06
20.75 6.63491e-06
21 5.77113e-06
21.25 5.01981e-06
21.5 4.36629e-06
21.75 3.79786e-06
22 3.30343e-06
22.25 2.87336e-06
22.5 2.49929e-06
22.75 2.17391e-06
23 1.8909e-06
23.25 1.64473e-06
23.5 1.43061e-06
23.75 1.24436e-06
24 1.08236e-06
24.25 9.41452e-07
24.5 8.18887e-07
24.75 7.12278e-07
