-25 -6.3701e-09
-24.75 -8.68519e-09
-24.5 -1.18404e-08
-24.25 -1.61403e-08
-24 -2.19993e-08
-23.75 -2.99819e-08
-23.5 -4.08565e-08
-23.25 -5.56691e-08
-23 -7.58433e-08
-22.75 -1.03316e-07
-22.5 -1.40724e-07
-22.25 -1.91652e-07
-22 -2.60978e-07
-21.75 -3.55335e-07
-21.5 -4.83744e-07
-21.25 -6.58466e-07
-21 -8.96173e-07
-20.75 -1.21952e-06
-20.5 -1.65929e-06
-20.25 -2.25731e-06
-20 -3.07039e-06
-19.75 -4.1757e-06
-19.5 -5.67799e-06
-19.25 -7.71949e-06
-19 -1.04932e-05
-18.75 -1.42612e-05
-18.5 -1.93786e-05
-18.25 -2.63277e-05
-18 -3.57618e-05
-17.75 -4.85672e-05
-17.5 -6.59449e-05
-17.25 -8.9522e-05
-17 -0.000121503
-16.75 -0.000164874
-16.5 -0.000223676
-16.25 -0.000303379
-16 -0.000411387
-15.75 -0.000557711
-15.5 -0.000755889
-15.25 -0.00102422
-15 -0.00138744
-14.75 -0.00187894
-14.5 -0.00254382
-14.25 -0.00344295
-14 -0.00465845
-13.75 -0.00630107
-13.5 -0.00852007
-13.25 -0.0115166
-13 -0.0155614
-12.75 -0.0210191
-12.5 -0.0294818
-12.25 -0.0381233
-12 -0.0475747
-11.75 -0.0577311
-11.5 -0.0684866
-11.25 -0.0797352
-11 -0.091371
-10.75 -0.103289
-10.5 -0.115384
-10.25 -0.127554
-10 -0.139698
-9.75 -0.151718
-9.5 -0.163518
-9.25 -0.175006
-9 -0.186092
-8.75 -0.196693
-8.5 -0.206726
-8.25 -0.216116
-8 -0.224791
-7.75 -0.232686
-7.5 -0.239738
-7.25 -0.245894
-7 -0.251102
-6.75 -0.255321
-6.5 -0.258511
-6.25 -0.260641
-6 -0.261686
-5.75 -0.261628
-5.5 -0.260453
-5.25 -0.258156
-5 -0.254735
-4.75 -0.250198
-4.5 -0.244557
-4.25 -0.23783
-4 -0.230041
-3.75 -0.22122
-3.5 -0.211403
-3.25 -0.200629
-3 -0.188946
-2.75 -0.176403
-2.5 -0.163056
-2.25 -0.148963
-2 -0.134188
-1.75 -0.118798
-1.5 -0.102862
-1.25 -0.0864523
-1 -0.069645
-0.75 -0.0525167
-0.5 -0.0351463
-0.25 -0.0176138
0 0
0.25 0.0176138
0.5 0.0351463
0.75 0.0525167
1 0.069645
1.25 0.0864523
1.5 0.102862
1.75 0.118798
2 0.134188
2.25 0.148963
2.5 0.163056
2.75 0.176403
3 0.188946
3.25 0.200629
3.5 0.211403
3.75 0.22122
4 0.230041
4.25 0.23783
4.5 0.244557
4.75 0.250198
5 0.254735
5.25 0.258156
5.5 0.260453
5.75 0.261628
6 0.261686
6.25 0.260641
6.5 0.258511
6.75 0.255321
7 0.251102
7.25 0.245894
7.5 0.239738
7.75 0.232686
8 0.224791
8.25 0.216116
8.5 0.206726
8.75 0.196693
9 0.186092
9.25 0.175006
9.5 0.163518
9.75 0.151718
10 0.139698
10.25 0.127554
10.5 0.115384
10.75 0.103289
11 0.091371
11.25 0.0797352
11.5 0.0684866
11.75 0.0577311
12 0.0475747
12.25 0.0381233
12.5 0.0283799
12.75 0.0210191
13 0.0155614
13.25 0.0115166
13.5 0.00852007
13.75 0.00630107
14 0.00465845
14.25 0.00344295
14.5 0.00254382
14.75 0.00187894
15 0.00138744
15.25 0.00102422
15.5 0.000755889
15.75 0.000557711
16 0.000411387
16.25 0.000303379
16.5 0.000223676
16.75 0.000164874
17 0.000121503
17.25 8.9522e-05
17.5 6.59449e-05
17.75 4.85672e-05
18 3.57618e-05
18.25 2.63277e-05
18.5 1.93786e-05
18.75 1.42612e-05
19 1.04932e-05
19.25 7.71949e-06
19.5 5.67799e-06
19.75 4.1757e-06
20 3.07039e-06
20.25 2.25731e-06
20.5 1.65929e-06
20.75 1.21952e-06
21 8.96173e-07
21.25 6.58466e-07
21.5 4.83744e-07
21.75 3.55335e-07
22 2.60978e-07
22.25 1.91652e-07
22.5 1.40724e-07
22.75 1.03316e-07
23 7.58433e-08
23.25 5.56691e-08
23.5 4.08565e-08
23.75 2.99819e-08
24 2.19993e-08
24.25 1.61403e-08
24.5 1.18404e-08
24.75 8.68519e-09
