-25 4.05782e-17
-24.75 7.54325e-17
-24.5 1.40196e-16
-24.25 2.60509e-16
-24 4.8397e-16
-23.75 8.98915e-16
-23.5 1.66926e-15
-23.25 3.09905e-15
-23 5.75221e-15
-22.75 1.06742e-14
-22.5 1.98032e-14
-22.25 3.67304e-14
-22 6.81094e-14
-21.75 1.26263e-13
-21.5 2.34008e-13
-21.25 4.33578e-13
-21 8.03126e-13
-20.75 1.48723e-12
-20.5 2.75324e-12
-20.25 5.09545e-12
-20 9.42732e-12
-19.75 1.74365e-11
-19.5 3.22396e-11
-19.25 5.95905e-11
-19 1.10108e-10
-18.75 2.03381e-10
-18.5 3.75531e-10
-18.25 6.93146e-10
-18 1.27891e-09
-17.75 2.35878e-09
-17.5 4.34873e-09
-17.25 8.0142e-09
-17 1.4763e-08
-16.75 2.71834e-08
-16.5 5.00308e-08
-16.25 9.2039e-08
-16 1.69239e-07
-15.75 3.11041e-07
-15.5 5.71368e-07
-15.25 1.04903e-06
-15 1.92498e-06
-14.75 3.5304e-06
-14.5 6.471e-06
-14.25 1.18539e-05
-14 2.17012e-05
-13.75 3.97034e-05
-13.5 7.25916e-05
-13.25 0.000132631
-13 0.000242157
-12.75 0.000441801
-12.5 0.000869175
-12.25 0.00145338
-12 0.00226335
-11.75 0.00333288
-11.5 0.00469041
-11.25 0.0063577
-11 0.00834865
-10.75 0.0106685
-10.5 0.0133134
-10.25 0.01627
-10 0.0195156
-9.75 0.0230184
-9.5 0.0267382
-9.25 0.0306271
-9 0.0346304
-8.75 0.038688
-8.5 0.0427356
-8.25 0.0467061
-8 0.0505311
-7.75 0.0541426
-7.5 0.0574745
-7.25 0.0604638
-7 0.0630524
-6.75 0.0651886
-6.5 0.0668277
-6.25 0.0679337
-6 0.0684797
-5.75 0.0684492
-5.5 0.0678359
-5.25 0.0666443
-5 0.0648901
-4.75 0.0625992
-4.5 0.0598082
-4.25 0.0565631
-4 0.0529188
-3.75 0.0489383
-3.5 0.0446911
-3.25 0.0402521
-3 0.0357006
-2.75 0.0311181
-2.5 0.0265872
-2.25 0.02219
-2 0.0180065
-1.75 0.0141129
-1.5 0.0105805
-1.25 0.00747401
-1 0.00485042
-0.75 0.002758
-0.5 0.00123526
-0.25 0.000310245
0 0
0.25 0.000310245
0.5 0.00123526
0.75 0.002758
1 0.00485042
1.25 0.00747401
1.5 0.0105805
1.75 0.0141129
2 0.0180065
2.25 0.02219
2.5 0.0265872
2.75 0.0311181
3 0.0357006
3.25 0.0402521
3.5 0.0446911
3.75 0.0489383
4 0.0529188
4.25 0.0565631
4.5 0.0598082
4.75 0.0625992
5 0.0648901
5.25 0.0666443
5.5 0.0678359
5.75 0.0684492
6 0.0684797
6.25 0.0679337
6.5 0.0668277
6.75 0.0651886
7 0.0630524
7.25 0.0604638
7.5 0.0574745
7.75 0.0541426
8 0.0505311
8.25 0.0467061
8.5 0.0427356
8.75 0.038688
9 0.0346304
9.25 0.0306271
9.5 0.0267382
9.75 0.0230184
10 0.0195156
10.25 0.01627
10.5 0.0133134
10.75 0.0106685
11 0.00834865
11.25 0.0063577
11.5 0.00469041
11.75 0.00333288
12 0.00226335
12.25 0.00145338
12.5 0.000805419
12.75 0.000441801
13 0.000242157
13.25 0.000132631
13.5 7.25916e-05
13.75 3.97034e-05
14 2.17012e-05
14.25 1.18539e-05
14.5 6.471e-06
14.75 3.5304e-06
15 1.92498e-06
15.25 1.04903e-06
15.5 5.71368e-07
15.75 3.11041e-07
16 1.69239e-07
16.25 9.2039e-08
16.5 5.00308e-08
16.75 2.71834e-08
17 1.4763e-08
17.25 8.0142e-09
17.5 4.34873e-09
17.75 2.35878e-09
18 1.27891e-09
18.25 6.93146e-10
18.5 3.75531e-10
18.75 2.03381e-10
19 1.10108e-10
19.25 5.95905e-11
19.5 3.22396e-11
19.75 1.74365e-11
20 9.42732e-12
20.25 5.09545e-12
20.5 2.75324e-12
20.75 1.48723e-12
21 8.03126e-13
21.25 4.33578e-13
21.5 2.34008e-13
21.75 1.26263e-13
22 6.81094e-14
22.25 3.67304e-14
22.5 1.98032e-14
22.75 1.06742e-14
23 5.75221e-15
23.25 3.09905e-15
23.5 1.66926e-15
23.75 8.98915e-16
24 4.8397e-16
24.25 2.60509e-16
24.5 1.40196e-16
24.75 7.54325e-17
