-25 -7.93579e-08
-24.75 -9.31299e-08
-24.5 -1.09292e-07
-24.25 -1.28259e-07
-24 -1.50517e-07
-23.75 -1.76638e-07
-23.5 -2.07293e-07
-23.25 -2.43267e-07
-23 -2.85484e-07
-22.75 -3.35028e-07
-22.5 -3.93169e-07
-22.25 -4.61401e-07
-22 -5.41474e-07
-21.75 -6.35443e-07
-21.5 -7.45719e-07
-21.25 -8.75133e-07
-21 -1.02701e-06
-20.75 -1.20524e-06
-20.5 -1.4144e-06
-20.25 -1.65985e-06
-20 -1.94791e-06
-19.75 -2.28596e-06
-19.5 -2.68267e-06
-19.25 -3.14822e-06
-19 -3.69458e-06
-18.75 -4.33574e-06
-18.5 -5.08818e-06
-18.25 -5.9712e-06
-18 -7.00746e-06
-17.75 -8.22355e-06
-17.5 -9.65069e-06
-17.25 -1.13255e-05
-17 -1.3291e-05
-16.75 -1.55975e-05
-16.5 -1.83043e-05
-16.25 -2.14809e-05
-16 -2.52088e-05
-15.75 -2.95836e-05
-15.5 -3.47176e-05
-15.25 -4.07426e-05
-15 -4.78132e-05
-14.75 -5.61108e-05
-14.5 -6.58485e-05
-14.25 -7.7276e-05
-14 -9.06867e-05
-13.75 -0.000106425
-13.5 -0.000124894
-13.25 -0.000146568
-13 -0.000172004
-12.75 -0.000201854
-12.5 -0.00024144
-12.25 -0.000277341
-12 -0.000313029
-11.75 -0.000348476
-11.5 -0.000383655
-11.25 -0.000418539
-11 -0.000453101
-10.75 -0.000487314
-10.5 -0.000521152
-10.25 -0.00055459
-10 -0.000587601
-9.75 -0.000620159
-9.5 -0.000652241
-9.25 -0.000683821
-9 -0.000714875
-8.75 -0.000745379
-8.5 -0.000775309
-8.25 -0.000804643
-8 -0.000833358
-7.75 -0.000861432
-7.5 -0.000888843
-7.25 -0.00091557
-7 -0.000941593
-6.75 -0.000966892
-6.5 -0.000991447
-6.25 -0.00101524
-6 -0.00103825
-5.75 -0.00106046
-5.5 -0.00108186
-5.25 -0.00110242
-5 -0.00112214
-4.75 -0.00114099
-4.5 -0.00115897
-4.25 -0.00117605
-4 -0.00119223
-3.75 -0.00120749
-3.5 -0.00122182
-3.25 -0.00123521
-3 -0.00124766
-2.75 -0.00125914
-2.5 -0.00126965
-2.25 -0.00127919
-2 -0.00128774
-1.75 -0.00129531
-1.5 -0.00130187
-1.25 -0.00130744
-1 -0.00131199
-0.75 -0.00131554
-0.5 -0.00131808
-0.25 -0.0013196
0 -0.00132011
0.25 -0.0013196
0.5 -0.00131808
0.75 -0.00131554
1 -0.00131199
1.25 -0.00130744
1.5 -0.00130187
1.75 -0.00129531
2 -0.00128774
2.25 -0.00127919
2.5 -0.00126965
2.75 -0.00125914
3 -0.00124766
3.25 -0.00123521
3.5 -0.00122182
3.75 -0.00120749
4 -0.00119223
4.25 -0.00117605
4.5 -0.00115897
4.75 -0.00114099
5 -0.00112214
5.25 -0.00110242
5.5 -0.00108186
5.75 -0.00106046
6 -0.00103825
6.25 -0.00101524
6.5 -0.000991447
6.75 -0.000966892
7 -0.000941593
7.25 -0.00091557
7.5 -0.000888843
7.75 -0.000861432
8 -0.000833358
8.25 -0.000804643
8.5 -0.000775309
8.75 -0.000745379
9 -0.000714875
9.25 -0.000683821
9.5 -0.000652241
9.75 -0.000620159
10 -0.000587601
10.25 -0.00055459
10.5 -0.000521152
10.75 -0.000487314
11 -0.000453101
11.25 -0.000418539
11.5 -0.000383655
11.75 -0.000348476
12 -0.000313029
12.25 -0.000277341
12.5 -0.000236885
12.75 -0.000201854
13 -0.000172004
13.25 -0.000146568
13.5 -0.000124894
13.75 -0.000106425
14 -9.06867e-05
14.25 -7.7276e-05
14.5 -6.58485e-05
14.75 -5.61108e-05
15 -4.78132e-05
15.25 -4.07426e-05
15.5 -3.47176e-05
15.75 -2.95836e-05
16 -2.52088e-05
16.25 -2.14809e-05
16.5 -1.83043e-05
16.75 -1.55975e-05
17 -1.3291e-05
17.25 -1.13255e-05
17.5 -9.65069e-06
17.75 -8.22355e-06
18 -7.00746e-06
18.25 -5.9712e-06
18.5 -5.08818e-06
18.75 -4.33574e-06
19 -3.69458e-06
19.25 -3.14822e-06
19.5 -2.68267e-06
19.75 -2.28596e-06
20 -1.94791e-06
20.25 -1.65985e-06
20.5 -1.4144e-06
20.75 -1.20524e-06
21 -1.02701e-06
21.25 -8.75133e-07
21.5 -7.45719e-07
21.75 -6.35443e-07
22 -5.41474e-07
22.25 -4.61401e-07
22.5 -3.93169e-07
22.75 -3.35028e-07
23 -2.85484e-07
23.25 -2.43267e-07
23.5 -2.07293e-07
23.75 -1.76638e-07
24 -1.50517e-07
24.25 -1.28259e-07
24.5 -1.09292e-07
24.75 -9.31299e-08
