-17.5 0.00010022
-17.4 0.000105224
-17.3 0.000110478
-17.2 0.000115994
-17.1 0.000121786
-17 0.000127866
-16.9 0.000134251
-16.8 0.000140954
-16.7 0.000147992
-16.6 0.000155381
-16.5 0.000163139
-16.4 0.000171285
-16.3 0.000179837
-16.2 0.000188817
-16.1 0.000198245
-16 0.000208143
-15.9 0.000218536
-15.8 0.000229447
-15.7 0.000240904
-15.6 0.000252932
-15.5 0.000265561
-15.4 0.000278821
-15.3 0.000292742
-15.2 0.000307359
-15.1 0.000322706
-15 0.000338819
-14.9 0.000355736
-14.8 0.000373498
-14.7 0.000392147
-14.6 0.000411727
-14.5 0.000432285
-14.4 0.000453869
-14.3 0.000476531
-14.2 0.000500325
-14.1 0.000525306
-14 0.000551535
-13.9 0.000579073
-13.8 0.000607987
-13.7 0.000638344
-13.6 0.000670217
-13.5 0.000703681
-13.4 0.000738816
-13.3 0.000775706
-13.2 0.000814437
-13.1 0.000855102
-13 0.000897798
-12.9 0.000942625
-12.8 0.000989691
-12.7 0.00103911
-12.6 0.00109099
-12.5 0.00114613
-12.4 0.00120073
-12.3 0.00125311
-12.2 0.00130318
-12.1 0.00135084
-12 0.00139601
-11.9 0.0014386
-11.8 0.00147854
-11.7 0.00151574
-11.6 0.00155015
-11.5 0.0015817
-11.4 0.00161032
-11.3 0.00163597
-11.2 0.00165861
-11.1 0.00167818
-11 0.00169465
-10.9 0.00170799
-10.8 0.00171818
-10.7 0.0017252
-10.6 0.00172903
-10.5 0.00172967
-10.4 0.00172712
-10.3 0.00172138
-10.2 0.00171246
-10.1 0.00170038
-10 0.00168516
-9.9 0.00166683
-9.8 0.00164542
-9.7 0.00162097
-9.6 0.00159353
-9.5 0.00156315
-9.4 0.00152989
-9.3 0.0014938
-9.2 0.00145495
-9.1 0.00141341
-9 0.00136927
-8.9 0.0013226
-8.8 0.00127348
-8.7 0.00122202
-8.6 0.0011683
-8.5 0.00111242
-8.4 0.00105449
-8.3 0.000994608
-8.2 0.000932893
-8.1 0.000869456
-8 0.000804414
-7.9 0.000737887
-7.8 0.000669997
-7.7 0.000600871
-7.6 0.000530635
-7.5 0.00045942
-7.4 0.000387356
-7.3 0.000314577
-7.2 0.000241218
-7.1 0.000167413
-7 9.32991e-05
-6.9 1.90129e-05
-6.8 -5.53084e-05
-6.7 -0.000129528
-6.6 -0.000203508
-6.5 -0.000277112
-6.4 -0.000350205
-6.3 -0.000422651
-6.2 -0.000494317
-6.1 -0.00056507
-6 -0.00063478
-5.9 -0.000703318
-5.8 -0.000770558
-5.7 -0.000836375
-5.6 -0.000900648
-5.5 -0.000963258
-5.4 -0.00102409
-5.3 -0.00108303
-5.2 -0.00113997
-5.1 -0.00119481
-5 -0.00124744
-4.9 -0.00129777
-4.8 -0.0013457
-4.7 -0.00139115
-4.6 -0.00143403
-4.5 -0.00147426
-4.4 -0.00151177
-4.3 -0.00154649
-4.2 -0.00157836
-4.1 -0.00160731
-4 -0.00163329
-3.9 -0.00165626
-3.8 -0.00167617
-3.7 -0.00169298
-3.6 -0.00170667
-3.5 -0.00171721
-3.4 -0.00172458
-3.3 -0.00172877
-3.2 -0.00172976
-3.1 -0.00172756
-3 -0.00172217
-2.9 -0.0017136
-2.8 -0.00170187
-2.7 -0.00168699
-2.6 -0.001669
-2.5 -0.00164793
-2.4 -0.00162382
-2.3 -0.00159671
-2.2 -0.00156665
-2.1 -0.0015337
-2 -0.00149792
-1.9 -0.00145937
-1.8 -0.00141813
-1.7 -0.00137427
-1.6 -0.00132787
-1.5 -0.00127902
-1.4 -0.00122781
-1.3 -0.00117434
-1.2 -0.00111869
-1.1 -0.00106098
-1 -0.00100131
-0.9 -0.000939795
-0.8 -0.000876542
-0.7 -0.000811671
-0.6 -0.000745302
-0.5 -0.000677557
-0.4 -0.000608561
-0.3 -0.000538441
-0.2 -0.000467327
-0.1 -0.000395351
-2.05669e-14 -0.000322645
0.1 -0.000249343
0.2 -0.00017558
0.3 -0.000101494
0.4 -2.72198e-05
0.5 4.71043e-05
0.6 0.000121341
0.7 0.000195355
0.8 0.000269007
0.9 0.000342163
1 0.000414687
1.1 0.000486446
1.2 0.000557306
1.3 0.000627138
1.4 0.000695812
1.5 0.000763201
1.6 0.000829181
1.7 0.00089363
1.8 0.00095643
1.9 0.00101746
2 0.00107662
2.1 0.00113379
2.2 0.00118886
2.3 0.00124174
2.4 0.00129233
2.5 0.00134053
2.6 0.00138626
2.7 0.00142942
2.8 0.00146995
2.9 0.00150777
3 0.0015428
3.1 0.00157498
3.2 0.00160425
3.3 0.00163057
3.4 0.00165387
3.5 0.00167412
3.6 0.00169128
3.7 0.00170532
3.8 0.0017162
3.9 0.00172392
4 0.00172846
4.1 0.00172981
4.2 0.00172796
4.3 0.00172292
4.4 0.0017147
4.5 0.00170332
4.6 0.00168879
4.7 0.00167114
4.8 0.00165041
4.9 0.00162663
5 0.00159985
5.1 0.00157011
5.2 0.00153748
5.3 0.00150201
5.4 0.00146376
5.5 0.00142281
5.6 0.00137924
5.7 0.00133312
5.8 0.00128453
5.9 0.00123358
6 0.00118035
6.1 0.00112494
6.2 0.00106745
6.3 0.00100799
6.4 0.000946675
6.5 0.000883608
6.6 0.00081891
6.7 0.0007527
6.8 0.000685101
6.9 0.000616237
7 0.000546235
7.1 0.000475225
7.2 0.000403337
7.3 0.000330705
7.4 0.000257462
7.5 0.000183743
7.6 0.000109686
7.7 3.54261e-05
7.8 -3.88992e-05
7.9 -0.000113153
8 -0.000187197
8.1 -0.000260896
8.2 -0.000334114
8.3 -0.000406714
8.4 -0.000478564
8.5 -0.00054953
8.6 -0.000619481
8.7 -0.000688289
8.8 -0.000755827
8.9 -0.000821968
9 -0.000886593
9.1 -0.00094958
9.2 -0.00101081
9.3 -0.00107018
9.4 -0.00112758
9.5 -0.00118289
9.6 -0.00123601
9.7 -0.00128686
9.8 -0.00133533
9.9 -0.00138133
10 -0.00142479
10.1 -0.00146561
10.2 -0.00150373
10.3 -0.00153907
10.4 -0.00157157
10.5 -0.00160117
10.6 -0.00162781
10.7 -0.00165145
10.8 -0.00167204
10.9 -0.00168954
11 -0.00170392
11.1 -0.00171516
11.2 -0.00172323
11.3 -0.00172812
11.4 -0.00172981
11.5 -0.00172832
11.6 -0.00172363
11.7 -0.00171576
11.8 -0.00170473
11.9 -0.00169055
12 -0.00167324
12.1 -0.00165285
12.2 -0.0016294
12.3 -0.00160295
12.4 -0.00157354
12.5 -0.00154122
12.6 -0.0015087
12.7 -0.00148016
12.8 -0.00145514
12.9 -0.00143357
13 -0.00141541
13.1 -0.0014006
13.2 -0.00138913
13.3 -0.00138095
13.4 -0.00137605
13.5 -0.00137442
13.6 -0.00137605
13.7 -0.00138095
13.8 -0.00138913
13.9 -0.0014006
14 -0.00141541
14.1 -0.00143357
14.2 -0.00145514
14.3 -0.00148016
14.4 -0.0015087
14.5 -0.00154082
14.6 -0.00157354
14.7 -0.00160295
14.8 -0.0016294
14.9 -0.00165285
15 -0.00167324
15.1 -0.00169055
15.2 -0.00170473
15.3 -0.00171576
15.4 -0.00172363
15.5 -0.00172832
15.6 -0.00172981
15.7 -0.00172812
15.8 -0.00172323
15.9 -0.00171516
16 -0.00170392
16.1 -0.00168954
16.2 -0.00167204
16.3 -0.00165145
16.4 -0.00162781
16.5 -0.00160117
16.6 -0.00157157
16.7 -0.00153907
16.8 -0.00150373
16.9 -0.00146561
17 -0.00142479
17.1 -0.00138133
17.2 -0.00133533
17.3 -0.00128686
17.4 -0.00123601
17.5 -0.00118289
17.6 -0.00112758
17.7 -0.00107018
17.8 -0.00101081
17.9 -0.00094958
18 -0.000886593
18.1 -0.000821968
18.2 -0.000755827
18.3 -0.000688289
18.4 -0.000619481
18.5 -0.00054953
18.6 -0.000478564
18.7 -0.000406714
18.8 -0.000334114
18.9 -0.000260896
19 -0.000187197
19.1 -0.000113153
19.2 -3.88992e-05
19.3 3.54261e-05
19.4 0.000109686
19.5 0.000183743
19.6 0.000257462
19.7 0.000330705
19.8 0.000403337
19.9 0.000475225
20 0.000546235
20.1 0.000616237
20.2 0.000685101
20.3 0.0007527
20.4 0.00081891
20.5 0.000883608
20.6 0.000946675
20.7 0.00100799
20.8 0.00106745
20.9 0.00112494
21 0.00118035
21.1 0.00123358
21.2 0.00128453
21.3 0.00133312
21.4 0.00137924
21.5 0.00142281
21.6 0.00146376
21.7 0.00150201
21.8 0.00153748
21.9 0.00157011
22 0.00159985
22.1 0.00162663
22.2 0.00165041
22.3 0.00167114
22.4 0.00168879
22.5 0.00170332
22.6 0.0017147
22.7 0.00172292
22.8 0.00172796
22.9 0.00172981
23 0.00172846
23.1 0.00172392
23.2 0.0017162
23.3 0.00170532
23.4 0.00169128
23.5 0.00167412
23.6 0.00165387
23.7 0.00163057
23.8 0.00160425
23.9 0.00157498
24 0.0015428
24.1 0.00150777
24.2 0.00146995
24.3 0.00142942
24.4 0.00138626
24.5 0.00134053
24.6 0.00129233
24.7 0.00124174
24.8 0.00118886
24.9 0.00113379
25 0.00107662
25.1 0.00101746
25.2 0.00095643
25.3 0.00089363
25.4 0.000829181
25.5 0.000763201
25.6 0.000695812
25.7 0.000627138
25.8 0.000557306
25.9 0.000486446
26 0.000414687
26.1 0.000342163
26.2 0.000269007
26.3 0.000195355
26.4 0.000121341
26.5 4.71043e-05
26.6 -2.72198e-05
26.7 -0.000101494
26.8 -0.00017558
26.9 -0.000249343
27 -0.000322645
27.1 -0.000395351
27.2 -0.000467327
27.3 -0.000538441
27.4 -0.000608561
27.5 -0.000677557
27.6 -0.000745302
27.7 -0.000811671
27.8 -0.000876542
27.9 -0.000939795
28 -0.00100131
28.1 -0.00106098
28.2 -0.00111869
28.3 -0.00117434
28.4 -0.00122781
28.5 -0.00127902
28.6 -0.00132787
28.7 -0.00137427
28.8 -0.00141813
28.9 -0.00145937
29 -0.00149792
29.1 -0.0015337
29.2 -0.00156665
29.3 -0.00159671
29.4 -0.00162382
29.5 -0.00164793
29.6 -0.001669
29.7 -0.00168699
29.8 -0.00170187
29.9 -0.0017136
30 -0.00172217
30.1 -0.00172756
30.2 -0.00172976
30.3 -0.00172877
30.4 -0.00172458
30.5 -0.00171721
30.6 -0.00170667
30.7 -0.00169298
30.8 -0.00167617
30.9 -0.00165626
31 -0.00163329
31.1 -0.00160731
31.2 -0.00157836
31.3 -0.00154649
31.4 -0.00151177
31.5 -0.00147426
31.6 -0.00143403
31.7 -0.00139115
31.8 -0.0013457
31.9 -0.00129777
32 -0.00124744
32.1 -0.00119481
32.2 -0.00113997
32.3 -0.00108303
32.4 -0.00102409
32.5 -0.000963258
32.6 -0.000900648
32.7 -0.000836375
32.8 -0.000770558
32.9 -0.000703318
33 -0.00063478
33.1 -0.00056507
33.2 -0.000494317
33.3 -0.000422651
33.4 -0.000350205
33.5 -0.000277112
33.6 -0.000203508
33.7 -0.000129528
33.8 -5.53084e-05
33.9 1.90129e-05
34 9.32991e-05
34.1 0.000167413
34.2 0.000241218
34.3 0.000314577
34.4 0.000387356
34.5 0.00045942
34.6 0.000530635
34.7 0.000600871
34.8 0.000669997
34.9 0.000737887
35 0.000804414
35.1 0.000869456
35.2 0.000932893
35.3 0.000994608
35.4 0.00105449
35.5 0.00111242
35.6 0.0011683
35.7 0.00122202
35.8 0.00127348
35.9 0.0013226
36 0.00136927
36.1 0.00141341
36.2 0.00145495
36.3 0.0014938
36.4 0.00152989
36.5 0.00156315
36.6 0.00159353
36.7 0.00162097
36.8 0.00164542
36.9 0.00166683
37 0.00168516
37.1 0.00170038
37.2 0.00171246
37.3 0.00172138
37.4 0.00172712
37.5 0.00172967
37.6 0.00172903
37.7 0.0017252
37.8 0.00171818
37.9 0.00170799
38 0.00169465
38.1 0.00167818
38.2 0.00165861
38.3 0.00163597
38.4 0.00161032
38.5 0.0015817
38.6 0.00155015
38.7 0.00151574
38.8 0.00147854
38.9 0.0014386
39 0.00139601
39.1 0.00135084
39.2 0.00130318
39.3 0.00125311
39.4 0.00120073
39.5 0.00114546
39.6 0.00109099
39.7 0.00103911
39.8 0.000989691
39.9 0.000942625
40 0.000897798
40.1 0.000855102
40.2 0.000814437
40.3 0.000775706
40.4 0.000738816
40.5 0.000703681
40.6 0.000670217
40.7 0.000638344
40.8 0.000607987
40.9 0.000579073
41 0.000551535
41.1 0.000525306
41.2 0.000500325
41.3 0.000476531
41.4 0.000453869
41.5 0.000432285
41.6 0.000411727
41.7 0.000392147
41.8 0.000373498
41.9 0.000355736
42 0.000338819
42.1 0.000322706
42.2 0.000307359
42.3 0.000292742
42.4 0.000278821
42.5 0.000265561
42.6 0.000252932
42.7 0.000240904
42.8 0.000229447
42.9 0.000218536
43 0.000208143
43.1 0.000198245
43.2 0.000188817
43.3 0.000179837
43.4 0.000171285
43.5 0.000163139
43.6 0.000155381
43.7 0.000147992
43.8 0.000140954
43.9 0.000134251
44 0.000127866
44.1 0.000121786
44.2 0.000115994
44.3 0.000110478
44.4 0.000105224
