-17.5 -0.0020025
-17.4 -0.00219485
-17.3 -0.0024056
-17.2 -0.0026365
-17.1 -0.00288946
-17 -0.00316658
-16.9 -0.00347015
-16.8 -0.0038027
-16.7 -0.00416697
-16.6 -0.00456598
-16.5 -0.005003
-16.4 -0.00548165
-16.3 -0.00600588
-16.2 -0.00657999
-16.1 -0.0072087
-16 -0.00789718
-15.9 -0.00865108
-15.8 -0.00947658
-15.7 -0.0103804
-15.6 -0.01137
-15.5 -0.0124534
-15.4 -0.0136395
-15.3 -0.014938
-15.2 -0.0163593
-15.1 -0.0179151
-15 -0.019618
-14.9 -0.0214818
-14.8 -0.0235216
-14.7 -0.025754
-14.6 -0.0281969
-14.5 -0.03087
-14.4 -0.033795
-14.3 -0.0369954
-14.2 -0.0404968
-14.1 -0.0443274
-14 -0.048518
-13.9 -0.0531019
-13.8 -0.058116
-13.7 -0.0636002
-13.6 -0.0695982
-13.5 -0.0761577
-13.4 -0.0833309
-13.3 -0.0911746
-13.2 -0.099751
-13.1 -0.109128
-13 -0.119379
-12.9 -0.130586
-12.8 -0.142836
-12.7 -0.156226
-12.6 -0.17086
-12.5 -0.187072
-12.4 -0.203677
-12.3 -0.220047
-12.2 -0.236047
-12.1 -0.25155
-12 -0.266433
-11.9 -0.280581
-11.8 -0.293884
-11.7 -0.306243
-11.6 -0.317567
-11.5 -0.327773
-11.4 -0.33679
-11.3 -0.344556
-11.2 -0.351021
-11.1 -0.356145
-11 -0.359899
-10.9 -0.362265
-10.8 -0.363237
-10.7 -0.36282
-10.6 -0.361028
-10.5 -0.357887
-10.4 -0.353433
-10.3 -0.347711
-10.2 -0.340776
-10.1 -0.332691
-10 -0.323527
-9.9 -0.313361
-9.8 -0.302279
-9.7 -0.29037
-9.6 -0.27773
-9.5 -0.264457
-9.4 -0.250654
-9.3 -0.236425
-9.2 -0.221876
-9.1 -0.207113
-9 -0.192242
-8.9 -0.177367
-8.8 -0.162591
-8.7 -0.148014
-8.6 -0.133731
-8.5 -0.119835
-8.4 -0.106412
-8.3 -0.0935428
-8.2 -0.081303
-8.1 -0.0697604
-8 -0.0589764
-7.9 -0.0490044
-7.8 -0.0398905
-7.7 -0.0316724
-7.6 -0.02438
-7.5 -0.0180347
-7.4 -0.0126497
-7.3 -0.00823012
-7.2 -0.00477287
-7.1 -0.00226707
-7 -0.000694194
-6.9 -2.84168e-05
-6.8 -0.000236984
-6.7 -0.00128064
-6.6 -0.00311411
-6.5 -0.00568659
-6.4 -0.00894236
-6.3 -0.0128213
-6.2 -0.0172596
-6.1 -0.0221903
-6 -0.0275439
-5.9 -0.0332494
-5.8 -0.0392344
-5.7 -0.0454261
-5.6 -0.0517519
-5.5 -0.0581402
-5.4 -0.0645206
-5.3 -0.070825
-5.2 -0.0769876
-5.1 -0.0829462
-5 -0.0886419
-4.9 -0.0940199
-4.8 -0.0990302
-4.7 -0.103627
-4.6 -0.107771
-4.5 -0.111427
-4.4 -0.114566
-4.3 -0.117163
-4.2 -0.119203
-4.1 -0.120673
-4 -0.121567
-3.9 -0.121885
-3.8 -0.121632
-3.7 -0.120819
-3.6 -0.119462
-3.5 -0.117583
-3.4 -0.115206
-3.3 -0.112361
-3.2 -0.109081
-3.1 -0.105404
-3 -0.101368
-2.9 -0.0970164
-2.8 -0.0923927
-2.7 -0.0875424
-2.6 -0.0825118
-2.5 -0.0773477
-2.4 -0.0720968
-2.3 -0.0668049
-2.2 -0.0615171
-2.1 -0.0562767
-2 -0.0511252
-1.9 -0.0461013
-1.8 -0.0412413
-1.7 -0.0365781
-1.6 -0.0321411
-1.5 -0.0279561
-1.4 -0.0240448
-1.3 -0.0204247
-1.2 -0.0171092
-1.1 -0.0141071
-1 -0.0114227
-0.9 -0.00905601
-0.8 -0.00700268
-0.7 -0.00525396
-0.6 -0.00379703
-0.5 -0.00261511
-0.4 -0.0016877
-0.3 -0.000990892
-0.2 -0.000497624
-0.1 -0.000178071
-2.05669e-14 -2.43919e-17
0.1 7.08307e-05
0.2 7.02441e-05
0.3 3.52069e-05
0.4 3.37644e-06
0.5 1.26392e-05
0.6 0.000100646
0.7 0.00030435
0.8 0.000659547
0.9 0.00120043
1 0.00195916
1.1 0.00296544
1.2 0.00424617
1.3 0.00582502
1.4 0.00772218
1.5 0.00995399
1.6 0.0125328
1.7 0.0154665
1.8 0.0187589
1.9 0.0224089
2 0.0264109
2.1 0.0307546
2.2 0.0354253
2.3 0.0404035
2.4 0.0456652
2.5 0.0511825
2.6 0.0569232
2.7 0.0628513
2.8 0.0689276
2.9 0.0751095
3 0.0813519
3.1 0.0876073
3.2 0.0938264
3.3 0.0999586
3.4 0.105952
3.5 0.111756
3.6 0.117317
3.7 0.122586
3.8 0.127512
3.9 0.132047
4 0.136147
4.1 0.139768
4.2 0.142871
4.3 0.145421
4.4 0.147387
4.5 0.148742
4.6 0.149464
4.7 0.149538
4.8 0.148954
4.9 0.147708
5 0.1458
5.1 0.143239
5.2 0.140039
5.3 0.136222
5.4 0.131814
5.5 0.126849
5.6 0.121365
5.7 0.115409
5.8 0.10903
5.9 0.102286
6 0.0952359
6.1 0.087946
6.2 0.0804853
6.3 0.0729264
6.4 0.0653446
6.5 0.0578178
6.6 0.0504249
6.7 0.0432462
6.8 0.0363619
6.9 0.029852
7 0.023795
7.1 0.0182677
7.2 0.0133443
7.3 0.00909561
7.4 0.00558837
7.5 0.00288479
7.6 0.00104171
7.7 0.000110095
7.8 0.000134463
7.9 0.00115235
8 0.00319387
8.1 0.0062813
8.2 0.0104287
8.3 0.0156417
8.4 0.0219173
8.5 0.0292435
8.6 0.0375996
8.7 0.0469559
8.8 0.0572737
8.9 0.068506
9 0.0805971
9.1 0.0934831
9.2 0.107093
9.3 0.121347
9.4 0.136159
9.5 0.151439
9.6 0.167088
9.7 0.183004
9.8 0.199081
9.9 0.215209
10 0.231274
10.1 0.247164
10.2 0.262764
10.3 0.277959
10.4 0.292636
10.5 0.306684
10.6 0.319994
10.7 0.332462
10.8 0.343988
10.9 0.354479
11 0.363848
11.1 0.372014
11.2 0.378906
11.3 0.384461
11.4 0.388626
11.5 0.391358
11.6 0.392623
11.7 0.392401
11.8 0.39068
11.9 0.387463
12 0.382761
12.1 0.3766
12.2 0.369017
12.3 0.36006
12.4 0.349789
12.5 0.338275
12.6 0.326741
12.7 0.316993
12.8 0.308778
12.9 0.302034
13 0.296711
13.1 0.292773
13.2 0.290193
13.3 0.288959
13.4 0.289069
13.5 0.290536
13.6 0.293384
13.7 0.297649
13.8 0.303383
13.9 0.310652
14 0.319535
14.1 0.33013
14.2 0.342551
14.3 0.356929
14.4 0.373418
14.5 0.392192
14.6 0.411848
14.7 0.430316
14.8 0.44766
14.9 0.463747
15 0.478451
15.1 0.491654
15.2 0.503249
15.3 0.51314
15.4 0.521241
15.5 0.527482
15.6 0.531804
15.7 0.534163
15.8 0.534528
15.9 0.532885
16 0.529233
16.1 0.523588
16.2 0.515982
16.3 0.50646
16.4 0.495085
16.5 0.481932
16.6 0.467093
16.7 0.450672
16.8 0.432788
16.9 0.413572
17 0.393166
17.1 0.371724
17.2 0.349408
17.3 0.326389
17.4 0.302847
17.5 0.278967
17.6 0.254937
17.7 0.23095
17.8 0.207201
17.9 0.183884
18 0.161194
18.1 0.139321
18.2 0.118453
18.3 0.0987692
18.4 0.0804457
18.5 0.0636477
18.6 0.0485312
18.7 0.035241
18.8 0.0239097
18.9 0.0146564
19 0.00758545
19.1 0.00278607
19.2 0.000330987
19.3 0.000275952
19.4 0.00265909
19.5 0.00750044
19.6 0.0148016
19.7 0.0245457
19.8 0.0366969
19.9 0.0512011
20 0.0679857
20.1 0.0869601
20.2 0.108016
20.3 0.131029
20.4 0.155859
20.5 0.182348
20.6 0.210328
20.7 0.239615
20.8 0.270015
20.9 0.301323
21 0.333326
21.1 0.365802
21.2 0.398525
21.3 0.431265
21.4 0.463789
21.5 0.495864
21.6 0.527257
21.7 0.55774
21.8 0.587088
21.9 0.615084
22 0.641518
22.1 0.666191
22.2 0.688914
22.3 0.709512
22.4 0.727825
22.5 0.743708
22.6 0.757032
22.7 0.767688
22.8 0.775586
22.9 0.780654
23 0.782844
23.1 0.782125
23.2 0.778492
23.3 0.771958
23.4 0.762562
23.5 0.75036
23.6 0.735434
23.7 0.717885
23.8 0.697834
23.9 0.675424
24 0.650815
24.1 0.624186
24.2 0.595731
24.3 0.565662
24.4 0.534202
24.5 0.501589
24.6 0.468069
24.7 0.433898
24.8 0.39934
24.9 0.364662
25 0.330136
25.1 0.296033
25.2 0.262625
25.3 0.230179
25.4 0.198958
25.5 0.169218
25.6 0.141206
25.7 0.115156
25.8 0.0912927
25.9 0.0698227
26 0.0509381
26.1 0.0348125
26.2 0.0216002
26.3 0.0114349
26.4 0.00442844
26.5 0.000669877
26.6 0.000224533
26.7 0.00313342
26.8 0.0094127
26.9 0.0190534
27 0.0320214
27.1 0.0482573
27.2 0.0676768
27.3 0.0901711
27.4 0.115608
27.5 0.143831
27.6 0.174664
27.7 0.207907
27.8 0.243343
27.9 0.280736
28 0.319835
28.1 0.360371
28.2 0.402067
28.3 0.444631
28.4 0.487765
28.5 0.531165
28.6 0.574522
28.7 0.617524
28.8 0.659861
28.9 0.701225
29 0.741315
29.1 0.779835
29.2 0.8165
29.3 0.851036
29.4 0.883185
29.5 0.912703
29.6 0.939366
29.7 0.962967
29.8 0.983323
29.9 1.00027
30 1.01368
30.1 1.02344
30.2 1.02945
30.3 1.03168
30.4 1.03008
30.5 1.02465
30.6 1.01543
30.7 1.00247
30.8 0.985857
30.9 0.965701
31 0.942143
31.1 0.915348
31.2 0.88551
31.3 0.852841
31.4 0.817582
31.5 0.779989
31.6 0.740341
31.7 0.698933
31.8 0.656075
31.9 0.612089
32 0.567308
32.1 0.522073
32.2 0.476731
32.3 0.431631
32.4 0.387124
32.5 0.343556
32.6 0.30127
32.7 0.260602
32.8 0.221877
32.9 0.185408
33 0.151492
33.1 0.12041
33.2 0.0924223
33.3 0.0677698
33.4 0.0466679
33.5 0.0293078
33.6 0.0158536
33.7 0.00644143
33.8 0.00117795
33.9 0.000139613
34 0.0033718
34.1 0.0108883
34.2 0.0226711
34.3 0.0386703
34.4 0.0588041
34.5 0.0829596
34.6 0.110993
34.7 0.142732
34.8 0.177973
34.9 0.216488
35 0.258022
35.1 0.302295
35.2 0.349008
35.3 0.397839
35.4 0.44845
35.5 0.500487
35.6 0.553585
35.7 0.607367
35.8 0.661451
35.9 0.715447
36 0.768968
36.1 0.821625
36.2 0.873035
36.3 0.922822
36.4 0.970619
36.5 1.01607
36.6 1.05885
36.7 1.09862
36.8 1.13509
36.9 1.16798
37 1.19705
37.1 1.22206
37.2 1.24283
37.3 1.25919
37.4 1.271
37.5 1.27817
37.6 1.28063
37.7 1.27835
37.8 1.27133
37.9 1.25962
38 1.24329
38.1 1.22244
38.2 1.19723
38.3 1.16783
38.4 1.13445
38.5 1.09733
38.6 1.05673
38.7 1.01296
38.8 0.966331
38.9 0.917193
39 0.865908
39.1 0.81286
39.2 0.758446
39.3 0.703075
39.4 0.647168
39.5 0.590457
39.6 0.536989
39.7 0.488359
39.8 0.444131
39.9 0.403905
40 0.367321
40.1 0.334048
40.2 0.303787
40.3 0.276266
40.4 0.251236
40.5 0.228473
40.6 0.207771
40.7 0.188944
40.8 0.171821
40.9 0.15625
41 0.142088
41.1 0.12921
41.2 0.117498
41.3 0.106847
41.4 0.0971606
41.5 0.0883521
41.6 0.0803417
41.7 0.0730572
41.8 0.0664327
41.9 0.0604086
42 0.0549304
42.1 0.0499487
42.2 0.0454186
42.3 0.0412991
42.4 0.037553
42.5 0.0341465
42.6 0.0310489
42.7 0.0282321
42.8 0.0256707
42.9 0.0233416
43 0.0212237
43.1 0.0192978
43.2 0.0175466
43.3 0.0159543
43.4 0.0145063
43.5 0.0131897
43.6 0.0119926
43.7 0.010904
43.8 0.00991419
43.9 0.00901419
44 0.00819584
44.1 0.00745175
44.2 0.00677518
44.3 0.00616001
44.4 0.00560066
