-17.5 4.01002e-06
-17.4 4.81739e-06
-17.3 5.78692e-06
-17.2 6.95111e-06
-17.1 8.34895e-06
-17 1.00272e-05
-16.9 1.2042e-05
-16.8 1.44606e-05
-16.7 1.73637e-05
-16.6 2.08481e-05
-16.5 2.503e-05
-16.4 3.00485e-05
-16.3 3.60706e-05
-16.2 4.32962e-05
-16.1 5.19654e-05
-16 6.23655e-05
-15.9 7.48412e-05
-15.8 8.98055e-05
-15.7 0.000107753
-15.6 0.000129277
-15.5 0.000155088
-15.4 0.000186037
-15.3 0.000223143
-15.2 0.000267627
-15.1 0.000320951
-15 0.000384866
-14.9 0.000461468
-14.8 0.000553267
-14.7 0.000663267
-14.6 0.000795063
-14.5 0.000952958
-14.4 0.0011421
-14.3 0.00136866
-14.2 0.00163999
-14.1 0.00196492
-14 0.00235399
-13.9 0.00281982
-13.8 0.00337747
-13.7 0.00404499
-13.6 0.00484391
-13.5 0.0058
-13.4 0.00694404
-13.3 0.00831281
-13.2 0.00995027
-13.1 0.0119089
-13 0.0142514
-12.9 0.0170527
-12.8 0.0204021
-12.7 0.0244065
-12.6 0.0291932
-12.5 0.0349959
-12.4 0.0414844
-12.3 0.0484205
-12.2 0.0557182
-12.1 0.0632774
-12 0.0709867
-11.9 0.0787256
-11.8 0.0863679
-11.7 0.0937849
-11.6 0.100849
-11.5 0.107435
-11.4 0.113427
-11.3 0.118719
-11.2 0.123216
-11.1 0.126839
-11 0.129527
-10.9 0.131236
-10.8 0.131941
-10.7 0.131638
-10.6 0.130341
-10.5 0.128083
-10.4 0.124915
-10.3 0.120903
-10.2 0.116128
-10.1 0.110683
-10 0.104669
-9.9 0.0981952
-9.8 0.0913725
-9.7 0.0843148
-9.6 0.0771339
-9.5 0.0699377
-9.4 0.0628276
-9.3 0.055897
-9.2 0.0492291
-9.1 0.0428959
-9 0.036957
-8.9 0.0314591
-8.8 0.0264359
-8.7 0.0219081
-8.6 0.017884
-8.5 0.0143604
-8.4 0.0113235
-8.3 0.00875026
-8.2 0.00661017
-8.1 0.00486652
-8 0.00347821
-7.9 0.00240143
-7.8 0.00159125
-7.7 0.00100314
-7.6 0.000594385
-7.5 0.00032525
-7.4 0.000160015
-7.3 6.77349e-05
-7.2 2.27803e-05
-7.1 5.13961e-06
-7 4.81906e-07
-6.9 8.07512e-10
-6.8 5.61614e-08
-6.7 1.64004e-06
-6.6 9.69766e-06
-6.5 3.23373e-05
-6.4 7.99658e-05
-6.3 0.000164386
-6.2 0.000297894
-6.1 0.000492408
-6 0.000758669
-5.9 0.00110552
-5.8 0.00153934
-5.7 0.00206353
-5.6 0.00267826
-5.5 0.00338028
-5.4 0.00416291
-5.3 0.00501618
-5.2 0.0059271
-5.1 0.00688007
-5 0.00785738
-4.9 0.00883975
-4.8 0.00980698
-4.7 0.0107386
-4.6 0.0116146
-4.5 0.012416
-4.4 0.0131253
-4.3 0.0137273
-4.2 0.0142094
-4.1 0.014562
-4 0.0147785
-3.9 0.0148559
-3.8 0.0147943
-3.7 0.0145972
-3.6 0.0142713
-3.5 0.0138257
-3.4 0.0132724
-3.3 0.0126249
-3.2 0.0118987
-3.1 0.0111099
-3 0.0102755
-2.9 0.00941219
-2.8 0.00853642
-2.7 0.00766368
-2.6 0.00680821
-2.5 0.00598267
-2.4 0.00519794
-2.3 0.00446289
-2.2 0.00378435
-2.1 0.00316707
-2 0.00261378
-1.9 0.00212533
-1.8 0.00170084
-1.7 0.00133795
-1.6 0.00103305
-1.5 0.000781542
-1.4 0.000578151
-1.3 0.00041717
-1.2 0.000292725
-1.1 0.000199009
-1 0.000130477
-0.9 8.20113e-05
-0.8 4.90375e-05
-0.7 2.76041e-05
-0.6 1.44175e-05
-0.5 6.8388e-06
-0.4 2.84835e-06
-0.3 9.81866e-07
-0.2 2.47629e-07
-0.1 3.17094e-08
-2.05669e-14 5.94965e-34
0.1 5.01698e-09
0.2 4.93423e-09
0.3 1.23953e-09
0.4 1.14004e-11
0.5 1.59749e-10
0.6 1.01297e-08
0.7 9.26292e-08
0.8 4.35003e-07
0.9 1.44103e-06
1 3.8383e-06
1.1 8.79386e-06
1.2 1.803e-05
1.3 3.39309e-05
1.4 5.9632e-05
1.5 9.9082e-05
1.6 0.00015707
1.7 0.000239214
1.8 0.000351896
1.9 0.000502158
2 0.000697534
2.1 0.000945848
2.2 0.00125495
2.3 0.00163244
2.4 0.00208531
2.5 0.00261965
2.6 0.00324025
2.7 0.00395029
2.8 0.00475101
2.9 0.00564143
3 0.00661813
3.1 0.00767504
3.2 0.0088034
3.3 0.00999173
3.4 0.0112259
3.5 0.0124893
3.6 0.0137633
3.7 0.0150272
3.8 0.0162592
3.9 0.0174364
4 0.0185359
4.1 0.019535
4.2 0.0204121
4.3 0.0211473
4.4 0.0217228
4.5 0.022124
4.6 0.0223395
4.7 0.0223618
4.8 0.0221874
4.9 0.0218175
5 0.0212575
5.1 0.0205174
5.2 0.019611
5.3 0.0185565
5.4 0.017375
5.5 0.0160906
5.6 0.0147296
5.7 0.0133192
5.8 0.0118876
5.9 0.0104624
6 0.00906988
6.1 0.0077345
6.2 0.00647788
6.3 0.00531826
6.4 0.00426992
6.5 0.00334289
6.6 0.00254267
6.7 0.00187023
6.8 0.00132219
6.9 0.00089114
7 0.000566201
7.1 0.00033371
7.2 0.000178071
7.3 8.27301e-05
7.4 3.12299e-05
7.5 8.32199e-06
7.6 1.08515e-06
7.7 1.21209e-08
7.8 1.80804e-08
7.9 1.32792e-06
8 1.02008e-05
8.1 3.94547e-05
8.2 0.000108758
8.3 0.000244664
8.4 0.000480369
8.5 0.000855185
8.6 0.00141373
8.7 0.00220485
8.8 0.00328028
8.9 0.00469308
9 0.00649589
9.1 0.00873909
9.2 0.0114688
9.3 0.014725
9.4 0.0185394
9.5 0.0229338
9.6 0.0279185
9.7 0.0334906
9.8 0.0396333
9.9 0.0463147
10 0.0534878
10.1 0.0610903
10.2 0.0690451
10.3 0.0772614
10.4 0.085636
10.5 0.094055
10.6 0.102396
10.7 0.110531
10.8 0.118328
10.9 0.125655
11 0.132385
11.1 0.138394
11.2 0.14357
11.3 0.14781
11.4 0.15103
11.5 0.153161
11.6 0.154153
11.7 0.153978
11.8 0.152631
11.9 0.150127
12 0.146506
12.1 0.141828
12.2 0.136174
12.3 0.129643
12.4 0.122352
12.5 0.11443
12.6 0.106759
12.7 0.100485
12.8 0.0953439
12.9 0.0912246
13 0.0880377
13.1 0.0857159
13.2 0.0842119
13.3 0.0834971
13.4 0.083561
13.5 0.0844112
13.6 0.086074
13.7 0.088595
13.8 0.0920415
13.9 0.0965047
14 0.102103
14.1 0.108986
14.2 0.117341
14.3 0.127398
14.4 0.139441
14.5 0.153814
14.6 0.169619
14.7 0.185171
14.8 0.200399
14.9 0.215062
15 0.228915
15.1 0.241724
15.2 0.25326
15.3 0.263312
15.4 0.271693
15.5 0.278238
15.6 0.282816
15.7 0.28533
15.8 0.28572
15.9 0.283966
16 0.280087
16.1 0.274145
16.2 0.266237
16.3 0.256502
16.4 0.245109
16.5 0.232258
16.6 0.218176
16.7 0.203105
16.8 0.187306
16.9 0.171042
17 0.15458
17.1 0.138179
17.2 0.122086
17.3 0.10653
17.4 0.0917166
17.5 0.0778225
17.6 0.0649927
17.7 0.0533379
17.8 0.0429322
17.9 0.0338135
18 0.0259836
18.1 0.0194104
18.2 0.014031
18.3 0.00975536
18.4 0.00647151
18.5 0.00405103
18.6 0.00235528
18.7 0.00124193
18.8 0.000571675
18.9 0.000214809
19 5.7539e-05
19.1 7.76217e-06
19.2 1.09552e-07
19.3 7.61496e-08
19.4 7.07076e-06
19.5 5.62567e-05
19.6 0.000219088
19.7 0.00060249
19.8 0.00134666
19.9 0.00262155
20 0.00462205
20.1 0.00756205
20.2 0.0116675
20.3 0.0171687
20.4 0.024292
20.5 0.0332509
20.6 0.0442379
20.7 0.0574154
20.8 0.0729082
20.9 0.0907957
21 0.111106
21.1 0.133811
21.2 0.158822
21.3 0.18599
21.4 0.2151
21.5 0.245881
21.6 0.278
21.7 0.311074
21.8 0.344673
21.9 0.378329
22 0.411546
22.1 0.443811
22.2 0.474603
22.3 0.503408
22.4 0.529729
22.5 0.553101
22.6 0.573097
22.7 0.589345
22.8 0.601533
22.9 0.609421
23 0.612844
23.1 0.61172
23.2 0.606049
23.3 0.59592
23.4 0.5815
23.5 0.56304
23.6 0.540863
23.7 0.515358
23.8 0.486972
23.9 0.456198
24 0.42356
24.1 0.389608
24.2 0.354895
24.3 0.319973
24.4 0.285372
24.5 0.251591
24.6 0.219088
24.7 0.188268
24.8 0.159472
24.9 0.132979
25 0.10899
25.1 0.0876355
25.2 0.0689717
25.3 0.0529822
25.4 0.0395842
25.5 0.0286347
25.6 0.019939
25.7 0.013261
25.8 0.00833435
25.9 0.00487522
26 0.00259469
26.1 0.00121191
26.2 0.000466568
26.3 0.000130756
26.4 1.96111e-05
26.5 4.48736e-07
26.6 5.04153e-08
26.7 9.81829e-06
26.8 8.8599e-05
26.9 0.000363034
27 0.00102537
27.1 0.00232877
27.2 0.00458015
27.3 0.00813083
27.4 0.0133651
27.5 0.0206874
27.6 0.0305073
27.7 0.0432252
27.8 0.0592158
27.9 0.0788129
28 0.102294
28.1 0.129867
28.2 0.161658
28.3 0.197697
28.4 0.237915
28.5 0.282137
28.6 0.330075
28.7 0.381336
28.8 0.435416
28.9 0.491717
29 0.549548
29.1 0.608142
29.2 0.666672
29.3 0.724263
29.4 0.780016
29.5 0.833027
29.6 0.882408
29.7 0.927305
29.8 0.966924
29.9 1.00055
30 1.02755
30.1 1.04742
30.2 1.05977
30.3 1.06435
30.4 1.06106
30.5 1.04991
30.6 1.0311
30.7 1.00495
30.8 0.971914
30.9 0.932578
31 0.887633
31.1 0.837863
31.2 0.784127
31.3 0.727338
31.4 0.66844
31.5 0.608383
31.6 0.548105
31.7 0.488508
31.8 0.430435
31.9 0.374653
32 0.321838
32.1 0.27256
32.2 0.227273
32.3 0.186306
32.4 0.149865
32.5 0.118031
32.6 0.0907637
32.7 0.0679136
32.8 0.0492295
32.9 0.034376
33 0.0229497
33.1 0.0144985
33.2 0.00854189
33.3 0.00459274
33.4 0.0021779
33.5 0.000858948
33.6 0.000251338
33.7 4.14921e-05
33.8 1.38757e-06
33.9 1.94917e-08
34 1.1369e-05
34.1 0.000118556
34.2 0.000513981
34.3 0.00149539
34.4 0.00345792
34.5 0.0068823
34.6 0.0123195
34.7 0.0203723
34.8 0.0316744
34.9 0.046867
35 0.0665751
35.1 0.0913824
35.2 0.121806
35.3 0.158276
35.4 0.201107
35.5 0.250488
35.6 0.306457
35.7 0.368895
35.8 0.437517
35.9 0.511865
36 0.591312
36.1 0.675068
36.2 0.762191
36.3 0.8516
36.4 0.942101
36.5 1.0324
36.6 1.12115
36.7 1.20696
36.8 1.28842
36.9 1.36418
37 1.43293
37.1 1.49344
37.2 1.54463
37.3 1.58555
37.4 1.61544
37.5 1.63371
37.6 1.64
37.7 1.63417
37.8 1.61628
37.9 1.58664
38 1.54576
38.1 1.49437
38.2 1.43337
38.3 1.36383
38.4 1.28698
38.5 1.20413
38.6 1.11668
38.7 1.02608
38.8 0.933795
38.9 0.841242
39 0.749797
39.1 0.660742
39.2 0.57524
39.3 0.494315
39.4 0.418826
39.5 0.34864
39.6 0.288357
39.7 0.238495
39.8 0.197252
39.9 0.16314
40 0.134925
40.1 0.111588
40.2 0.0922867
40.3 0.0763229
40.4 0.0631197
40.5 0.0522
40.6 0.0431688
40.7 0.0356997
40.8 0.0295226
40.9 0.0244139
41 0.0201891
41.1 0.0166952
41.2 0.0138057
41.3 0.0114162
41.4 0.00944019
41.5 0.0078061
41.6 0.00645479
41.7 0.00533735
41.8 0.0044133
41.9 0.00364919
42 0.00301735
42.1 0.00249487
42.2 0.00206285
42.3 0.00170561
42.4 0.00141023
42.5 0.00116599
42.6 0.000964034
42.7 0.000797052
42.8 0.000658986
42.9 0.00054483
43 0.000450444
43.1 0.000372406
43.2 0.000307884
43.3 0.000254538
43.4 0.000210433
43.5 0.000173969
43.6 0.000143822
43.7 0.000118897
43.8 9.82912e-05
43.9 8.12556e-05
44 6.71719e-05
44.1 5.55286e-05
44.2 4.59031e-05
44.3 3.79457e-05
44.4 3.13674e-05
