-17.5 8.95557e-06
-17.4 1.06564e-05
-17.3 1.26795e-05
-17.2 1.50857e-05
-17.1 1.79472e-05
-17 2.135e-05
-16.9 2.53963e-05
-16.8 3.02074e-05
-16.7 3.59272e-05
-16.6 4.27271e-05
-16.5 5.08103e-05
-16.4 6.04183e-05
-16.3 7.18378e-05
-16.2 8.54092e-05
-16.1 0.000101537
-16 0.0001207
-15.9 0.000143469
-15.8 0.00017052
-15.7 0.000202655
-15.6 0.000240826
-15.5 0.000286164
-15.4 0.000340008
-15.3 0.00040395
-15.2 0.000479875
-15.1 0.000570022
-15 0.000677045
-14.9 0.000804089
-14.8 0.000954886
-14.7 0.00113386
-14.6 0.00134625
-14.5 0.00159829
-14.4 0.00189732
-14.3 0.00225208
-14.2 0.00267291
-14.1 0.00317207
-14 0.00376407
-13.9 0.0044661
-13.8 0.00529851
-13.7 0.0062854
-13.6 0.00745532
-13.5 0.00884205
-13.4 0.0104856
-13.3 0.0124332
-13.2 0.0147409
-13.1 0.0174749
-13 0.0207136
-12.9 0.0245496
-12.8 0.0290926
-12.7 0.034472
-12.6 0.040841
-12.5 0.0485634
-12.4 0.056998
-12.3 0.0658671
-12.2 0.075033
-12.1 0.0843426
-12 0.0936314
-11.9 0.102728
-11.8 0.111461
-11.7 0.119658
-11.6 0.12716
-11.5 0.133817
-11.4 0.139496
-11.3 0.144085
-11.2 0.147497
-11.1 0.149666
-11 0.150559
-10.9 0.150165
-10.8 0.148506
-10.7 0.145626
-10.6 0.141596
-10.5 0.13651
-10.4 0.13048
-10.3 0.123635
-10.2 0.116116
-10.1 0.10807
-10 0.0996513
-9.9 0.0910123
-9.8 0.0823015
-9.7 0.0736598
-9.6 0.0652175
-9.5 0.0570909
-9.4 0.0493808
-9.3 0.0421705
-9.2 0.0355248
-9.1 0.0294896
-9 0.0240924
-8.9 0.0193429
-8.8 0.0152339
-8.7 0.0117437
-8.6 0.00883769
-8.5 0.00647089
-8.4 0.0045903
-8.3 0.00313758
-8.2 0.00205154
-8.1 0.00127064
-8 0.00073518
-7.9 0.000389318
-7.8 0.000182753
-7.7 7.20327e-05
-7.6 2.14983e-05
-7.5 3.82525e-06
-7.4 1.79238e-07
-7.3 6.15309e-11
-7.2 4.46736e-07
-7.1 5.54703e-06
-7 2.51035e-05
-6.9 7.34149e-05
-6.8 0.000167876
-6.7 0.000327523
-6.6 0.00057158
-6.5 0.000918082
-6.4 0.00138261
-6.3 0.00197721
-6.2 0.00270951
-6.1 0.00358206
-6 0.00459196
-5.9 0.00573073
-5.8 0.00698443
-5.7 0.00833403
-5.6 0.00975601
-5.5 0.0112231
-5.4 0.0127053
-5.3 0.0141708
-5.2 0.0155871
-5.1 0.0169221
-5 0.0181454
-4.9 0.0192289
-4.8 0.0201483
-4.7 0.020883
-4.6 0.0214177
-4.5 0.0217419
-4.4 0.0218509
-4.3 0.0217452
-4.2 0.0214308
-4.1 0.0209185
-4 0.0202238
-3.9 0.0193656
-3.8 0.0183665
-3.7 0.017251
-3.6 0.0160451
-3.5 0.0147757
-3.4 0.0134691
-3.3 0.012151
-3.2 0.0108452
-3.1 0.00957328
-3 0.00835421
-2.9 0.00720382
-2.8 0.00613468
-2.7 0.00515601
-2.6 0.00427371
-2.5 0.00349056
-2.4 0.0028064
-2.3 0.00221852
-2.2 0.00172207
-2.1 0.00131044
-2 0.000975762
-1.9 0.000709335
-1.8 0.000502065
-1.7 0.000344852
-1.6 0.000228926
-1.5 0.000146123
-1.4 8.90963e-05
-1.3 5.14515e-05
-1.2 2.7819e-05
-1.1 1.38597e-05
-1 6.217e-06
-0.9 2.42312e-06
-0.8 7.73516e-07
-0.7 1.81099e-07
-0.6 2.42179e-08
-0.5 7.99505e-10
-0.4 2.18017e-13
-0.3 7.8977e-10
-0.2 4.44385e-09
-0.1 5.15647e-09
-2.05669e-14 6.55457e-34
0.1 3.64475e-08
0.2 2.92792e-07
0.3 1.18421e-06
0.4 3.48509e-06
0.5 8.45656e-06
0.6 1.79675e-05
0.7 3.45963e-05
0.8 6.17031e-05
0.9 0.00010346
1 0.000164833
1.1 0.000251507
1.2 0.000369755
1.3 0.000526248
1.4 0.000727807
1.5 0.000981115
1.6 0.00129238
1.7 0.001667
1.8 0.00210918
1.9 0.00262158
2 0.00320501
2.1 0.00385813
2.2 0.00457725
2.3 0.00535615
2.4 0.00618608
2.5 0.00705577
2.6 0.00795161
2.7 0.00885789
2.8 0.00975716
2.9 0.0106307
3 0.0114591
3.1 0.0122228
3.2 0.0129027
3.3 0.0134809
3.4 0.0139413
3.5 0.0142703
3.6 0.0144572
3.7 0.0144949
3.8 0.01438
3.9 0.0141132
4 0.0136993
4.1 0.0131471
4.2 0.0124695
4.3 0.0116825
4.4 0.0108052
4.5 0.00985905
4.6 0.008867
4.7 0.00785273
4.8 0.00683982
4.9 0.00585085
5 0.00490663
5.1 0.00402536
5.2 0.00322207
5.3 0.00250805
5.4 0.00189051
5.5 0.00137244
5.6 0.000952675
5.7 0.000626113
5.8 0.00038422
5.9 0.000215682
6 0.000107252
6.1 4.47391e-05
6.2 1.41071e-05
6.3 2.64119e-06
6.4 1.27967e-07
6.5 6.74934e-11
6.6 3.89209e-07
6.7 5.03493e-06
6.8 2.39983e-05
6.9 7.4135e-05
7 0.000179291
7.1 0.000370188
7.2 0.000683991
7.3 0.00116353
7.4 0.00185622
7.5 0.00281266
7.6 0.00408495
7.7 0.00572483
7.8 0.0077816
7.9 0.0103
8 0.0133178
8.1 0.0168643
8.2 0.0209575
8.3 0.0256029
8.4 0.0307918
8.5 0.0365005
8.6 0.042689
8.7 0.0493016
8.8 0.0562665
8.9 0.0634972
9 0.0708935
9.1 0.0783435
9.2 0.0857261
9.3 0.0929136
9.4 0.0997748
9.5 0.106179
9.6 0.111997
9.7 0.11711
9.8 0.121407
9.9 0.124792
10 0.127185
10.1 0.128527
10.2 0.128778
10.3 0.127924
10.4 0.125973
10.5 0.122957
10.6 0.118932
10.7 0.113976
10.8 0.108187
10.9 0.101681
11 0.0945883
11.1 0.0870483
11.2 0.0792087
11.3 0.071219
11.4 0.0632271
11.5 0.0553744
11.6 0.0477925
11.7 0.0405991
11.8 0.0338949
11.9 0.027761
12 0.0222575
12.1 0.0174218
12.2 0.0132688
12.3 0.00979161
12.4 0.00696268
12.5 0.00473637
12.6 0.00304712
12.7 0.00188663
12.8 0.00109971
12.9 0.00059186
13 0.00028536
13.1 0.000117174
13.2 3.7268e-05
13.3 7.4203e-06
13.4 4.68752e-07
13.5 1.96336e-56
13.6 4.82849e-07
13.7 7.87334e-06
13.8 4.0733e-05
13.9 0.000131922
14 0.00033095
14.1 0.000707095
14.2 0.00135343
14.3 0.00239194
14.4 0.00397991
14.5 0.00631795
14.6 0.00965247
14.7 0.0139855
14.8 0.019527
14.9 0.0264176
15 0.0347773
15.1 0.0446987
15.2 0.0562415
15.3 0.0694269
15.4 0.0842337
15.5 0.100595
15.6 0.118397
15.7 0.13748
15.8 0.157634
15.9 0.178611
16 0.200121
16.1 0.22184
16.2 0.243422
16.3 0.264497
16.4 0.284691
16.5 0.303628
16.6 0.320941
16.7 0.336287
16.8 0.349349
16.9 0.359852
17 0.367565
17.1 0.372313
17.2 0.373981
17.3 0.372515
17.4 0.367929
17.5 0.360301
17.6 0.349776
17.7 0.336558
17.8 0.320906
17.9 0.303128
18 0.283574
18.1 0.262623
18.2 0.240673
18.3 0.218135
18.4 0.195414
18.5 0.172904
18.6 0.150974
18.7 0.129962
18.8 0.110161
18.9 0.0918168
19 0.075121
19.1 0.0602071
19.2 0.04715
19.3 0.0359663
19.4 0.0266173
19.5 0.0190136
19.6 0.013022
19.7 0.00847354
19.8 0.00517268
19.9 0.00290812
20 0.0014636
20.1 0.000629097
20.2 0.00021177
20.3 4.62206e-05
20.4 3.71839e-06
20.5 6.71339e-10
20.6 1.32578e-06
20.7 2.8514e-05
20.8 0.000158775
20.9 0.000525195
21 0.00131384
21.1 0.00275851
21.2 0.00513328
21.3 0.00874303
21.4 0.0139122
21.5 0.0209723
21.6 0.0302481
21.7 0.042044
21.8 0.0566294
21.9 0.0742254
22 0.0949923
22.1 0.119018
22.2 0.146308
22.3 0.176781
22.4 0.21026
22.5 0.246476
22.6 0.285065
22.7 0.325574
22.8 0.367468
22.9 0.410143
23 0.452933
23.1 0.495131
23.2 0.536003
23.3 0.574809
23.4 0.610816
23.5 0.643326
23.6 0.671689
23.7 0.695323
23.8 0.71373
23.9 0.726513
24 0.733385
24.1 0.734178
24.2 0.72885
24.3 0.717489
24.4 0.700307
24.5 0.677637
24.6 0.649925
24.7 0.617719
24.8 0.581651
24.9 0.542422
25 0.500782
25.1 0.457512
25.2 0.413399
25.3 0.369215
25.4 0.325701
25.5 0.283542
25.6 0.243355
25.7 0.20567
25.8 0.170919
25.9 0.139433
26 0.111427
26.1 0.0870099
26.2 0.0661805
26.3 0.0488366
26.4 0.034785
26.5 0.0237545
26.6 0.0154119
26.7 0.00938016
26.8 0.00525738
26.9 0.00263738
27 0.00112963
27.1 0.000378696
27.2 8.21934e-05
27.3 6.54008e-06
27.4 1.02299e-09
27.5 2.4185e-06
27.6 5.12451e-05
27.7 0.000283582
27.8 0.000934069
27.9 0.00232862
28 0.00487413
28.1 0.00904444
28.2 0.015363
28.3 0.0243828
28.4 0.036664
28.5 0.0527505
28.6 0.0731455
28.7 0.0982877
28.8 0.128529
28.9 0.164112
29 0.205154
29.1 0.251632
29.2 0.303369
29.3 0.360034
29.4 0.421135
29.5 0.486025
29.6 0.553914
29.7 0.623877
29.8 0.694877
29.9 0.765789
30 0.835421
30.1 0.902548
30.2 0.965941
30.3 1.0244
30.4 1.07678
30.5 1.12205
30.6 1.15926
30.7 1.18765
30.8 1.20659
30.9 1.21568
31 1.21469
31.1 1.20361
31.2 1.18263
31.3 1.15217
31.4 1.11282
31.5 1.06535
31.6 1.01072
31.7 0.949983
31.8 0.88432
31.9 0.814976
32 0.743234
32.1 0.670384
32.2 0.59768
32.3 0.526317
32.4 0.457391
32.5 0.391882
32.6 0.330622
32.7 0.274284
32.8 0.223369
32.9 0.178196
33 0.138907
33.1 0.10547
33.2 0.0776933
33.3 0.0552409
33.4 0.0376559
33.5 0.0243862
33.6 0.0148138
33.7 0.00828614
33.8 0.00414768
33.9 0.00177209
34 0.000592237
34.1 0.000127954
34.2 1.00795e-05
34.3 1.35843e-09
34.4 3.87332e-06
34.5 8.09422e-05
34.6 0.000445584
34.7 0.00146287
34.8 0.00363775
34.9 0.00759803
35 0.0140718
35.1 0.0238598
35.2 0.0378041
35.3 0.0567529
35.4 0.0815247
35.5 0.112871
35.6 0.151441
35.7 0.197743
35.8 0.252122
35.9 0.314724
36 0.385479
36.1 0.464088
36.2 0.550013
36.3 0.642475
36.4 0.740467
36.5 0.842763
36.6 0.947946
36.7 1.05443
36.8 1.16052
36.9 1.26439
37 1.36423
37.1 1.45818
37.2 1.54446
37.3 1.62138
37.4 1.68741
37.5 1.7412
37.6 1.78162
37.7 1.80781
37.8 1.81919
37.9 1.81549
38 1.79675
38.1 1.76331
38.2 1.71582
38.3 1.65524
38.4 1.58276
38.5 1.49981
38.6 1.40802
38.7 1.30916
38.8 1.20509
38.9 1.09773
39 0.988981
39.1 0.880703
39.2 0.774649
39.3 0.672424
39.4 0.575451
39.5 0.48311
39.6 0.403409
39.7 0.336853
39.8 0.281273
39.9 0.234861
40 0.196105
40.1 0.163742
40.2 0.136719
40.3 0.114153
40.4 0.0953114
40.5 0.0795784
40.6 0.0664417
40.7 0.0554729
40.8 0.0463143
40.9 0.0386674
41 0.0322827
41.1 0.0269519
41.2 0.0225011
41.3 0.018785
41.4 0.0156825
41.5 0.0130923
41.6 0.0109297
41.7 0.00912425
41.8 0.00761694
41.9 0.00635857
42 0.00530803
42.1 0.00443101
42.2 0.00369885
42.3 0.00308763
42.4 0.00257739
42.5 0.00215144
42.6 0.00179587
42.7 0.00149904
42.8 0.00125126
42.9 0.00104443
43 0.000871776
43.1 0.000727655
43.2 0.000607354
43.3 0.000506936
43.4 0.000423117
43.5 0.000353153
43.6 0.000294755
43.7 0.000246011
43.8 0.000205325
43.9 0.000171367
44 0.000143023
44.1 0.000119366
44.2 9.96212e-05
44.3 8.31416e-05
44.4 6.93873e-05
