-17.5 -0.00299259
-17.4 -0.00326442
-17.3 -0.00356083
-17.2 -0.00388403
-17.1 -0.00423641
-17 -0.00462061
-16.9 -0.00503948
-16.8 -0.00549612
-16.7 -0.00599393
-16.6 -0.0065366
-16.5 -0.00712814
-16.4 -0.00777292
-16.3 -0.00847572
-16.2 -0.00924171
-16.1 -0.0100765
-16 -0.0109864
-15.9 -0.0119779
-15.8 -0.0130583
-15.7 -0.0142357
-15.6 -0.0155186
-15.5 -0.0169164
-15.4 -0.0184393
-15.3 -0.0200985
-15.2 -0.0219061
-15.1 -0.0238751
-15 -0.0260201
-14.9 -0.0283565
-14.8 -0.0309012
-14.7 -0.0336728
-14.6 -0.0366913
-14.5 -0.0399786
-14.4 -0.0435582
-14.3 -0.0474561
-14.2 -0.0517002
-14.1 -0.0563212
-14 -0.061352
-13.9 -0.0668289
-13.8 -0.0727908
-13.7 -0.0792805
-13.6 -0.0863442
-13.5 -0.0940322
-13.4 -0.102399
-13.3 -0.111504
-13.2 -0.121412
-13.1 -0.132193
-13 -0.143922
-12.9 -0.156683
-12.8 -0.170565
-12.7 -0.185666
-12.6 -0.202092
-12.5 -0.220371
-12.4 -0.238743
-12.3 -0.256646
-12.2 -0.273922
-12.1 -0.290418
-12 -0.305992
-11.9 -0.320513
-11.8 -0.333857
-11.7 -0.345917
-11.6 -0.356595
-11.5 -0.36581
-11.4 -0.373492
-11.3 -0.379586
-11.2 -0.384053
-11.1 -0.386867
-11 -0.388019
-10.9 -0.387512
-10.8 -0.385364
-10.7 -0.381609
-10.6 -0.376293
-10.5 -0.369473
-10.4 -0.361221
-10.3 -0.351618
-10.2 -0.340757
-10.1 -0.32874
-10 -0.315676
-9.9 -0.301682
-9.8 -0.286882
-9.7 -0.271403
-9.6 -0.255377
-9.5 -0.238937
-9.4 -0.222218
-9.3 -0.205355
-9.2 -0.18848
-9.1 -0.171725
-9 -0.155217
-8.9 -0.139079
-8.8 -0.123426
-8.7 -0.108368
-8.6 -0.094009
-8.5 -0.0804419
-8.4 -0.0677518
-8.3 -0.0560141
-8.2 -0.045294
-8.1 -0.0356461
-8 -0.0271142
-7.9 -0.0197311
-7.8 -0.0135186
-7.7 -0.00848721
-7.6 -0.00463663
-7.5 -0.00195582
-7.4 -0.000423365
-7.3 -7.84417e-06
-7.2 -0.000668383
-7.1 -0.00235521
-7 -0.00501034
-6.9 -0.00856825
-6.8 -0.0129567
-6.7 -0.0180976
-6.6 -0.0239077
-6.5 -0.0302999
-6.4 -0.0371835
-6.3 -0.0444659
-6.2 -0.052053
-6.1 -0.0598503
-6 -0.067764
-5.9 -0.0757016
-5.8 -0.0835729
-5.7 -0.0912909
-5.6 -0.0987725
-5.5 -0.105939
-5.4 -0.112718
-5.3 -0.119041
-5.2 -0.124848
-5.1 -0.130085
-5 -0.134705
-4.9 -0.138668
-4.8 -0.141945
-4.7 -0.14451
-4.6 -0.146348
-4.5 -0.147451
-4.4 -0.147821
-4.3 -0.147463
-4.2 -0.146393
-4.1 -0.144632
-4 -0.14221
-3.9 -0.13916
-3.8 -0.135523
-3.7 -0.131343
-3.6 -0.126669
-3.5 -0.121555
-3.4 -0.116057
-3.3 -0.110232
-3.2 -0.10414
-3.1 -0.0978431
-3 -0.0914014
-2.9 -0.0848753
-2.8 -0.0783242
-2.7 -0.0718053
-2.6 -0.0653737
-2.5 -0.059081
-2.4 -0.0529754
-2.3 -0.0471012
-2.2 -0.0414978
-2.1 -0.0362
-2 -0.0312372
-1.9 -0.0266333
-1.8 -0.0224068
-1.7 -0.0185702
-1.6 -0.0151303
-1.5 -0.0120881
-1.4 -0.00943909
-1.3 -0.00717297
-1.2 -0.00527437
-1.1 -0.00372286
-1 -0.00249339
-0.9 -0.00155664
-0.8 -0.000879498
-0.7 -0.000425557
-0.6 -0.000155621
-0.5 -2.82755e-05
-0.4 -4.66923e-07
-0.3 -2.81028e-05
-0.2 -6.66622e-05
-0.1 -7.18086e-05
-2.05669e-14 -2.56019e-17
0.1 0.000190912
0.2 0.000541103
0.3 0.00108822
0.4 0.00186684
0.5 0.00290802
0.6 0.0042388
0.7 0.00588186
0.8 0.00785513
0.9 0.0101715
1 0.0128387
1.1 0.015859
1.2 0.019229
1.3 0.0229401
1.4 0.0269779
1.5 0.0313228
1.6 0.0359497
1.7 0.0408289
1.8 0.0459258
1.9 0.0512013
2 0.0566128
2.1 0.0621139
2.2 0.0676553
2.3 0.0731857
2.4 0.0786516
2.5 0.0839987
2.6 0.0891718
2.7 0.0941164
2.8 0.0987784
2.9 0.103105
3 0.107047
3.1 0.110557
3.2 0.11359
3.3 0.116107
3.4 0.118073
3.5 0.119458
3.6 0.120238
3.7 0.120395
3.8 0.119917
3.9 0.118799
4 0.117044
4.1 0.114661
4.2 0.111667
4.3 0.108085
4.4 0.103948
4.5 0.0992928
4.6 0.0941648
4.7 0.0886156
4.8 0.0827032
4.9 0.0764909
5 0.0700473
5.1 0.0634457
5.2 0.0567633
5.3 0.0500804
5.4 0.04348
5.5 0.0370465
5.6 0.0308654
5.7 0.0250222
5.8 0.0196015
5.9 0.0146861
6 0.0103563
6.1 0.00668873
6.2 0.00375595
6.3 0.00162517
6.4 0.000357724
6.5 8.21543e-06
6.6 0.000623866
6.7 0.00224387
6.8 0.0048988
6.9 0.00861017
7 0.0133899
7.1 0.0192403
7.2 0.0261532
7.3 0.0341106
7.4 0.0430839
7.5 0.0530345
7.6 0.0639136
7.7 0.0756626
7.8 0.0882134
7.9 0.101489
8 0.115403
8.1 0.129863
8.2 0.144767
8.3 0.160009
8.4 0.175476
8.5 0.191051
8.6 0.206613
8.7 0.22204
8.8 0.237206
8.9 0.251987
9 0.266258
9.1 0.279899
9.2 0.29279
9.3 0.304817
9.4 0.315872
9.5 0.325851
9.6 0.33466
9.7 0.342214
9.8 0.348435
9.9 0.353259
10 0.35663
10.1 0.358506
10.2 0.358857
10.3 0.357664
10.4 0.354926
10.5 0.350652
10.6 0.344865
10.7 0.337603
10.8 0.328918
10.9 0.318875
11 0.307552
11.1 0.295039
11.2 0.28144
11.3 0.266869
11.4 0.25145
11.5 0.235318
11.6 0.218615
11.7 0.201492
11.8 0.184106
11.9 0.166616
12 0.149189
12.1 0.131992
12.2 0.11519
12.3 0.0989526
12.4 0.0834427
12.5 0.0688213
12.6 0.0552007
12.7 0.0434353
12.8 0.0331619
12.9 0.0243282
13 0.0168926
13.1 0.0108247
13.2 0.00610475
13.3 0.00272402
13.4 0.000684655
13.5 1.4012e-28
13.6 0.000694873
13.7 0.00280595
13.8 0.00638224
13.9 0.0114857
14 0.018192
14.1 0.0265913
14.2 0.036789
14.3 0.0489075
14.4 0.0630866
14.5 0.0794855
14.6 0.098247
14.7 0.11826
14.8 0.139739
14.9 0.162535
15 0.186487
15.1 0.211421
15.2 0.237153
15.3 0.26349
15.4 0.29023
15.5 0.317167
15.6 0.344089
15.7 0.370782
15.8 0.397032
15.9 0.422624
16 0.447349
16.1 0.470999
16.2 0.493378
16.3 0.514293
16.4 0.533564
16.5 0.551024
16.6 0.566517
16.7 0.579903
16.8 0.591058
16.9 0.599877
17 0.606271
17.1 0.610175
17.2 0.61154
17.3 0.61034
17.4 0.606571
17.5 0.600251
17.6 0.591419
17.7 0.580136
17.8 0.566485
17.9 0.550571
18 0.532517
18.1 0.512467
18.2 0.490585
18.3 0.467049
18.4 0.442056
18.5 0.415817
18.6 0.388554
18.7 0.360502
18.8 0.331905
18.9 0.303013
19 0.274082
19.1 0.245371
19.2 0.217141
19.3 0.189648
19.4 0.163148
19.5 0.13789
19.6 0.114114
19.7 0.0920518
19.8 0.0719213
19.9 0.053927
20 0.038257
20.1 0.0250818
20.2 0.0145523
20.3 0.00679858
20.4 0.00192831
20.5 2.59102e-05
20.6 0.00115143
20.7 0.00533985
20.8 0.0126006
20.9 0.0229171
21 0.0362469
21.1 0.0525215
21.2 0.0716469
21.3 0.0935042
21.4 0.11795
21.5 0.144818
21.6 0.17392
21.7 0.205046
21.8 0.237969
21.9 0.272443
22 0.308208
22.1 0.344989
22.2 0.382502
22.3 0.420453
22.4 0.458541
22.5 0.496464
22.6 0.533915
22.7 0.570591
22.8 0.606192
22.9 0.640424
23 0.673003
23.1 0.703655
23.2 0.732123
23.3 0.758161
23.4 0.781547
23.5 0.802076
23.6 0.819566
23.7 0.83386
23.8 0.844826
23.9 0.852358
24 0.856379
24.1 0.856842
24.2 0.853727
24.3 0.847047
24.4 0.836843
24.5 0.823187
24.6 0.806179
24.7 0.785951
24.8 0.76266
24.9 0.736493
25 0.70766
25.1 0.676397
25.2 0.642961
25.3 0.607631
25.4 0.570702
25.5 0.532487
25.6 0.49331
25.7 0.453508
25.8 0.413424
25.9 0.373407
26 0.333807
26.1 0.294974
26.2 0.257256
26.3 0.22099
26.4 0.186507
26.5 0.154125
26.6 0.124145
26.7 0.0968512
26.8 0.0725078
26.9 0.0513554
27 0.0336099
27.1 0.0194601
27.2 0.00906606
27.3 0.00255736
27.4 3.19842e-05
27.5 0.00155515
27.6 0.00715857
27.7 0.0168399
27.8 0.0305625
27.9 0.0482558
28 0.0698149
28.1 0.0951023
28.2 0.123948
28.3 0.15615
28.4 0.191479
28.5 0.229675
28.6 0.270454
28.7 0.313509
28.8 0.358509
28.9 0.405107
29 0.452939
29.1 0.501629
29.2 0.55079
29.3 0.600028
29.4 0.648949
29.5 0.697155
29.6 0.744254
29.7 0.789859
29.8 0.833593
29.9 0.875094
30 0.914014
30.1 0.950025
30.2 0.982823
30.3 1.01213
30.4 1.03768
30.5 1.05927
30.6 1.07669
30.7 1.08979
30.8 1.09845
30.9 1.10258
31 1.10213
31.1 1.09709
31.2 1.08749
31.3 1.07339
31.4 1.0549
31.5 1.03216
31.6 1.00535
31.7 0.974671
31.8 0.940383
31.9 0.90276
32 0.86211
32.1 0.81877
32.2 0.773098
32.3 0.725477
32.4 0.676307
32.5 0.626005
32.6 0.574997
32.7 0.523722
32.8 0.472619
32.9 0.422133
33 0.372702
33.1 0.324761
33.2 0.278735
33.3 0.235034
33.4 0.194051
33.5 0.156161
33.6 0.121712
33.7 0.0910282
33.8 0.0644025
33.9 0.0420962
34 0.0243359
34.1 0.0113117
34.2 0.00317482
34.3 3.68568e-05
34.4 0.00196807
34.5 0.00899679
34.6 0.0211089
34.7 0.0382475
34.8 0.0603138
34.9 0.0871667
35 0.118625
35.1 0.154466
35.2 0.194433
35.3 0.238229
35.4 0.285525
35.5 0.335963
35.6 0.389154
35.7 0.444684
35.8 0.502118
35.9 0.561002
36 0.62087
36.1 0.68124
36.2 0.741628
36.3 0.801545
36.4 0.860504
36.5 0.918021
36.6 0.973625
36.7 1.02686
36.8 1.07727
36.9 1.12445
37 1.168
37.1 1.20755
37.2 1.24276
37.3 1.27334
37.4 1.29901
37.5 1.31955
37.6 1.33477
37.7 1.34455
37.8 1.34878
37.9 1.3474
38 1.34043
38.1 1.3279
38.2 1.30989
38.3 1.28656
38.4 1.25808
38.5 1.22467
38.6 1.1866
38.7 1.14419
38.8 1.09777
38.9 1.04773
39 0.994475
39.1 0.938458
39.2 0.880141
39.3 0.820015
39.4 0.758585
39.5 0.695062
39.6 0.635145
39.7 0.58039
39.8 0.530352
39.9 0.484625
40 0.442837
40.1 0.404651
40.2 0.369755
40.3 0.337866
40.4 0.308725
40.5 0.282096
40.6 0.257763
40.7 0.235527
40.8 0.215208
40.9 0.19664
41 0.179674
41.1 0.16417
41.2 0.150004
41.3 0.137058
41.4 0.12523
41.5 0.114421
41.6 0.104545
41.7 0.0955209
41.8 0.0872751
41.9 0.0797406
42 0.0728562
42.1 0.0665658
42.2 0.0608181
42.3 0.0555665
42.4 0.050768
42.5 0.0463836
42.6 0.0423777
42.7 0.0387175
42.8 0.0353732
42.9 0.0323176
43 0.0295258
43.1 0.0269751
43.2 0.0246446
43.3 0.0225152
43.4 0.0205698
43.5 0.0187924
43.6 0.0171684
43.7 0.0156847
43.8 0.0143292
43.9 0.0130907
44 0.0119592
44.1 0.0109255
44.2 0.00998104
44.3 0.0091182
44.4 0.0083299
