-17.5 -0.000156228
-17.4 -0.000163638
-17.3 -0.000171399
-17.2 -0.000179528
-17.1 -0.000188043
-17 -0.000196961
-16.9 -0.000206303
-16.8 -0.000216087
-16.7 -0.000226336
-16.6 -0.000237071
-16.5 -0.000248314
-16.4 -0.000260091
-16.3 -0.000272427
-16.2 -0.000285348
-16.1 -0.000298881
-16 -0.000313056
-15.9 -0.000327904
-15.8 -0.000343456
-15.7 -0.000359745
-15.6 -0.000376807
-15.5 -0.000394678
-15.4 -0.000413397
-15.3 -0.000433004
-15.2 -0.00045354
-15.1 -0.000475051
-15 -0.000497582
-14.9 -0.000521181
-14.8 -0.000545899
-14.7 -0.00057179
-14.6 -0.000598909
-14.5 -0.000627314
-14.4 -0.000657067
-14.3 -0.00068823
-14.2 -0.000720871
-14.1 -0.000755061
-14 -0.000790872
-13.9 -0.000828381
-13.8 -0.00086767
-13.7 -0.000908822
-13.6 -0.000951925
-13.5 -0.000997073
-13.4 -0.00104436
-13.3 -0.00109389
-13.2 -0.00114578
-13.1 -0.00120012
-13 -0.00125704
-12.9 -0.00131666
-12.8 -0.0013791
-12.7 -0.00144451
-12.6 -0.00151302
-12.5 -0.00158627
-12.4 -0.00165771
-12.3 -0.00172572
-12.2 -0.00179015
-12.1 -0.00185086
-12 -0.00190775
-11.9 -0.00196067
-11.8 -0.00200953
-11.7 -0.00205423
-11.6 -0.00209466
-11.5 -0.00213076
-11.4 -0.00216244
-11.3 -0.00218963
-11.2 -0.00221229
-11.1 -0.00223036
-11 -0.00224381
-10.9 -0.0022526
-10.8 -0.00225673
-10.7 -0.00225618
-10.6 -0.00225095
-10.5 -0.00224105
-10.4 -0.00222651
-10.3 -0.00220736
-10.2 -0.00218363
-10.1 -0.00215537
-10 -0.00212264
-9.9 -0.00208551
-9.8 -0.00204406
-9.7 -0.00199838
-9.6 -0.00194855
-9.5 -0.00189468
-9.4 -0.00183688
-9.3 -0.00177528
-9.2 -0.00170999
-9.1 -0.00164116
-9 -0.00156893
-8.9 -0.00149345
-8.8 -0.00141487
-8.7 -0.00133336
-8.6 -0.00124908
-8.5 -0.00116222
-8.4 -0.00107294
-8.3 -0.000981443
-8.2 -0.00088791
-8.1 -0.000792536
-8 -0.000695519
-7.9 -0.00059706
-7.8 -0.000497364
-7.7 -0.000396637
-7.6 -0.000295087
-7.5 -0.000192926
-7.4 -9.03644e-05
-7.3 1.23842e-05
-7.2 0.000115107
-7.1 0.000217591
-7 0.000319625
-6.9 0.000420995
-6.8 0.000521493
-6.7 0.00062091
-6.6 0.00071904
-6.5 0.000815679
-6.4 0.000910627
-6.3 0.00100369
-6.2 0.00109467
-6.1 0.00118338
-6 0.00126964
-5.9 0.00135326
-5.8 0.00143408
-5.7 0.00151193
-5.6 0.00158664
-5.5 0.00165807
-5.4 0.00172606
-5.3 0.00179047
-5.2 0.00185116
-5.1 0.00190802
-5 0.00196093
-4.9 0.00200977
-4.8 0.00205444
-4.7 0.00209486
-4.6 0.00213093
-4.5 0.00216259
-4.4 0.00218976
-4.3 0.00221239
-4.2 0.00223044
-4.1 0.00224386
-4 0.00225264
-3.9 0.00225674
-3.8 0.00225616
-3.7 0.00225091
-3.6 0.00224099
-3.5 0.00222643
-3.4 0.00220725
-3.3 0.00218349
-3.2 0.00215521
-3.1 0.00212246
-3 0.00208531
-2.9 0.00204384
-2.8 0.00199813
-2.7 0.00194828
-2.6 0.00189439
-2.5 0.00183658
-2.4 0.00177495
-2.3 0.00170965
-2.2 0.00164081
-2.1 0.00156856
-2 0.00149306
-1.9 0.00141446
-1.8 0.00133294
-1.7 0.00124865
-1.6 0.00116177
-1.5 0.00107248
-1.4 0.000980972
-1.3 0.000887429
-1.2 0.000792046
-1.1 0.000695021
-1 0.000596555
-0.9 0.000496853
-0.8 0.000396121
-0.7 0.000294568
-0.6 0.000192404
-0.5 8.98413e-05
-0.4 -1.29077e-05
-0.3 -0.00011563
-0.2 -0.000218112
-0.1 -0.000320143
-2.05669e-14 -0.00042151
0.1 -0.000522002
0.2 -0.000621413
0.3 -0.000719536
0.4 -0.000816167
0.5 -0.000911106
0.6 -0.00100416
0.7 -0.00109513
0.8 -0.00118382
0.9 -0.00127007
1 -0.00135368
1.1 -0.00143449
1.2 -0.00151232
1.3 -0.00158702
1.4 -0.00165842
1.5 -0.00172639
1.6 -0.00179079
1.7 -0.00185146
1.8 -0.0019083
1.9 -0.00196119
2 -0.00201001
2.1 -0.00205466
2.2 -0.00209505
2.3 -0.00213111
2.4 -0.00216274
2.5 -0.00218989
2.6 -0.0022125
2.7 -0.00223052
2.8 -0.00224392
2.9 -0.00225267
3 -0.00225675
3.1 -0.00225615
3.2 -0.00225087
3.3 -0.00224093
3.4 -0.00222634
3.5 -0.00220714
3.6 -0.00218336
3.7 -0.00215506
3.8 -0.00212228
3.9 -0.00208511
4 -0.00204362
4.1 -0.00199789
4.2 -0.00194802
4.3 -0.00189411
4.4 -0.00183627
4.5 -0.00177463
4.6 -0.00170931
4.7 -0.00164045
4.8 -0.00156818
4.9 -0.00149267
5 -0.00141406
5.1 -0.00133251
5.2 -0.00124821
5.3 -0.00116132
5.4 -0.00107202
5.5 -0.0009805
5.6 -0.000886947
5.7 -0.000791555
5.8 -0.000694523
5.9 -0.000596051
6 -0.000496343
6.1 -0.000395606
6.2 -0.000294049
6.3 -0.000191882
6.4 -8.93182e-05
6.5 1.34312e-05
6.6 0.000116153
6.7 0.000218633
6.8 0.000320661
6.9 0.000422024
7 0.000522512
7.1 0.000621917
7.2 0.000720032
7.3 0.000816655
7.4 0.000911585
7.5 0.00100463
7.6 0.00109558
7.7 0.00118427
7.8 0.0012705
7.9 0.0013541
8 0.00143489
8.1 0.00151271
8.2 0.00158739
8.3 0.00165878
8.4 0.00172673
8.5 0.0017911
8.6 0.00185176
8.7 0.00190858
8.8 0.00196145
8.9 0.00201025
9 0.00205488
9.1 0.00209525
9.2 0.00213128
9.3 0.00216289
9.4 0.00219001
9.5 0.0022126
9.6 0.0022306
9.7 0.00224398
9.8 0.0022527
9.9 0.00225676
10 0.00225613
10.1 0.00225083
10.2 0.00224087
10.3 0.00222626
10.4 0.00220703
10.5 0.00218323
10.6 0.0021549
10.7 0.00212211
10.8 0.00208491
10.9 0.0020434
11 0.00199765
11.1 0.00194775
11.2 0.00189382
11.3 0.00183597
11.4 0.00177431
11.5 0.00170897
11.6 0.00164009
11.7 0.0015678
11.8 0.00149227
11.9 0.00141365
12 0.00133209
12.1 0.00124777
12.2 0.00116087
12.3 0.00107156
12.4 0.000980029
12.5 0.000886466
12.6 0.000790757
12.7 0.000698675
12.8 0.000608094
12.9 0.000518819
13 0.000430658
13.1 0.000343421
13.2 0.000256923
13.3 0.000170976
13.4 8.53963e-05
13.5 3.84892e-17
13.6 -8.53963e-05
13.7 -0.000170976
13.8 -0.000256923
13.9 -0.000343421
14 -0.000430658
14.1 -0.000518819
14.2 -0.000608094
14.3 -0.000698675
14.4 -0.000790757
14.5 -0.000884536
14.6 -0.000980029
14.7 -0.00107156
14.8 -0.00116087
14.9 -0.00124777
15 -0.00133209
15.1 -0.00141365
15.2 -0.00149227
15.3 -0.0015678
15.4 -0.00164009
15.5 -0.00170897
15.6 -0.00177431
15.7 -0.00183597
15.8 -0.00189382
15.9 -0.00194775
16 -0.00199765
16.1 -0.0020434
16.2 -0.00208491
16.3 -0.00212211
16.4 -0.0021549
16.5 -0.00218323
16.6 -0.00220703
16.7 -0.00222626
16.8 -0.00224087
16.9 -0.00225083
17 -0.00225613
17.1 -0.00225676
17.2 -0.0022527
17.3 -0.00224398
17.4 -0.0022306
17.5 -0.0022126
17.6 -0.00219001
17.7 -0.00216289
17.8 -0.00213128
17.9 -0.00209525
18 -0.00205488
18.1 -0.00201025
18.2 -0.00196145
18.3 -0.00190858
18.4 -0.00185176
18.5 -0.0017911
18.6 -0.00172673
18.7 -0.00165878
18.8 -0.00158739
18.9 -0.00151271
19 -0.00143489
19.1 -0.0013541
19.2 -0.0012705
19.3 -0.00118427
19.4 -0.00109558
19.5 -0.00100463
19.6 -0.000911585
19.7 -0.000816655
19.8 -0.000720032
19.9 -0.000621917
20 -0.000522512
20.1 -0.000422024
20.2 -0.000320661
20.3 -0.000218633
20.4 -0.000116153
20.5 -1.34312e-05
20.6 8.93182e-05
20.7 0.000191882
20.8 0.000294049
20.9 0.000395606
21 0.000496343
21.1 0.000596051
21.2 0.000694523
21.3 0.000791555
21.4 0.000886947
21.5 0.0009805
21.6 0.00107202
21.7 0.00116132
21.8 0.00124821
21.9 0.00133251
22 0.00141406
22.1 0.00149267
22.2 0.00156818
22.3 0.00164045
22.4 0.00170931
22.5 0.00177463
22.6 0.00183627
22.7 0.00189411
22.8 0.00194802
22.9 0.00199789
23 0.00204362
23.1 0.00208511
23.2 0.00212228
23.3 0.00215506
23.4 0.00218336
23.5 0.00220714
23.6 0.00222634
23.7 0.00224093
23.8 0.00225087
23.9 0.00225615
24 0.00225675
24.1 0.00225267
24.2 0.00224392
24.3 0.00223052
24.4 0.0022125
24.5 0.00218989
24.6 0.00216274
24.7 0.00213111
24.8 0.00209505
24.9 0.00205466
25 0.00201001
25.1 0.00196119
25.2 0.0019083
25.3 0.00185146
25.4 0.00179079
25.5 0.00172639
25.6 0.00165842
25.7 0.00158702
25.8 0.00151232
25.9 0.00143449
26 0.00135368
26.1 0.00127007
26.2 0.00118382
26.3 0.00109513
26.4 0.00100416
26.5 0.000911106
26.6 0.000816167
26.7 0.000719536
26.8 0.000621413
26.9 0.000522002
27 0.00042151
27.1 0.000320143
27.2 0.000218112
27.3 0.00011563
27.4 1.29077e-05
27.5 -8.98413e-05
27.6 -0.000192404
27.7 -0.000294568
27.8 -0.000396121
27.9 -0.000496853
28 -0.000596555
28.1 -0.000695021
28.2 -0.000792046
28.3 -0.000887429
28.4 -0.000980972
28.5 -0.00107248
28.6 -0.00116177
28.7 -0.00124865
28.8 -0.00133294
28.9 -0.00141446
29 -0.00149306
29.1 -0.00156856
29.2 -0.00164081
29.3 -0.00170965
29.4 -0.00177495
29.5 -0.00183658
29.6 -0.00189439
29.7 -0.00194828
29.8 -0.00199813
29.9 -0.00204384
30 -0.00208531
30.1 -0.00212246
30.2 -0.00215521
30.3 -0.00218349
30.4 -0.00220725
30.5 -0.00222643
30.6 -0.00224099
30.7 -0.00225091
30.8 -0.00225616
30.9 -0.00225674
31 -0.00225264
31.1 -0.00224386
31.2 -0.00223044
31.3 -0.00221239
31.4 -0.00218976
31.5 -0.00216259
31.6 -0.00213093
31.7 -0.00209486
31.8 -0.00205444
31.9 -0.00200977
32 -0.00196093
32.1 -0.00190802
32.2 -0.00185116
32.3 -0.00179047
32.4 -0.00172606
32.5 -0.00165807
32.6 -0.00158664
32.7 -0.00151193
32.8 -0.00143408
32.9 -0.00135326
33 -0.00126964
33.1 -0.00118338
33.2 -0.00109467
33.3 -0.00100369
33.4 -0.000910627
33.5 -0.000815679
33.6 -0.00071904
33.7 -0.00062091
33.8 -0.000521493
33.9 -0.000420995
34 -0.000319625
34.1 -0.000217591
34.2 -0.000115107
34.3 -1.23842e-05
34.4 9.03644e-05
34.5 0.000192926
34.6 0.000295087
34.7 0.000396637
34.8 0.000497364
34.9 0.00059706
35 0.000695519
35.1 0.000792536
35.2 0.00088791
35.3 0.000981443
35.4 0.00107294
35.5 0.00116222
35.6 0.00124908
35.7 0.00133336
35.8 0.00141487
35.9 0.00149345
36 0.00156893
36.1 0.00164116
36.2 0.00170999
36.3 0.00177528
36.4 0.00183688
36.5 0.00189468
36.6 0.00194855
36.7 0.00199838
36.8 0.00204406
36.9 0.00208551
37 0.00212264
37.1 0.00215537
37.2 0.00218363
37.3 0.00220736
37.4 0.00222651
37.5 0.00224105
37.6 0.00225095
37.7 0.00225618
37.8 0.00225673
37.9 0.0022526
38 0.00224381
38.1 0.00223036
38.2 0.00221229
38.3 0.00218963
38.4 0.00216244
38.5 0.00213076
38.6 0.00209466
38.7 0.00205423
38.8 0.00200953
38.9 0.00196067
39 0.00190775
39.1 0.00185086
39.2 0.00179015
39.3 0.00172572
39.4 0.00165771
39.5 0.00158478
39.6 0.00151302
39.7 0.00144451
39.8 0.0013791
39.9 0.00131666
40 0.00125704
40.1 0.00120012
40.2 0.00114578
40.3 0.00109389
40.4 0.00104436
40.5 0.000997073
40.6 0.000951925
40.7 0.000908822
40.8 0.00086767
40.9 0.000828381
41 0.000790872
41.1 0.000755061
41.2 0.000720871
41.3 0.00068823
41.4 0.000657067
41.5 0.000627314
41.6 0.000598909
41.7 0.00057179
41.8 0.000545899
41.9 0.000521181
42 0.000497582
42.1 0.000475051
42.2 0.00045354
42.3 0.000433004
42.4 0.000413397
42.5 0.000394678
42.6 0.000376807
42.7 0.000359745
42.8 0.000343456
42.9 0.000327904
43 0.000313056
43.1 0.000298881
43.2 0.000285348
43.3 0.000272427
43.4 0.000260091
43.5 0.000248314
43.6 0.000237071
43.7 0.000226336
43.8 0.000216087
43.9 0.000206303
44 0.000196961
44.1 0.000188043
44.2 0.000179528
44.3 0.000171399
44.4 0.000163638
