-17.5 0.000103827
-17.4 0.000118875
-17.3 0.000136095
-17.2 0.000155799
-17.1 0.000178344
-17 0.000204137
-16.9 0.000233645
-16.8 0.000267398
-16.7 0.000306007
-16.6 0.000350165
-16.5 0.000400666
-16.4 0.000458416
-16.3 0.000524451
-16.2 0.000599954
-16.1 0.000686274
-16 0.000784954
-15.9 0.000897752
-15.8 0.00102668
-15.7 0.00117403
-15.6 0.00134241
-15.5 0.00153482
-15.4 0.00175466
-15.3 0.00200582
-15.2 0.00229274
-15.1 0.00262047
-15 0.00299479
-14.9 0.00342227
-14.8 0.00391042
-14.7 0.00446779
-14.6 0.00510413
-14.5 0.00583056
-14.4 0.00665973
-14.3 0.0076061
-14.2 0.0086861
-14.1 0.00991846
-14 0.0113245
-13.9 0.0129286
-13.8 0.0147584
-13.7 0.0168453
-13.6 0.0192253
-13.5 0.0219392
-13.4 0.0250335
-13.3 0.028561
-13.2 0.0325818
-13.1 0.0371645
-13 0.0423868
-12.9 0.0483372
-12.8 0.0551163
-12.7 0.0628384
-12.6 0.0716336
-12.5 0.0817122
-12.4 0.0923397
-12.3 0.102705
-12.2 0.112539
-12.1 0.12158
-12 0.129581
-11.9 0.136326
-11.8 0.141628
-11.7 0.145346
-11.6 0.147384
-11.5 0.147697
-11.4 0.146289
-11.3 0.143216
-11.2 0.138579
-11.1 0.132524
-11 0.125231
-10.9 0.116908
-10.8 0.107787
-10.7 0.0981063
-10.6 0.0881104
-10.5 0.0780359
-10.4 0.0681055
-10.3 0.0585205
-10.2 0.0494553
-10.1 0.0410528
-10 0.0334215
-9.9 0.0266345
-9.8 0.0207298
-9.7 0.0157119
-9.6 0.011555
-9.5 0.0082075
-9.4 0.00559653
-9.3 0.00363392
-9.2 0.00222189
-9.1 0.00125891
-9 0.000645224
-8.9 0.000287736
-8.8 0.00010425
-8.7 2.66987e-05
-8.6 3.3681e-06
-8.5 3.84825e-08
-8.4 4.45939e-08
-8.3 3.32091e-06
-8.2 2.45387e-05
-8.1 9.0484e-05
-8 0.000236859
-7.9 0.000504704
-7.8 0.000936665
-7.7 0.0015733
-7.6 0.00244963
-7.5 0.00359213
-7.4 0.0050163
-7.3 0.00672488
-7.2 0.00870688
-7.1 0.0109374
-7 0.0133781
-6.9 0.0159787
-6.8 0.0186788
-6.7 0.0214103
-6.6 0.0241004
-6.5 0.0266745
-6.4 0.0290598
-6.3 0.0311876
-6.2 0.0329969
-6.1 0.0344364
-6 0.0354666
-5.9 0.0360613
-5.8 0.0362081
-5.7 0.0359091
-5.6 0.03518
-5.5 0.0340492
-5.4 0.0325563
-5.3 0.0307505
-5.2 0.0286876
-5.1 0.0264283
-5 0.0240355
-4.9 0.0215718
-4.8 0.019097
-4.7 0.0166665
-4.6 0.0143294
-4.5 0.0121271
-4.4 0.0100927
-4.3 0.00825025
-4.2 0.00661478
-4.1 0.00519288
-4 0.00398325
-3.9 0.00297774
-3.8 0.00216254
-3.7 0.00151954
-3.6 0.00102771
-3.5 0.000664452
-3.4 0.000406891
-3.3 0.000232973
-3.2 0.000122398
-3.1 5.73204e-05
-3 2.28054e-05
-2.9 7.05288e-06
-2.8 1.39508e-06
-2.7 9.75922e-08
-2.6 5.35814e-12
-2.5 3.87249e-08
-2.4 6.9869e-07
-2.3 3.44082e-06
-2.2 1.01494e-05
-2.1 2.26386e-05
-2 4.22492e-05
-1.9 6.95579e-05
-1.8 0.000104213
-1.7 0.000144894
-1.6 0.000189399
-1.5 0.000234823
-1.4 0.000277829
-1.3 0.000314964
-1.2 0.000342995
-1.1 0.00035924
-1 0.000361857
-0.9 0.000350057
-0.8 0.000324253
-0.7 0.000286088
-0.6 0.000238379
-0.5 0.000184948
-0.4 0.000130381
-0.3 7.9698e-05
-0.2 3.79966e-05
-0.1 1.0063e-05
-2.05669e-14 4.45473e-31
0.1 1.08913e-05
0.2 4.45303e-05
0.3 0.000101235
0.4 0.000179766
0.5 0.000277349
0.6 0.000389814
0.7 0.000511831
0.8 0.000637236
0.9 0.000759424
1 0.000871776
1.1 0.000968098
1.2 0.00104304
1.3 0.00109244
1.4 0.00111365
1.5 0.00110566
1.6 0.00106921
1.7 0.00100669
1.8 0.000921991
1.9 0.000820214
2 0.000707263
2.1 0.000589429
2.2 0.000472906
2.3 0.000363339
2.4 0.000265397
2.5 0.000182449
2.6 0.000116345
2.7 6.73378e-05
2.8 3.41687e-05
2.9 1.43162e-05
3 4.40315e-06
3.1 7.47038e-07
3.2 2.32118e-08
3.3 7.88825e-10
3.4 3.03232e-07
3.5 3.13888e-06
3.6 1.3944e-05
3.7 4.18813e-05
3.8 0.000100142
3.9 0.000206005
4 0.000380623
4.1 0.000648512
4.2 0.00103675
4.3 0.00157388
4.4 0.00228858
4.5 0.00320815
4.6 0.0043568
4.7 0.00575401
4.8 0.00741277
4.9 0.00933812
5 0.0115258
5.1 0.0139613
5.2 0.0166191
5.3 0.0194628
5.4 0.0224452
5.5 0.0255097
5.6 0.0285908
5.7 0.0316169
5.8 0.0345123
5.9 0.0371995
6 0.0396028
6.1 0.0416505
6.2 0.0432785
6.3 0.0444328
6.4 0.0450722
6.5 0.04517
6.6 0.0447157
6.7 0.043716
6.8 0.0421946
6.9 0.0401918
7 0.0377631
7.1 0.0349769
7.2 0.0319123
7.3 0.0286557
7.4 0.0252971
7.5 0.0219264
7.6 0.0186301
7.7 0.015487
7.8 0.0125659
7.9 0.00992179
8 0.00759499
8.1 0.00560918
8.2 0.00397143
8.3 0.00267273
8.4 0.00168952
8.5 0.000986077
8.6 0.000517659
8.7 0.000234223
8.8 8.45815e-05
8.9 2.07411e-05
9 2.20798e-06
9.1 7.07735e-09
9.2 1.78531e-07
9.3 6.52793e-06
9.4 4.24377e-05
9.5 0.000151587
9.6 0.000397478
9.7 0.000861725
9.8 0.00164112
9.9 0.00284357
10 0.00458301
10.1 0.0069736
10.2 0.0101233
10.3 0.0141272
10.4 0.019061
10.5 0.0249749
10.6 0.0318883
10.7 0.039785
10.8 0.0486107
10.9 0.0582713
11 0.0686328
11.1 0.0795238
11.2 0.0907387
11.3 0.102044
11.4 0.113183
11.5 0.123889
11.6 0.133888
11.7 0.142914
11.8 0.150714
11.9 0.157065
12 0.161776
12.1 0.164697
12.2 0.165731
12.3 0.164831
12.4 0.16201
12.5 0.157335
12.6 0.152146
12.7 0.147863
12.8 0.144396
12.9 0.141706
13 0.139765
13.1 0.138554
13.2 0.138064
13.3 0.138294
13.4 0.139252
13.5 0.140958
13.6 0.14344
13.7 0.146737
13.8 0.1509
13.9 0.155993
14 0.162094
14.1 0.169296
14.2 0.17771
14.3 0.187467
14.4 0.198722
14.5 0.211653
14.6 0.224597
14.7 0.235431
14.8 0.243897
14.9 0.24974
15 0.252774
15.1 0.252895
15.2 0.250079
15.3 0.244391
15.4 0.235976
15.5 0.225061
15.6 0.211945
15.7 0.196983
15.8 0.18058
15.9 0.163172
16 0.145207
16.1 0.127132
16.2 0.109374
16.3 0.0923266
16.4 0.076332
16.5 0.0616727
16.6 0.0485618
16.7 0.0371375
16.8 0.0274625
16.9 0.0195249
17 0.0132449
17.1 0.0084837
17.2 0.00505528
17.3 0.00274105
17.4 0.00130578
17.5 0.000514388
17.6 0.000148772
17.7 2.36459e-05
17.8 6.6831e-07
17.9 2.73838e-08
18 8.83194e-06
18.1 8.57847e-05
18.2 0.000361787
18.3 0.00103632
18.4 0.00236964
18.5 0.00467107
18.6 0.00828382
18.7 0.013567
18.8 0.0208754
18.9 0.0305389
19 0.0428405
19.1 0.0579966
19.2 0.0761387
19.3 0.0972975
19.4 0.121392
19.5 0.148223
19.6 0.177468
19.7 0.208688
19.8 0.241337
19.9 0.274771
20 0.30827
20.1 0.341061
20.2 0.372342
20.3 0.401313
20.4 0.427201
20.5 0.449294
20.6 0.466964
20.7 0.479693
20.8 0.487097
20.9 0.488937
21 0.485134
21.1 0.475772
21.2 0.461094
21.3 0.441499
21.4 0.41752
21.5 0.389813
21.6 0.359124
21.7 0.326266
21.8 0.292087
21.9 0.257438
22 0.223139
22.1 0.189955
22.2 0.158564
22.3 0.129534
22.4 0.103311
22.5 0.0802037
22.6 0.0603779
22.7 0.0438617
22.8 0.0305523
22.9 0.0202312
23 0.0125843
23.1 0.00722724
23.2 0.00373271
23.3 0.00166084
23.4 0.000589134
23.5 0.000141506
23.6 1.46097e-05
23.7 4.06864e-08
23.8 1.28399e-06
23.9 4.44033e-05
24 0.000281802
24.1 0.000988705
24.2 0.00255237
24.3 0.00545436
24.4 0.0102466
24.5 0.0175224
24.6 0.0278832
24.7 0.0419034
24.8 0.0600943
24.9 0.0828688
25 0.11051
25.1 0.143142
25.2 0.18071
25.3 0.222965
25.4 0.269457
25.5 0.319536
25.6 0.372368
25.7 0.426951
25.8 0.482144
25.9 0.536703
26 0.589321
26.1 0.638676
26.2 0.683476
26.3 0.722507
26.4 0.75468
26.5 0.779075
26.6 0.794972
26.7 0.801886
26.8 0.799586
26.9 0.788104
27 0.767736
27.1 0.739034
27.2 0.702784
27.3 0.659979
27.4 0.611779
27.5 0.559469
27.6 0.504409
27.7 0.447985
27.8 0.391556
27.9 0.336405
28 0.283695
28.1 0.23443
28.2 0.189419
28.3 0.149261
28.4 0.11433
28.5 0.0847712
28.6 0.060516
28.7 0.0412969
28.8 0.0266785
28.9 0.0160929
29 0.00888289
29.1 0.00434708
29.2 0.00178798
29.3 0.000558394
29.4 0.000104847
29.5 5.39206e-06
29.6 6.94465e-10
29.7 1.18087e-05
29.8 0.000158021
29.9 0.000749744
30 0.00228054
30.1 0.00540405
30.2 0.0109016
30.3 0.019641
30.4 0.0325288
30.5 0.0504577
30.6 0.0742519
30.7 0.104613
30.8 0.142069
30.9 0.186928
31 0.239244
31.1 0.298787
31.2 0.365028
31.3 0.437138
31.4 0.514
31.5 0.59423
31.6 0.676217
31.7 0.75817
31.8 0.838177
31.9 0.914271
32 0.984495
32.1 1.04698
32.2 1.10002
32.3 1.1421
32.4 1.17203
32.5 1.18891
32.6 1.19222
32.7 1.18182
32.8 1.15797
32.9 1.12132
33 1.07286
33.1 1.01394
33.2 0.946163
33.3 0.871343
33.4 0.791453
33.5 0.708533
33.6 0.624618
33.7 0.541667
33.8 0.461492
33.9 0.385694
34 0.315614
34.1 0.252293
34.2 0.196449
34.3 0.148466
34.4 0.108402
34.5 0.0760095
34.6 0.0507721
34.7 0.0319513
34.8 0.0186446
34.9 0.00984994
35 0.00453362
35.1 0.00169909
35.2 0.000452177
35.3 6.00691e-05
35.4 7.91997e-07
35.5 6.71247e-07
35.6 5.7715e-05
35.7 0.000449561
35.8 0.00172536
35.9 0.0046817
36 0.0103236
36.1 0.019812
36.2 0.0344004
36.3 0.0553633
36.4 0.0839201
36.5 0.121157
36.6 0.167954
36.7 0.224914
36.8 0.292307
36.9 0.370022
37 0.45754
37.1 0.553921
37.2 0.657807
37.3 0.767452
37.4 0.880762
37.5 0.995356
37.6 1.10864
37.7 1.2179
37.8 1.32039
37.9 1.41342
38 1.49449
38.1 1.56134
38.2 1.61209
38.3 1.64525
38.4 1.65983
38.5 1.65538
38.6 1.63196
38.7 1.59021
38.8 1.53126
38.9 1.45674
39 1.3687
39.1 1.26953
39.2 1.16187
39.3 1.0485
39.4 0.932261
39.5 0.81532
39.6 0.707565
39.7 0.614043
39.8 0.532876
39.9 0.462432
40 0.401295
40.1 0.348237
40.2 0.30219
40.3 0.262229
40.4 0.227549
40.5 0.197453
40.6 0.171336
40.7 0.148671
40.8 0.129003
40.9 0.111936
41 0.0971251
41.1 0.0842732
41.2 0.073121
41.3 0.0634439
41.4 0.0550469
41.5 0.0477606
41.6 0.0414384
41.7 0.0359526
41.8 0.0311927
41.9 0.0270626
42 0.0234792
42.1 0.02037
42.2 0.0176723
42.3 0.0153317
42.4 0.013301
42.5 0.0115391
42.6 0.0100105
42.7 0.00868428
42.8 0.00753369
42.9 0.00653547
43 0.00566945
43.1 0.00491814
43.2 0.00426634
43.3 0.00370089
43.4 0.00321034
43.5 0.00278479
43.6 0.00241562
43.7 0.00209537
43.8 0.00181756
43.9 0.00157656
44 0.00136751
44.1 0.00118616
44.2 0.00102885
44.3 0.000892396
44.4 0.000774031
