-17.5 0.000898397
-17.4 0.000931983
-17.3 0.000966824
-17.2 0.00100297
-17.1 0.00104046
-17 0.00107936
-16.9 0.00111971
-16.8 0.00116157
-16.7 0.00120499
-16.6 0.00125004
-16.5 0.00129677
-16.4 0.00134525
-16.3 0.00139554
-16.2 0.00144771
-16.1 0.00150183
-16 0.00155798
-15.9 0.00161622
-15.8 0.00167664
-15.7 0.00173932
-15.6 0.00180434
-15.5 0.00187179
-15.4 0.00194177
-15.3 0.00201436
-15.2 0.00208967
-15.1 0.00216779
-15 0.00224883
-14.9 0.0023329
-14.8 0.00242011
-14.7 0.00251058
-14.6 0.00260444
-14.5 0.0027018
-14.4 0.0028028
-14.3 0.00290758
-14.2 0.00301628
-14.1 0.00312904
-14 0.00324602
-13.9 0.00336737
-13.8 0.00349325
-13.7 0.00362384
-13.6 0.00375931
-13.5 0.00389985
-13.4 0.00404564
-13.3 0.00419689
-13.2 0.00435378
-13.1 0.00451654
-13 0.00468539
-12.9 0.00486055
-12.8 0.00504225
-12.7 0.00523075
-12.6 0.0054263
-12.5 0.00563023
-12.4 0.00582835
-12.3 0.00600973
-12.2 0.00617385
-12.1 0.00632022
-12 0.00644844
-11.9 0.00655814
-11.8 0.00664899
-11.7 0.00672075
-11.6 0.0067732
-11.5 0.00680619
-11.4 0.00681962
-11.3 0.00681347
-11.2 0.00678774
-11.1 0.00674251
-11 0.00667792
-10.9 0.00659414
-10.8 0.00649141
-10.7 0.00637004
-10.6 0.00623037
-10.5 0.0060728
-10.4 0.00589778
-10.3 0.00570582
-10.2 0.00549747
-10.1 0.00527333
-10 0.00503403
-9.9 0.00478028
-9.8 0.00451279
-9.7 0.00423234
-9.6 0.00393973
-9.5 0.00363581
-9.4 0.00332143
-9.3 0.00299752
-9.2 0.00266499
-9.1 0.00232481
-9 0.00197795
-8.9 0.00162541
-8.8 0.0012682
-8.7 0.000907346
-8.6 0.000543885
-8.5 0.000178861
-8.4 -0.000186676
-8.3 -0.000551677
-8.2 -0.000915094
-8.1 -0.00127588
-8 -0.001633
-7.9 -0.00198543
-7.8 -0.00233216
-7.7 -0.00267219
-7.6 -0.00300454
-7.5 -0.00332826
-7.4 -0.00364242
-7.3 -0.00394611
-7.2 -0.00423847
-7.1 -0.00451865
-7 -0.00478585
-6.9 -0.00503931
-6.8 -0.00527828
-6.7 -0.00550209
-6.6 -0.0057101
-6.5 -0.0059017
-6.4 -0.00607635
-6.3 -0.00623354
-6.2 -0.00637283
-6.1 -0.0064938
-6 -0.00659613
-5.9 -0.0066795
-5.8 -0.00674368
-5.7 -0.0067885
-5.6 -0.0068138
-5.5 -0.00681954
-5.4 -0.00680568
-5.3 -0.00677228
-5.2 -0.00671942
-5.1 -0.00664725
-5 -0.00655599
-4.9 -0.00644589
-4.8 -0.00631728
-4.7 -0.00617052
-4.6 -0.00600603
-4.5 -0.00582429
-4.4 -0.00562582
-4.3 -0.00541118
-4.2 -0.005181
-4.1 -0.00493594
-4 -0.0046767
-3.9 -0.00440402
-3.8 -0.00411869
-3.7 -0.00382153
-3.6 -0.00351339
-3.5 -0.00319515
-3.4 -0.00286774
-3.3 -0.00253209
-3.2 -0.00218916
-3.1 -0.00183995
-3 -0.00148545
-2.9 -0.00112668
-2.8 -0.000764681
-2.7 -0.000400481
-2.6 -3.51299e-05
-2.5 0.000330322
-2.4 0.000694825
-2.3 0.00105733
-2.2 0.0014168
-2.1 0.0017722
-2 0.00212251
-1.9 0.00246672
-1.8 0.00280384
-1.7 0.00313291
-1.6 0.00345298
-1.5 0.00376313
-1.4 0.00406247
-1.3 0.00435014
-1.2 0.00462531
-1.1 0.0048872
-1 0.00513504
-0.9 0.00536813
-0.8 0.0055858
-0.7 0.00578743
-0.6 0.00597243
-0.5 0.00614027
-0.4 0.00629047
-0.3 0.0064226
-0.2 0.00653628
-0.1 0.00663119
-2.05669e-14 0.00670704
0.1 0.00676362
0.2 0.00680078
0.3 0.0068184
0.4 0.00681643
0.5 0.00679488
0.6 0.0067538
0.7 0.00669333
0.8 0.00661363
0.9 0.00651493
1 0.00639751
1.1 0.00626171
1.2 0.00610793
1.3 0.0059366
1.4 0.00574821
1.5 0.00554332
1.6 0.00532249
1.7 0.00508638
1.8 0.00483565
1.9 0.00457104
2 0.00429329
2.1 0.00400321
2.2 0.00370162
2.3 0.00338941
2.4 0.00306745
2.5 0.00273669
2.6 0.00239806
2.7 0.00205254
2.8 0.00170113
2.9 0.00134483
3 0.000984668
3.1 0.000621677
3.2 0.000256899
3.3 -0.000108617
3.4 -0.000473821
3.5 -0.000837663
3.6 -0.0011991
3.7 -0.00155709
3.8 -0.00191061
3.9 -0.00225864
4 -0.00260018
4.1 -0.00293425
4.2 -0.00325989
4.3 -0.00357617
4.4 -0.00388217
4.5 -0.00417702
4.6 -0.00445988
4.7 -0.00472992
4.8 -0.00498637
4.9 -0.00522849
5 -0.0054556
5.1 -0.00566703
5.2 -0.00586219
5.3 -0.0060405
5.4 -0.00620146
5.5 -0.00634461
5.6 -0.00646952
5.7 -0.00657586
5.8 -0.0066633
5.9 -0.0067316
6 -0.00678056
6.1 -0.00681004
6.2 -0.00681996
6.3 -0.00681029
6.4 -0.00678105
6.5 -0.00673233
6.6 -0.00666427
6.7 -0.00657707
6.8 -0.00647097
6.9 -0.00634629
7 -0.00620337
7.1 -0.00604263
7.2 -0.00586453
7.3 -0.00566958
7.4 -0.00545835
7.5 -0.00523144
7.6 -0.00498949
7.7 -0.00473322
7.8 -0.00446335
7.9 -0.00418065
8 -0.00388594
8.1 -0.00358007
8.2 -0.00326392
8.3 -0.00293839
8.4 -0.00260442
8.5 -0.00226297
8.6 -0.00191501
8.7 -0.00156156
8.8 -0.00120361
8.9 -0.000842215
9 -0.000478396
9.1 -0.000113203
9.2 0.000252316
9.3 0.000617109
9.4 0.00098013
9.5 0.00134034
9.6 0.00169669
9.7 0.00204817
9.8 0.00239377
9.9 0.00273249
10 0.00306336
10.1 0.00338543
10.2 0.00369777
10.3 0.00399949
10.4 0.00428972
10.5 0.00456763
10.6 0.00483242
10.7 0.00508332
10.8 0.00531962
10.9 0.00554064
11 0.00574575
11.1 0.00593434
11.2 0.00610589
11.3 0.0062599
11.4 0.00639592
11.5 0.00651357
11.6 0.00661251
11.7 0.00669245
11.8 0.00675317
11.9 0.00679448
12 0.00681628
12.1 0.00681849
12.2 0.00680112
12.3 0.00676421
12.4 0.00670787
12.5 0.00663226
12.6 0.00655073
12.7 0.00647848
12.8 0.00641495
12.9 0.00636007
13 0.00631375
13.1 0.00627594
13.2 0.00624659
13.3 0.00622565
13.4 0.00621309
13.5 0.00620891
13.6 0.00621309
13.7 0.00622565
13.8 0.00624659
13.9 0.00627594
14 0.00631375
14.1 0.00636007
14.2 0.00641495
14.3 0.00647848
14.4 0.00655073
14.5 0.00663181
14.6 0.00670787
14.7 0.00676421
14.8 0.00680112
14.9 0.00681849
15 0.00681628
15.1 0.00679448
15.2 0.00675317
15.3 0.00669245
15.4 0.00661251
15.5 0.00651357
15.6 0.00639592
15.7 0.0062599
15.8 0.00610589
15.9 0.00593434
16 0.00574575
16.1 0.00554064
16.2 0.00531962
16.3 0.00508332
16.4 0.00483242
16.5 0.00456763
16.6 0.00428972
16.7 0.00399949
16.8 0.00369777
16.9 0.00338543
17 0.00306336
17.1 0.00273249
17.2 0.00239377
17.3 0.00204817
17.4 0.00169669
17.5 0.00134034
17.6 0.00098013
17.7 0.000617109
17.8 0.000252316
17.9 -0.000113203
18 -0.000478396
18.1 -0.000842215
18.2 -0.00120361
18.3 -0.00156156
18.4 -0.00191501
18.5 -0.00226297
18.6 -0.00260442
18.7 -0.00293839
18.8 -0.00326392
18.9 -0.00358007
19 -0.00388594
19.1 -0.00418065
19.2 -0.00446335
19.3 -0.00473322
19.4 -0.00498949
19.5 -0.00523144
19.6 -0.00545835
19.7 -0.00566958
19.8 -0.00586453
19.9 -0.00604263
20 -0.00620337
20.1 -0.00634629
20.2 -0.00647097
20.3 -0.00657707
20.4 -0.00666427
20.5 -0.00673233
20.6 -0.00678105
20.7 -0.00681029
20.8 -0.00681996
20.9 -0.00681004
21 -0.00678056
21.1 -0.0067316
21.2 -0.0066633
21.3 -0.00657586
21.4 -0.00646952
21.5 -0.00634461
21.6 -0.00620146
21.7 -0.0060405
21.8 -0.00586219
21.9 -0.00566703
22 -0.0054556
22.1 -0.00522849
22.2 -0.00498637
22.3 -0.00472992
22.4 -0.00445988
22.5 -0.00417702
22.6 -0.00388217
22.7 -0.00357617
22.8 -0.00325989
22.9 -0.00293425
23 -0.00260018
23.1 -0.00225864
23.2 -0.00191061
23.3 -0.00155709
23.4 -0.0011991
23.5 -0.000837663
23.6 -0.000473821
23.7 -0.000108617
23.8 0.000256899
23.9 0.000621677
24 0.000984668
24.1 0.00134483
24.2 0.00170113
24.3 0.00205254
24.4 0.00239806
24.5 0.00273669
24.6 0.00306745
24.7 0.00338941
24.8 0.00370162
24.9 0.00400321
25 0.00429329
25.1 0.00457104
25.2 0.00483565
25.3 0.00508638
25.4 0.00532249
25.5 0.00554332
25.6 0.00574821
25.7 0.0059366
25.8 0.00610793
25.9 0.00626171
26 0.00639751
26.1 0.00651493
26.2 0.00661363
26.3 0.00669333
26.4 0.0067538
26.5 0.00679488
26.6 0.00681643
26.7 0.0068184
26.8 0.00680078
26.9 0.00676362
27 0.00670704
27.1 0.00663119
27.2 0.00653628
27.3 0.0064226
27.4 0.00629047
27.5 0.00614027
27.6 0.00597243
27.7 0.00578743
27.8 0.0055858
27.9 0.00536813
28 0.00513504
28.1 0.0048872
28.2 0.00462531
28.3 0.00435014
28.4 0.00406247
28.5 0.00376313
28.6 0.00345298
28.7 0.00313291
28.8 0.00280384
28.9 0.00246672
29 0.00212251
29.1 0.0017722
29.2 0.0014168
29.3 0.00105733
29.4 0.000694825
29.5 0.000330322
29.6 -3.51299e-05
29.7 -0.000400481
29.8 -0.000764681
29.9 -0.00112668
30 -0.00148545
30.1 -0.00183995
30.2 -0.00218916
30.3 -0.00253209
30.4 -0.00286774
30.5 -0.00319515
30.6 -0.00351339
30.7 -0.00382153
30.8 -0.00411869
30.9 -0.00440402
31 -0.0046767
31.1 -0.00493594
31.2 -0.005181
31.3 -0.00541118
31.4 -0.00562582
31.5 -0.00582429
31.6 -0.00600603
31.7 -0.00617052
31.8 -0.00631728
31.9 -0.00644589
32 -0.00655599
32.1 -0.00664725
32.2 -0.00671942
32.3 -0.00677228
32.4 -0.00680568
32.5 -0.00681954
32.6 -0.0068138
32.7 -0.0067885
32.8 -0.00674368
32.9 -0.0066795
33 -0.00659613
33.1 -0.0064938
33.2 -0.00637283
33.3 -0.00623354
33.4 -0.00607635
33.5 -0.0059017
33.6 -0.0057101
33.7 -0.00550209
33.8 -0.00527828
33.9 -0.00503931
34 -0.00478585
34.1 -0.00451865
34.2 -0.00423847
34.3 -0.00394611
34.4 -0.00364242
34.5 -0.00332826
34.6 -0.00300454
34.7 -0.00267219
34.8 -0.00233216
34.9 -0.00198543
35 -0.001633
35.1 -0.00127588
35.2 -0.000915094
35.3 -0.000551677
35.4 -0.000186676
35.5 0.000178861
35.6 0.000543885
35.7 0.000907346
35.8 0.0012682
35.9 0.00162541
36 0.00197795
36.1 0.00232481
36.2 0.00266499
36.3 0.00299752
36.4 0.00332143
36.5 0.00363581
36.6 0.00393973
36.7 0.00423234
36.8 0.00451279
36.9 0.00478028
37 0.00503403
37.1 0.00527333
37.2 0.00549747
37.3 0.00570582
37.4 0.00589778
37.5 0.0060728
37.6 0.00623037
37.7 0.00637004
37.8 0.00649141
37.9 0.00659414
38 0.00667792
38.1 0.00674251
38.2 0.00678774
38.3 0.00681347
38.4 0.00681962
38.5 0.00680619
38.6 0.0067732
38.7 0.00672075
38.8 0.00664899
38.9 0.00655814
39 0.00644844
39.1 0.00632022
39.2 0.00617385
39.3 0.00600973
39.4 0.00582835
39.5 0.00562915
39.6 0.0054263
39.7 0.00523075
39.8 0.00504225
39.9 0.00486055
40 0.00468539
40.1 0.00451654
40.2 0.00435378
40.3 0.00419689
40.4 0.00404564
40.5 0.00389985
40.6 0.00375931
40.7 0.00362384
40.8 0.00349325
40.9 0.00336737
41 0.00324602
41.1 0.00312904
41.2 0.00301628
41.3 0.00290758
41.4 0.0028028
41.5 0.0027018
41.6 0.00260444
41.7 0.00251058
41.8 0.00242011
41.9 0.0023329
42 0.00224883
42.1 0.00216779
42.2 0.00208967
42.3 0.00201436
42.4 0.00194177
42.5 0.00187179
42.6 0.00180434
42.7 0.00173932
42.8 0.00167664
42.9 0.00161622
43 0.00155798
43.1 0.00150183
43.2 0.00144771
43.3 0.00139554
43.4 0.00134525
43.5 0.00129677
43.6 0.00125004
43.7 0.00120499
43.8 0.00116157
43.9 0.00111971
44 0.00107936
44.1 0.00104046
44.2 0.00100297
44.3 0.000966824
44.4 0.000931983
