-17.5 -0.0101896
-17.4 -0.010903
-17.3 -0.011666
-17.2 -0.012482
-17.1 -0.0133545
-17 -0.0142877
-16.9 -0.0152854
-16.8 -0.0163523
-16.7 -0.0174931
-16.6 -0.0187127
-16.5 -0.0200166
-16.4 -0.0214107
-16.3 -0.0229009
-16.2 -0.024494
-16.1 -0.0261968
-16 -0.028017
-15.9 -0.0299625
-15.8 -0.0320418
-15.7 -0.034264
-15.6 -0.0366389
-15.5 -0.0391768
-15.4 -0.0418887
-15.3 -0.0447864
-15.2 -0.0478826
-15.1 -0.0511906
-15 -0.0547247
-14.9 -0.0585002
-14.8 -0.0625334
-14.7 -0.0668415
-14.6 -0.0714432
-14.5 -0.0763581
-14.4 -0.0816072
-14.3 -0.087213
-14.2 -0.0931992
-14.1 -0.0995915
-14 -0.106417
-13.9 -0.113704
-13.8 -0.121484
-13.7 -0.129789
-13.6 -0.138655
-13.5 -0.148119
-13.4 -0.15822
-13.3 -0.169
-13.2 -0.180504
-13.1 -0.192781
-13 -0.205881
-12.9 -0.219857
-12.8 -0.234769
-12.7 -0.250676
-12.6 -0.267645
-12.5 -0.285853
-12.4 -0.303874
-12.3 -0.320476
-12.2 -0.335469
-12.1 -0.348683
-12 -0.359974
-11.9 -0.369223
-11.8 -0.376335
-11.7 -0.381243
-11.6 -0.383907
-11.5 -0.384314
-11.4 -0.382478
-11.3 -0.378439
-11.2 -0.372262
-11.1 -0.364038
-11 -0.353879
-10.9 -0.341919
-10.8 -0.328309
-10.7 -0.313219
-10.6 -0.296834
-10.5 -0.279349
-10.4 -0.26097
-10.3 -0.24191
-10.2 -0.222386
-10.1 -0.202615
-10 -0.182815
-9.9 -0.163201
-9.8 -0.143978
-9.7 -0.125347
-9.6 -0.107494
-9.5 -0.0905952
-9.4 -0.07481
-9.3 -0.060282
-9.2 -0.0471369
-9.1 -0.0354812
-9 -0.0254013
-8.9 -0.0169628
-8.8 -0.0102103
-8.7 -0.00516708
-8.6 -0.00183524
-8.5 -0.00019617
-8.4 -0.000211173
-8.3 -0.00182234
-8.2 -0.00495365
-8.1 -0.00951231
-8 -0.0153902
-7.9 -0.0224656
-7.8 -0.030605
-7.7 -0.0396648
-7.6 -0.0494937
-7.5 -0.0599344
-7.4 -0.0708258
-7.3 -0.0820053
-7.2 -0.0933107
-7.1 -0.104582
-7 -0.115664
-6.9 -0.126407
-6.8 -0.13667
-6.7 -0.146323
-6.6 -0.155243
-6.5 -0.163323
-6.4 -0.170469
-6.3 -0.1766
-6.2 -0.18165
-6.1 -0.18557
-6 -0.188326
-5.9 -0.189898
-5.8 -0.190284
-5.7 -0.189497
-5.6 -0.187563
-5.5 -0.184524
-5.4 -0.180434
-5.3 -0.175358
-5.2 -0.169374
-5.1 -0.162568
-5 -0.155034
-4.9 -0.146873
-4.8 -0.138192
-4.7 -0.129099
-4.6 -0.119705
-4.5 -0.110123
-4.4 -0.100463
-4.3 -0.0908309
-4.2 -0.0813313
-4.1 -0.0720616
-4 -0.063113
-3.9 -0.0545687
-3.8 -0.0465031
-3.7 -0.0389813
-3.6 -0.0320579
-3.5 -0.025777
-3.4 -0.0201715
-3.3 -0.0152634
-3.2 -0.0110634
-3.1 -0.00757103
-3 -0.0047755
-2.9 -0.00265573
-2.8 -0.00118113
-2.7 -0.000312397
-2.6 -2.31476e-06
-2.5 -0.000196786
-2.4 -0.000835877
-2.3 -0.00185494
-2.2 -0.00318582
-2.1 -0.00475801
-2 -0.00649994
-1.9 -0.00834014
-1.8 -0.0102085
-1.7 -0.0120372
-1.6 -0.0137622
-1.5 -0.0153239
-1.4 -0.0166682
-1.3 -0.0177472
-1.2 -0.0185201
-1.1 -0.0189536
-1 -0.0190225
-0.9 -0.0187098
-0.8 -0.018007
-0.7 -0.0169141
-0.6 -0.0154395
-0.5 -0.0135996
-0.4 -0.0114184
-0.3 -0.00892738
-0.2 -0.00616413
-0.1 -0.00317222
-2.05669e-14 -6.67437e-16
0.1 0.00330019
0.2 0.0066731
0.3 0.0100616
0.4 0.0134077
0.5 0.0166538
0.6 0.0197437
0.7 0.0226237
0.8 0.0252435
0.9 0.0275577
1 0.0295259
1.1 0.0311143
1.2 0.0322961
1.3 0.0330521
1.4 0.0333714
1.5 0.0332515
1.6 0.0326987
1.7 0.0317283
1.8 0.0303643
1.9 0.0286394
2 0.0265944
2.1 0.0242782
2.2 0.0217464
2.3 0.0190614
2.4 0.016291
2.5 0.0135074
2.6 0.0107863
2.7 0.00820596
2.8 0.0058454
2.9 0.00378368
3 0.00209837
3.1 0.000864313
3.2 0.000152354
3.3 2.8086e-05
3.4 0.000550665
3.5 0.00177169
3.6 0.00373417
3.7 0.00647158
3.8 0.0100071
3.9 0.0143529
4 0.0195096
4.1 0.0254659
4.2 0.0321986
4.3 0.0396721
4.4 0.0478391
4.5 0.0566405
4.6 0.0660061
4.7 0.0758552
4.8 0.0860974
4.9 0.0966339
5 0.107358
5.1 0.118158
5.2 0.128915
5.3 0.139509
5.4 0.149817
5.5 0.159717
5.6 0.169088
5.7 0.177812
5.8 0.185775
5.9 0.192872
6 0.199004
6.1 0.204084
6.2 0.208035
6.3 0.210791
6.4 0.212302
6.5 0.212532
6.6 0.211461
6.7 0.209084
6.8 0.205413
6.9 0.200479
7 0.194327
7.1 0.187021
7.2 0.17864
7.3 0.16928
7.4 0.159051
7.5 0.148076
7.6 0.136492
7.7 0.124447
7.8 0.112098
7.9 0.0996082
8 0.0871492
8.1 0.0748945
8.2 0.0630193
8.3 0.0516985
8.4 0.0411038
8.5 0.0314019
8.6 0.0227521
8.7 0.0153043
8.8 0.00919682
8.9 0.00455424
9 0.00148593
9.1 8.4127e-05
9.2 0.000422529
9.3 0.00255498
9.4 0.00651442
9.5 0.0123121
9.6 0.0199369
9.7 0.0293552
9.8 0.0405107
9.9 0.0533251
10 0.067698
10.1 0.0835081
10.2 0.100614
10.3 0.118858
10.4 0.138061
10.5 0.158035
10.6 0.178573
10.7 0.199462
10.8 0.220478
10.9 0.241394
11 0.261979
11.1 0.282
11.2 0.301229
11.3 0.319443
11.4 0.336427
11.5 0.351979
11.6 0.365907
11.7 0.378039
11.8 0.38822
11.9 0.396315
12 0.402213
12.1 0.405829
12.2 0.4071
12.3 0.405994
12.4 0.402505
12.5 0.396655
12.6 0.390059
12.7 0.38453
12.8 0.379994
12.9 0.376438
13 0.373851
13.1 0.372228
13.2 0.371569
13.3 0.371878
13.4 0.373165
13.5 0.375444
13.6 0.378735
13.7 0.383063
13.8 0.388459
13.9 0.39496
14 0.402609
14.1 0.411456
14.2 0.421556
14.3 0.432975
14.4 0.445782
14.5 0.460058
14.6 0.473917
14.7 0.485213
14.8 0.493859
14.9 0.49974
15 0.502767
15.1 0.502887
15.2 0.500079
15.3 0.494359
15.4 0.485773
15.5 0.474406
15.6 0.460374
15.7 0.443828
15.8 0.424948
15.9 0.403945
16 0.38106
16.1 0.356555
16.2 0.330718
16.3 0.303853
16.4 0.276283
16.5 0.24834
16.6 0.220367
16.7 0.192711
16.8 0.165718
16.9 0.139731
17 0.115087
17.1 0.092107
17.2 0.0711005
17.3 0.0523551
17.4 0.0361355
17.5 0.0226801
17.6 0.0121972
17.7 0.00486271
17.8 0.000817503
17.9 0.000165481
18 0.00297186
18.1 0.009262
18.2 0.0190207
18.3 0.0321919
18.4 0.0486789
18.5 0.0683452
18.6 0.0910155
18.7 0.116477
18.8 0.144483
18.9 0.174754
19 0.206979
19.1 0.240825
19.2 0.275932
19.3 0.311926
19.4 0.348414
19.5 0.384997
19.6 0.421269
19.7 0.456824
19.8 0.491261
19.9 0.524186
20 0.555221
20.1 0.584004
20.2 0.610198
20.3 0.633493
20.4 0.653606
20.5 0.670294
20.6 0.683348
20.7 0.692599
20.8 0.697923
20.9 0.69924
21 0.696516
21.1 0.689762
21.2 0.679039
21.3 0.664454
21.4 0.646158
21.5 0.62435
21.6 0.59927
21.7 0.571197
21.8 0.540451
21.9 0.507383
22 0.472376
22.1 0.435839
22.2 0.398201
22.3 0.359909
22.4 0.321421
22.5 0.283203
22.6 0.245719
22.7 0.209432
22.8 0.174792
22.9 0.142236
23 0.11218
23.1 0.0850132
23.2 0.0610959
23.3 0.0407535
23.4 0.0242721
23.5 0.0118956
23.6 0.00382227
23.7 0.000201709
23.8 0.00113313
23.9 0.00666358
24 0.016787
24.1 0.0314437
24.2 0.050521
24.3 0.0738536
24.4 0.101226
24.5 0.132372
24.6 0.166983
24.7 0.204703
24.8 0.245141
24.9 0.287869
25 0.33243
25.1 0.378341
25.2 0.4251
25.3 0.472192
25.4 0.519092
25.5 0.565275
25.6 0.61022
25.7 0.653415
25.8 0.694366
25.9 0.7326
26 0.767672
26.1 0.799172
26.2 0.826726
26.3 0.850004
26.4 0.868723
26.5 0.882652
26.6 0.891612
26.7 0.895481
26.8 0.894196
26.9 0.887752
27 0.876205
27.1 0.859671
27.2 0.838322
27.3 0.812391
27.4 0.782163
27.5 0.747977
27.6 0.710218
27.7 0.669317
27.8 0.625744
27.9 0.580004
28 0.532631
28.1 0.484179
28.2 0.435223
28.3 0.386343
28.4 0.338127
28.5 0.291155
28.6 0.246
28.7 0.203216
28.8 0.163335
28.9 0.126858
29 0.0942491
29.1 0.0659324
29.2 0.0422845
29.3 0.0236304
29.4 0.0102395
29.5 0.00232208
29.6 2.63527e-05
29.7 0.00343637
29.8 0.0125706
29.9 0.0273815
30 0.047755
30.1 0.0735122
30.2 0.104411
30.3 0.140146
30.4 0.180357
30.5 0.224628
30.6 0.272492
30.7 0.323439
30.8 0.37692
30.9 0.432352
31 0.489126
31.1 0.546614
31.2 0.604175
31.3 0.661164
31.4 0.716938
31.5 0.770863
31.6 0.822324
31.7 0.870729
31.8 0.91552
31.9 0.956175
32 0.992217
32.1 1.02322
32.2 1.04882
32.3 1.06869
32.4 1.0826
32.5 1.09037
32.6 1.09189
32.7 1.08711
32.8 1.07609
32.9 1.05892
33 1.03579
33.1 1.00695
33.2 0.972709
33.3 0.933458
33.4 0.889637
33.5 0.841744
33.6 0.790328
33.7 0.735981
33.8 0.679332
33.9 0.621043
34 0.561795
34.1 0.502288
34.2 0.443226
34.3 0.385313
34.4 0.329244
34.5 0.275698
34.6 0.225327
34.7 0.178749
34.8 0.136545
34.9 0.0992469
35 0.0673322
35.1 0.04122
35.2 0.0212645
35.3 0.00775042
35.4 0.000889942
35.5 0.000819296
35.6 0.00759704
35.7 0.0212029
35.8 0.0415374
35.9 0.0684229
36 0.101605
36.1 0.140755
36.2 0.185473
36.3 0.235294
36.4 0.28969
36.5 0.348076
36.6 0.409822
36.7 0.474251
36.8 0.540654
36.9 0.608294
37 0.676417
37.1 0.744259
37.2 0.811053
37.3 0.876043
37.4 0.938489
37.5 0.997675
37.6 1.05292
37.7 1.10359
37.8 1.14908
37.9 1.18887
38 1.22249
38.1 1.24954
38.2 1.26968
38.3 1.28267
38.4 1.28835
38.5 1.28662
38.6 1.27748
38.7 1.26103
38.8 1.23744
38.9 1.20696
39 1.16992
39.1 1.12674
39.2 1.0779
39.3 1.02396
39.4 0.965536
39.5 0.902951
39.6 0.841169
39.7 0.783609
39.8 0.729983
39.9 0.680023
40 0.633479
40.1 0.590116
40.2 0.549718
40.3 0.512083
40.4 0.477021
40.5 0.444357
40.6 0.413927
40.7 0.385579
40.8 0.35917
40.9 0.334568
41 0.311649
41.1 0.290298
41.2 0.270409
41.3 0.251881
41.4 0.234621
41.5 0.218542
41.6 0.203564
41.7 0.189612
41.8 0.176614
41.9 0.164507
42 0.153229
42.1 0.142723
42.2 0.132937
42.3 0.123821
42.4 0.11533
42.5 0.10742
42.6 0.100052
42.7 0.0931895
42.8 0.0867968
42.9 0.0808422
43 0.0752958
43.1 0.0701294
43.2 0.0653172
43.3 0.0608349
43.4 0.0566599
43.5 0.0527711
43.6 0.049149
43.7 0.0457752
43.8 0.0426328
43.9 0.039706
44 0.0369798
44.1 0.0344407
44.2 0.0320757
44.3 0.029873
44.4 0.0278214
