-17.5 -0.00172717
-17.4 -0.00178317
-17.3 -0.00184099
-17.2 -0.00190068
-17.1 -0.00196231
-17 -0.00202593
-16.9 -0.00209162
-16.8 -0.00215944
-16.7 -0.00222946
-16.6 -0.00230174
-16.5 -0.00237638
-16.4 -0.00245343
-16.3 -0.00253298
-16.2 -0.0026151
-16.1 -0.0026999
-16 -0.00278744
-15.9 -0.00287782
-15.8 -0.00297112
-15.7 -0.00306746
-15.6 -0.00316692
-15.5 -0.0032696
-15.4 -0.00337561
-15.3 -0.00348506
-15.2 -0.00359806
-15.1 -0.00371472
-15 -0.00383517
-14.9 -0.00395952
-14.8 -0.0040879
-14.7 -0.00422045
-14.6 -0.00435729
-14.5 -0.00449857
-14.4 -0.00464443
-14.3 -0.00479502
-14.2 -0.00495049
-14.1 -0.005111
-14 -0.00527672
-13.9 -0.00544781
-13.8 -0.00562445
-13.7 -0.00580682
-13.6 -0.0059951
-13.5 -0.00618948
-13.4 -0.00639017
-13.3 -0.00659736
-13.2 -0.00681127
-13.1 -0.00703212
-13 -0.00726012
-12.9 -0.00749552
-12.8 -0.00773856
-12.7 -0.00798947
-12.6 -0.00824852
-12.5 -0.0085189
-12.4 -0.00877594
-12.3 -0.00900487
-12.2 -0.00920498
-12.1 -0.00937562
-12 -0.00951624
-11.9 -0.0096264
-11.8 -0.00970574
-11.7 -0.00975401
-11.6 -0.00977105
-11.5 -0.00975681
-11.4 -0.00971133
-11.3 -0.00963476
-11.2 -0.00952735
-11.1 -0.00938944
-11 -0.00922147
-10.9 -0.00902397
-10.8 -0.00879758
-10.7 -0.00854303
-10.6 -0.00826113
-10.5 -0.00795279
-10.4 -0.00761898
-10.3 -0.00726078
-10.2 -0.00687933
-10.1 -0.00647587
-10 -0.00605166
-9.9 -0.00560809
-9.8 -0.00514656
-9.7 -0.00466856
-9.6 -0.0041756
-9.5 -0.00366928
-9.4 -0.00315122
-9.3 -0.00262306
-9.2 -0.00208651
-9.1 -0.00154328
-9 -0.000995106
-8.9 -0.000443747
-8.8 0.000109032
-8.7 0.000661462
-8.6 0.00121177
-8.5 0.00175821
-8.4 0.00229901
-8.3 0.00283246
-8.2 0.00335683
-8.1 0.00387046
-8 0.0043717
-7.9 0.00485894
-7.8 0.00533063
-7.7 0.00578525
-7.6 0.00622135
-7.5 0.00663754
-7.4 0.00703247
-7.3 0.00740489
-7.2 0.0077536
-7.1 0.00807749
-7 0.00837552
-6.9 0.00864674
-6.8 0.00889027
-6.7 0.00910535
-6.6 0.00929127
-6.5 0.00944745
-6.4 0.00957338
-6.3 0.00966866
-6.2 0.00973299
-6.1 0.00976616
-6 0.00976806
-5.9 0.0097387
-5.8 0.00967815
-5.7 0.00958662
-5.6 0.0094644
-5.5 0.00931188
-5.4 0.00912955
-5.3 0.00891799
-5.2 0.00867788
-5.1 0.00840999
-5 0.00811517
-4.9 0.00779437
-4.8 0.00744862
-4.7 0.00707903
-4.6 0.00668677
-4.5 0.0062731
-4.4 0.00583935
-4.3 0.00538691
-4.2 0.00491722
-4.1 0.00443179
-4 0.00393217
-3.9 0.00341996
-3.8 0.0028968
-3.7 0.00236437
-3.6 0.00182437
-3.5 0.00127853
-3.4 0.000728593
-3.3 0.000176326
-3.2 -0.000376505
-3.1 -0.000928131
-3 -0.00147679
-2.9 -0.00202071
-2.8 -0.00255817
-2.7 -0.00308744
-2.6 -0.00360682
-2.5 -0.00411466
-2.4 -0.00460932
-2.3 -0.00508923
-2.2 -0.00555284
-2.1 -0.00599868
-2 -0.00642531
-1.9 -0.00683138
-1.8 -0.00721557
-1.7 -0.00757666
-1.6 -0.0079135
-1.5 -0.008225
-1.4 -0.00851017
-1.3 -0.00876809
-1.2 -0.00899795
-1.1 -0.00919899
-1 -0.00937059
-0.9 -0.00951219
-0.8 -0.00962333
-0.7 -0.00970367
-0.6 -0.00975294
-0.5 -0.00977099
-0.4 -0.00975775
-0.3 -0.00971328
-0.2 -0.00963771
-0.1 -0.00953129
-2.05669e-14 -0.00939435
0.1 -0.00922734
0.2 -0.00903078
0.3 -0.00880532
0.4 -0.00855166
0.5 -0.00827063
0.6 -0.00796312
0.7 -0.00763011
0.8 -0.00727268
0.9 -0.00689197
1 -0.00648919
1.1 -0.00606563
1.2 -0.00562266
1.3 -0.00516169
1.4 -0.00468419
1.5 -0.0041917
1.6 -0.00368578
1.7 -0.00316807
1.8 -0.00264021
1.9 -0.0021039
2 -0.00156086
2.1 -0.00101282
2.2 -0.000461534
2.3 9.12271e-05
2.4 0.000643696
2.5 0.0011941
2.6 0.00174069
2.7 0.0022817
2.8 0.00281541
2.9 0.00334011
3 0.00385411
3.1 0.00435577
3.2 0.00484349
3.3 0.0053157
3.4 0.00577089
3.5 0.00620761
3.6 0.00662446
3.7 0.0070201
3.8 0.00739326
3.9 0.00774275
4 0.00806746
4.1 0.00836634
4.2 0.00863843
4.3 0.00888287
4.4 0.00909887
4.5 0.00928574
4.6 0.00944289
4.7 0.0095698
4.8 0.00966607
4.9 0.0097314
5 0.00976558
5.1 0.00976849
5.2 0.00974013
5.3 0.00968058
5.4 0.00959005
5.5 0.00946881
5.6 0.00931726
5.7 0.00913588
5.8 0.00892525
5.9 0.00868605
6 0.00841904
6.1 0.00812507
6.2 0.0078051
6.3 0.00746013
6.4 0.00709129
6.5 0.00669974
6.6 0.00628674
6.7 0.00585362
6.8 0.00540175
6.9 0.0049326
7 0.00444765
7.1 0.00394846
7.2 0.00343663
7.3 0.0029138
7.4 0.00238164
7.5 0.00184186
7.6 0.00129618
7.7 0.000746348
7.8 0.000194129
7.9 -0.000358712
8 -0.000910405
8.1 -0.00145918
8.2 -0.00200329
8.3 -0.00254098
8.4 -0.00307054
8.5 -0.00359027
8.6 -0.0040985
8.7 -0.00459362
8.8 -0.00507402
8.9 -0.00553818
9 -0.00598462
9.1 -0.00641189
9.2 -0.00681863
9.3 -0.00720355
9.4 -0.00756541
9.5 -0.00790304
9.6 -0.00821537
9.7 -0.0085014
9.8 -0.00876022
9.9 -0.00899099
10 -0.00919297
10.1 -0.00936553
10.2 -0.0095081
10.3 -0.00962023
10.4 -0.00970157
10.5 -0.00975184
10.6 -0.00977089
10.7 -0.00975867
10.8 -0.0097152
10.9 -0.00964063
11 -0.00953519
11.1 -0.00939923
11.2 -0.00923318
11.3 -0.00903757
11.4 -0.00881302
11.5 -0.00856026
11.6 -0.0082801
11.7 -0.00797342
11.8 -0.00764122
11.9 -0.00728456
12 -0.00690458
12.1 -0.00650249
12.2 -0.00607958
12.3 -0.00563721
12.4 -0.0051768
12.5 -0.00469981
12.6 -0.00421158
12.7 -0.0037329
12.8 -0.00325801
12.9 -0.00278644
13 -0.00231772
13.1 -0.00185135
13.2 -0.00138686
13.3 -0.000923792
13.4 -0.000461661
13.5 -2.50668e-16
13.6 0.000461661
13.7 0.000923792
13.8 0.00138686
13.9 0.00185135
14 0.00231772
14.1 0.00278644
14.2 0.00325801
14.3 0.0037329
14.4 0.00421158
14.5 0.00469455
14.6 0.0051768
14.7 0.00563721
14.8 0.00607958
14.9 0.00650249
15 0.00690458
15.1 0.00728456
15.2 0.00764122
15.3 0.00797342
15.4 0.0082801
15.5 0.00856026
15.6 0.00881302
15.7 0.00903757
15.8 0.00923318
15.9 0.00939923
16 0.00953519
16.1 0.00964063
16.2 0.0097152
16.3 0.00975867
16.4 0.00977089
16.5 0.00975184
16.6 0.00970157
16.7 0.00962023
16.8 0.0095081
16.9 0.00936553
17 0.00919297
17.1 0.00899099
17.2 0.00876022
17.3 0.0085014
17.4 0.00821537
17.5 0.00790304
17.6 0.00756541
17.7 0.00720355
17.8 0.00681863
17.9 0.00641189
18 0.00598462
18.1 0.00553818
18.2 0.00507402
18.3 0.00459362
18.4 0.0040985
18.5 0.00359027
18.6 0.00307054
18.7 0.00254098
18.8 0.00200329
18.9 0.00145918
19 0.000910405
19.1 0.000358712
19.2 -0.000194129
19.3 -0.000746348
19.4 -0.00129618
19.5 -0.00184186
19.6 -0.00238164
19.7 -0.0029138
19.8 -0.00343663
19.9 -0.00394846
20 -0.00444765
20.1 -0.0049326
20.2 -0.00540175
20.3 -0.00585362
20.4 -0.00628674
20.5 -0.00669974
20.6 -0.00709129
20.7 -0.00746013
20.8 -0.0078051
20.9 -0.00812507
21 -0.00841904
21.1 -0.00868605
21.2 -0.00892525
21.3 -0.00913588
21.4 -0.00931726
21.5 -0.00946881
21.6 -0.00959005
21.7 -0.00968058
21.8 -0.00974013
21.9 -0.00976849
22 -0.00976558
22.1 -0.0097314
22.2 -0.00966607
22.3 -0.0095698
22.4 -0.00944289
22.5 -0.00928574
22.6 -0.00909887
22.7 -0.00888287
22.8 -0.00863843
22.9 -0.00836634
23 -0.00806746
23.1 -0.00774275
23.2 -0.00739326
23.3 -0.0070201
23.4 -0.00662446
23.5 -0.00620761
23.6 -0.00577089
23.7 -0.0053157
23.8 -0.00484349
23.9 -0.00435577
24 -0.00385411
24.1 -0.00334011
24.2 -0.00281541
24.3 -0.0022817
24.4 -0.00174069
24.5 -0.0011941
24.6 -0.000643696
24.7 -9.12271e-05
24.8 0.000461534
24.9 0.00101282
25 0.00156086
25.1 0.0021039
25.2 0.00264021
25.3 0.00316807
25.4 0.00368578
25.5 0.0041917
25.6 0.00468419
25.7 0.00516169
25.8 0.00562266
25.9 0.00606563
26 0.00648919
26.1 0.00689197
26.2 0.00727268
26.3 0.00763011
26.4 0.00796312
26.5 0.00827063
26.6 0.00855166
26.7 0.00880532
26.8 0.00903078
26.9 0.00922734
27 0.00939435
27.1 0.00953129
27.2 0.00963771
27.3 0.00971328
27.4 0.00975775
27.5 0.00977099
27.6 0.00975294
27.7 0.00970367
27.8 0.00962333
27.9 0.00951219
28 0.00937059
28.1 0.00919899
28.2 0.00899795
28.3 0.00876809
28.4 0.00851017
28.5 0.008225
28.6 0.0079135
28.7 0.00757666
28.8 0.00721557
28.9 0.00683138
29 0.00642531
29.1 0.00599868
29.2 0.00555284
29.3 0.00508923
29.4 0.00460932
29.5 0.00411466
29.6 0.00360682
29.7 0.00308744
29.8 0.00255817
29.9 0.00202071
30 0.00147679
30.1 0.000928131
30.2 0.000376505
30.3 -0.000176326
30.4 -0.000728593
30.5 -0.00127853
30.6 -0.00182437
30.7 -0.00236437
30.8 -0.0028968
30.9 -0.00341996
31 -0.00393217
31.1 -0.00443179
31.2 -0.00491722
31.3 -0.00538691
31.4 -0.00583935
31.5 -0.0062731
31.6 -0.00668677
31.7 -0.00707903
31.8 -0.00744862
31.9 -0.00779437
32 -0.00811517
32.1 -0.00840999
32.2 -0.00867788
32.3 -0.00891799
32.4 -0.00912955
32.5 -0.00931188
32.6 -0.0094644
32.7 -0.00958662
32.8 -0.00967815
32.9 -0.0097387
33 -0.00976806
33.1 -0.00976616
33.2 -0.00973299
33.3 -0.00966866
33.4 -0.00957338
33.5 -0.00944745
33.6 -0.00929127
33.7 -0.00910535
33.8 -0.00889027
33.9 -0.00864674
34 -0.00837552
34.1 -0.00807749
34.2 -0.0077536
34.3 -0.00740489
34.4 -0.00703247
34.5 -0.00663754
34.6 -0.00622135
34.7 -0.00578525
34.8 -0.00533063
34.9 -0.00485894
35 -0.0043717
35.1 -0.00387046
35.2 -0.00335683
35.3 -0.00283246
35.4 -0.00229901
35.5 -0.00175821
35.6 -0.00121177
35.7 -0.000661462
35.8 -0.000109032
35.9 0.000443747
36 0.000995106
36.1 0.00154328
36.2 0.00208651
36.3 0.00262306
36.4 0.00315122
36.5 0.00366928
36.6 0.0041756
36.7 0.00466856
36.8 0.00514656
36.9 0.00560809
37 0.00605166
37.1 0.00647587
37.2 0.00687933
37.3 0.00726078
37.4 0.00761898
37.5 0.00795279
37.6 0.00826113
37.7 0.00854303
37.8 0.00879758
37.9 0.00902397
38 0.00922147
38.1 0.00938944
38.2 0.00952735
38.3 0.00963476
38.4 0.00971133
38.5 0.00975681
38.6 0.00977105
38.7 0.00975401
38.8 0.00970574
38.9 0.0096264
39 0.00951624
39.1 0.00937562
39.2 0.00920498
39.3 0.00900487
39.4 0.00877594
39.5 0.00851596
39.6 0.00824852
39.7 0.00798947
39.8 0.00773856
39.9 0.00749552
40 0.00726012
40.1 0.00703212
40.2 0.00681127
40.3 0.00659736
40.4 0.00639017
40.5 0.00618948
40.6 0.0059951
40.7 0.00580682
40.8 0.00562445
40.9 0.00544781
41 0.00527672
41.1 0.005111
41.2 0.00495049
41.3 0.00479502
41.4 0.00464443
41.5 0.00449857
41.6 0.00435729
41.7 0.00422045
41.8 0.0040879
41.9 0.00395952
42 0.00383517
42.1 0.00371472
42.2 0.00359806
42.3 0.00348506
42.4 0.00337561
42.5 0.0032696
42.6 0.00316692
42.7 0.00306746
42.8 0.00297112
42.9 0.00287782
43 0.00278744
43.1 0.0026999
43.2 0.0026151
43.3 0.00253298
43.4 0.00245343
43.5 0.00237638
43.6 0.00230174
43.7 0.00222946
43.8 0.00215944
43.9 0.00209162
44 0.00202593
44.1 0.00196231
44.2 0.00190068
44.3 0.00184099
44.4 0.00178317
