-17.5 -0.0188925
-17.4 -0.0200224
-17.3 -0.0212192
-17.2 -0.0224868
-17.1 -0.0238293
-17 -0.0252511
-16.9 -0.0267568
-16.8 -0.0283512
-16.7 -0.0300397
-16.6 -0.0318275
-16.5 -0.0337205
-16.4 -0.0357249
-16.3 -0.0378469
-16.2 -0.0400935
-16.1 -0.0424718
-16 -0.0449894
-15.9 -0.0476544
-15.8 -0.0504753
-15.7 -0.0534611
-15.6 -0.0566211
-15.5 -0.0599655
-15.4 -0.0635048
-15.3 -0.0672502
-15.2 -0.0712133
-15.1 -0.0754068
-15 -0.0798437
-14.9 -0.084538
-14.8 -0.0895042
-14.7 -0.0947578
-14.6 -0.100315
-14.5 -0.106193
-14.4 -0.112411
-14.3 -0.118986
-14.2 -0.125941
-14.1 -0.133294
-14 -0.141071
-13.9 -0.149293
-13.8 -0.157986
-13.7 -0.167177
-13.6 -0.176893
-13.5 -0.187164
-13.4 -0.19802
-13.3 -0.209494
-13.2 -0.221621
-13.1 -0.234436
-13 -0.247977
-12.9 -0.262285
-12.8 -0.277402
-12.7 -0.293373
-12.6 -0.310243
-12.5 -0.32829
-12.4 -0.345612
-12.3 -0.360945
-12.2 -0.374099
-12.1 -0.384916
-12 -0.393272
-11.9 -0.399076
-11.8 -0.402272
-11.7 -0.40284
-11.6 -0.400794
-11.5 -0.396181
-11.4 -0.389084
-11.3 -0.379613
-11.2 -0.367911
-11.1 -0.354146
-11 -0.338511
-10.9 -0.32122
-10.8 -0.302504
-10.7 -0.282611
-10.6 -0.261798
-10.5 -0.24033
-10.4 -0.218478
-10.3 -0.19651
-10.2 -0.174692
-10.1 -0.153284
-10 -0.132535
-9.9 -0.11268
-9.8 -0.0939379
-9.7 -0.0765098
-9.6 -0.0605746
-9.5 -0.0462878
-9.4 -0.0337804
-9.3 -0.0231569
-9.2 -0.0144947
-9.1 -0.00784352
-9 -0.00322524
-8.9 -0.000634223
-8.8 -3.78591e-05
-8.7 -0.00137756
-8.6 -0.00457007
-8.5 -0.00950911
-8.4 -0.0160673
-8.3 -0.0240982
-8.2 -0.033439
-8.1 -0.0439128
-8 -0.0553314
-7.9 -0.0674981
-7.8 -0.0802107
-7.7 -0.0932644
-7.6 -0.106454
-7.5 -0.119579
-7.4 -0.132443
-7.3 -0.144857
-7.2 -0.156646
-7.1 -0.167645
-7 -0.177706
-6.9 -0.186696
-6.8 -0.1945
-6.7 -0.201024
-6.6 -0.206193
-6.5 -0.209953
-6.4 -0.212271
-6.3 -0.213134
-6.2 -0.212552
-6.1 -0.210551
-6 -0.20718
-5.9 -0.202504
-5.8 -0.196604
-5.7 -0.189577
-5.6 -0.181533
-5.5 -0.172591
-5.4 -0.162882
-5.3 -0.152542
-5.2 -0.141713
-5.1 -0.130539
-5 -0.119164
-4.9 -0.107731
-4.8 -0.0963771
-4.7 -0.0852365
-4.6 -0.0744339
-4.5 -0.0640852
-4.4 -0.0542953
-4.3 -0.0451573
-4.2 -0.036751
-4.1 -0.0291422
-4 -0.0223823
-3.9 -0.0165077
-3.8 -0.0115399
-3.7 -0.00748537
-3.6 -0.00433619
-3.5 -0.00207047
-3.4 -0.000653175
-3.3 -3.71303e-05
-3.2 -0.000164162
-3.1 -0.000966409
-3 -0.00236776
-2.9 -0.00428536
-2.8 -0.00663128
-2.7 -0.0093141
-2.6 -0.0122406
-2.5 -0.0153175
-2.4 -0.018453
-2.3 -0.0215582
-2.2 -0.024549
-2.1 -0.0273471
-2 -0.0298813
-1.9 -0.0320886
-1.8 -0.0339152
-1.7 -0.0353171
-1.6 -0.0362608
-1.5 -0.0367234
-1.4 -0.0366931
-1.3 -0.0361688
-1.2 -0.03516
-1.1 -0.0336863
-1 -0.0317771
-0.9 -0.0294703
-0.8 -0.0268115
-0.7 -0.0238534
-0.6 -0.0206539
-0.5 -0.0172754
-0.4 -0.0137829
-0.3 -0.0102432
-0.2 -0.00672293
-0.1 -0.00328764
-2.05669e-14 -6.56875e-16
0.1 0.0030813
0.2 0.00590284
0.3 0.00841767
0.4 0.0105862
0.5 0.0123773
0.6 0.0137689
0.7 0.0147483
0.8 0.015313
0.9 0.0154707
1 0.0152392
1.1 0.0146462
1.2 0.0137292
1.3 0.0125345
1.4 0.0111167
1.5 0.00953786
1.6 0.0078661
1.7 0.00617473
1.8 0.00454078
1.9 0.00304359
2 0.00176335
2.1 0.000779583
2.2 0.000169594
2.3 6.92717e-06
2.4 0.000359877
2.5 0.00129005
2.6 0.002851
2.7 0.00508701
2.8 0.00803197
2.9 0.0117084
3 0.0161268
3.1 0.0212849
3.2 0.0271673
3.3 0.0337455
3.4 0.0409775
3.5 0.0488088
3.6 0.057172
3.7 0.0659885
3.8 0.0751685
3.9 0.0846128
4 0.0942137
4.1 0.103857
4.2 0.113423
4.3 0.122788
4.4 0.131828
4.5 0.140419
4.6 0.148439
4.7 0.15577
4.8 0.162301
4.9 0.16793
5 0.172563
5.1 0.176119
5.2 0.178531
5.3 0.179746
5.4 0.179728
5.5 0.178457
5.6 0.175932
5.7 0.172169
5.8 0.167205
5.9 0.161093
6 0.153906
6.1 0.145735
6.2 0.136688
6.3 0.126886
6.4 0.116469
6.5 0.105587
6.6 0.0944008
6.7 0.0830815
6.8 0.0718057
6.9 0.0607548
7 0.0501117
7.1 0.0400585
7.2 0.0307737
7.3 0.0224297
7.4 0.0151903
7.5 0.00920777
7.6 0.00462087
7.7 0.00155222
7.8 0.000106379
7.9 0.000367874
8 0.0023996
8.1 0.00624144
8.2 0.0119092
8.3 0.0193937
8.4 0.0286609
8.5 0.0396509
8.6 0.0522792
8.7 0.0664368
8.8 0.0819913
8.9 0.0987882
9 0.116653
9.1 0.135392
9.2 0.154797
9.3 0.174645
9.4 0.194703
9.5 0.21473
9.6 0.23448
9.7 0.253708
9.8 0.272168
9.9 0.289621
10 0.305839
10.1 0.320602
10.2 0.333709
10.3 0.344976
10.4 0.35424
10.5 0.361362
10.6 0.366231
10.7 0.368761
10.8 0.368899
10.9 0.366621
11 0.361936
11.1 0.354885
11.2 0.345542
11.3 0.334012
11.4 0.320431
11.5 0.304967
11.6 0.287812
11.7 0.269188
11.8 0.249338
11.9 0.228525
12 0.207031
12.1 0.185151
12.2 0.163188
12.3 0.141454
12.4 0.120261
12.5 0.0999196
12.6 0.08088
12.7 0.0640436
12.8 0.0491695
12.9 0.0362469
13 0.0252723
13.1 0.016249
13.2 0.00918801
13.3 0.00410752
13.4 0.00103355
13.5 3.0698e-28
13.6 0.00104898
13.7 0.00423106
13.8 0.00960565
13.9 0.0172413
14 0.0272163
14.1 0.0396187
14.2 0.0545474
14.3 0.0721121
14.4 0.0924343
14.5 0.115648
14.6 0.141598
14.7 0.169055
14.8 0.197966
14.9 0.227995
15 0.258789
15.1 0.289977
15.2 0.321181
15.3 0.352015
15.4 0.382096
15.5 0.411042
15.6 0.438485
15.7 0.46407
15.8 0.487461
15.9 0.508349
16 0.526453
16.1 0.541523
16.2 0.553349
16.3 0.561758
16.4 0.566621
16.5 0.567855
16.6 0.565421
16.7 0.55933
16.8 0.549639
16.9 0.536453
17 0.519926
17.1 0.500255
17.2 0.477682
17.3 0.452489
17.4 0.424995
17.5 0.395555
17.6 0.36455
17.7 0.332389
17.8 0.299499
17.9 0.266321
18 0.233306
18.1 0.200906
18.2 0.169573
18.3 0.139746
18.4 0.111853
18.5 0.086299
18.6 0.0634633
18.7 0.0436943
18.8 0.027304
18.9 0.0145634
19 0.00569906
19.1 0.000889418
19.2 0.000261855
19.3 0.00389064
19.4 0.0117954
19.5 0.0239402
19.6 0.0402337
19.7 0.0605294
19.8 0.0846276
19.9 0.112277
20 0.143176
20.1 0.176981
20.2 0.213305
20.3 0.251724
20.4 0.291784
20.5 0.333005
20.6 0.374885
20.7 0.416912
20.8 0.458565
20.9 0.499323
21 0.538672
21.1 0.576112
21.2 0.611163
21.3 0.64337
21.4 0.672311
21.5 0.697605
21.6 0.718912
21.7 0.735942
21.8 0.748456
21.9 0.756275
22 0.759275
22.1 0.757397
22.2 0.750643
22.3 0.739079
22.4 0.722833
22.5 0.702096
22.6 0.677117
22.7 0.648206
22.8 0.615723
22.9 0.580078
23 0.541729
23.1 0.501168
23.2 0.458923
23.3 0.415549
23.4 0.371618
23.5 0.327716
23.6 0.284432
23.7 0.242354
23.8 0.202057
23.9 0.1641
24 0.129015
24.1 0.0973011
24.2 0.0694192
24.3 0.0457831
24.4 0.0267555
24.5 0.0126425
24.6 0.00368874
24.7 7.43918e-05
24.8 0.00191179
24.9 0.00924363
25 0.0220418
25.1 0.0402074
25.2 0.0635709
25.3 0.0918946
25.4 0.124874
25.5 0.162144
25.6 0.203278
25.7 0.247798
25.8 0.295178
25.9 0.344852
26 0.396218
26.1 0.44865
26.2 0.5015
26.3 0.554113
26.4 0.60583
26.5 0.655999
26.6 0.703985
26.7 0.749172
26.8 0.790981
26.9 0.828868
27 0.862339
27.1 0.890949
27.2 0.914318
27.3 0.932127
27.4 0.944128
27.5 0.950146
27.6 0.950081
27.7 0.943914
27.8 0.931701
27.9 0.913578
28 0.889759
28.1 0.860533
28.2 0.826259
28.3 0.787367
28.4 0.744346
28.5 0.697745
28.6 0.648162
28.7 0.596236
28.8 0.542643
28.9 0.488084
29 0.433279
29.1 0.378953
29.2 0.325832
29.3 0.274633
29.4 0.226049
29.5 0.180747
29.6 0.139355
29.7 0.102455
29.8 0.0705758
29.9 0.0441836
30 0.0236776
30.1 0.00938352
30.2 0.00154928
30.3 0.000340924
30.4 0.00584016
30.5 0.0180427
30.6 0.0368576
30.7 0.0621083
30.8 0.0935338
30.9 0.130792
31 0.173463
31.1 0.221054
31.2 0.273007
31.3 0.328703
31.4 0.387471
31.5 0.448596
31.6 0.511329
31.7 0.574893
31.8 0.638498
31.9 0.701348
32 0.762651
32.1 0.821629
32.2 0.877533
32.3 0.929644
32.4 0.977291
32.5 1.01986
32.6 1.05678
32.7 1.08758
32.8 1.11183
32.9 1.12922
33 1.13949
33.1 1.1425
33.2 1.13818
33.3 1.12657
33.4 1.10779
33.5 1.08207
33.6 1.04971
33.7 1.01112
33.8 0.966779
33.9 0.917244
34 0.863144
34.1 0.805171
34.2 0.744069
34.3 0.680631
34.4 0.615679
34.5 0.550064
34.6 0.484648
34.7 0.420295
34.8 0.357863
34.9 0.298188
35 0.242075
35.1 0.190289
35.2 0.143543
35.3 0.10249
35.4 0.0677121
35.5 0.0397145
35.6 0.018918
35.7 0.00565274
35.8 0.000154018
35.9 0.00255827
36 0.012901
36.1 0.0311155
36.2 0.0570336
36.3 0.0903868
36.4 0.130809
36.5 0.177843
36.6 0.230941
36.7 0.289475
36.8 0.352746
36.9 0.419988
37 0.490379
37.1 0.563054
37.2 0.637113
37.3 0.711632
37.4 0.78568
37.5 0.858322
37.6 0.928641
37.7 0.99574
37.8 1.05876
37.9 1.1169
38 1.1694
38.1 1.21558
38.2 1.25484
38.3 1.28665
38.4 1.3106
38.5 1.32635
38.6 1.33368
38.7 1.33247
38.8 1.32273
38.9 1.30454
39 1.27813
39.1 1.24382
39.2 1.20202
39.3 1.15326
39.4 1.09815
39.5 1.03668
39.6 0.975051
39.7 0.917079
39.8 0.862548
39.9 0.811255
40 0.763007
40.1 0.717624
40.2 0.674936
40.3 0.634783
40.4 0.597016
40.5 0.561492
40.6 0.528079
40.7 0.496651
40.8 0.467091
40.9 0.439287
41 0.413136
41.1 0.388539
41.2 0.365405
41.3 0.343646
41.4 0.323181
41.5 0.303933
41.6 0.285829
41.7 0.268803
41.8 0.252789
41.9 0.237728
42 0.223562
42.1 0.21024
42.2 0.197711
42.3 0.185927
42.4 0.174844
42.5 0.164422
42.6 0.154619
42.7 0.145401
42.8 0.136731
42.9 0.128577
43 0.120909
43.1 0.113698
43.2 0.106916
43.3 0.100538
43.4 0.0945402
43.5 0.0888996
43.6 0.0835952
43.7 0.0786068
43.8 0.0739157
43.9 0.0695043
44 0.0653557
44.1 0.0614545
44.2 0.0577858
44.3 0.0543359
44.4 0.0510917
