-17.5 0.000356926
-17.4 0.000400897
-17.3 0.000450255
-17.2 0.000505656
-17.1 0.000567835
-17 0.000637617
-16.9 0.000715924
-16.8 0.000803793
-16.7 0.000902382
-16.6 0.00101299
-16.5 0.00113708
-16.4 0.00127626
-16.3 0.00143239
-16.2 0.00160748
-16.1 0.00180385
-16 0.00202405
-15.9 0.00227095
-15.8 0.00254776
-15.7 0.00285809
-15.6 0.00320595
-15.5 0.00359586
-15.4 0.00403286
-15.3 0.00452258
-15.2 0.00507134
-15.1 0.00568619
-15 0.00637502
-14.9 0.00714667
-14.8 0.008011
-14.7 0.00897903
-14.6 0.0100631
-14.5 0.011277
-14.4 0.0126362
-14.3 0.0141578
-14.2 0.015861
-14.1 0.0177674
-14 0.019901
-13.9 0.0222884
-13.8 0.0249597
-13.7 0.0279483
-13.6 0.0312913
-13.5 0.0350304
-13.4 0.039212
-13.3 0.0438879
-13.2 0.0491158
-13.1 0.0549601
-13 0.0614927
-12.9 0.0687936
-12.8 0.0769521
-12.7 0.0860676
-12.6 0.096251
-12.5 0.107774
-12.4 0.119448
-12.3 0.130281
-12.2 0.13995
-12.1 0.14816
-12 0.154663
-11.9 0.159262
-11.8 0.161823
-11.7 0.16228
-11.6 0.160636
-11.5 0.15696
-11.4 0.151386
-11.3 0.144106
-11.2 0.135359
-11.1 0.12542
-11 0.11459
-10.9 0.103182
-10.8 0.0915087
-10.7 0.0798688
-10.6 0.068538
-10.5 0.0577586
-10.4 0.0477326
-10.3 0.0386161
-10.2 0.0305174
-10.1 0.0234961
-10 0.0175655
-9.9 0.0126967
-9.8 0.00882433
-9.7 0.00585376
-9.6 0.00366928
-9.5 0.00214256
-9.4 0.00114112
-9.3 0.000536244
-9.2 0.000210097
-9.1 6.15208e-05
-9 1.04022e-05
-8.9 4.02239e-07
-8.8 1.43331e-09
-8.7 1.89767e-06
-8.6 2.08855e-05
-8.5 9.04232e-05
-8.4 0.000258158
-8.3 0.000580725
-8.2 0.00111817
-8.1 0.00192834
-8 0.00306156
-7.9 0.00455599
-7.8 0.00643376
-7.7 0.00869825
-7.6 0.0113325
-7.5 0.0142992
-7.4 0.0175411
-7.3 0.0209836
-7.2 0.024538
-7.1 0.028105
-7 0.0315794
-6.9 0.0348553
-6.8 0.0378303
-6.7 0.0404107
-6.6 0.0425157
-6.5 0.0440804
-6.4 0.045059
-6.3 0.0454263
-6.2 0.0451783
-6.1 0.0443319
-6 0.0429237
-5.9 0.041008
-5.8 0.0386533
-5.7 0.0359396
-5.6 0.0329541
-5.5 0.0297876
-5.4 0.0265305
-5.3 0.0232691
-5.2 0.0200827
-5.1 0.0170405
-5 0.0142001
-4.9 0.0116059
-4.8 0.00928854
-4.7 0.00726526
-4.6 0.00554041
-4.5 0.00410691
-4.4 0.00294798
-4.3 0.00203918
-4.2 0.00135063
-4.1 0.000849267
-4 0.000500967
-3.9 0.000272504
-3.8 0.000133169
-3.7 5.60307e-05
-3.6 1.88025e-05
-3.5 4.28684e-06
-3.4 4.26638e-07
-3.3 1.37866e-09
-3.2 2.69491e-08
-3.1 9.33947e-07
-3 5.60627e-06
-2.9 1.83643e-05
-2.8 4.39739e-05
-2.7 8.67525e-05
-2.6 0.000149833
-2.5 0.000234626
-2.4 0.000340512
-2.3 0.000464756
-2.2 0.000602654
-2.1 0.000747864
-2 0.000892891
-1.9 0.00102968
-1.8 0.00115024
-1.7 0.0012473
-1.6 0.00131485
-1.5 0.00134861
-1.4 0.00134639
-1.3 0.00130818
-1.2 0.00123622
-1.1 0.00113477
-1 0.00100978
-0.9 0.000868496
-0.8 0.000718858
-0.7 0.000568985
-0.6 0.000426585
-0.5 0.000298439
-0.4 0.000189968
-0.3 0.000104922
-0.2 4.51978e-05
-0.1 1.08086e-05
-2.05669e-14 4.31484e-31
0.1 9.49438e-06
0.2 3.48436e-05
0.3 7.08571e-05
0.4 0.000112068
0.5 0.000153199
0.6 0.000189582
0.7 0.000217511
0.8 0.000234487
0.9 0.000239342
1 0.000232232
1.1 0.000214512
1.2 0.000188491
1.3 0.000157114
1.4 0.000123582
1.5 9.09709e-05
1.6 6.18756e-05
1.7 3.81273e-05
1.8 2.06187e-05
1.9 9.26341e-06
2 3.10939e-06
2.1 6.0775e-07
2.2 2.87622e-08
2.3 4.79857e-11
2.4 1.29511e-07
2.5 1.66422e-06
2.6 8.12818e-06
2.7 2.58777e-05
2.8 6.45125e-05
2.9 0.000137087
3 0.000260075
3.1 0.000453048
3.2 0.000738064
3.3 0.00113876
3.4 0.00167916
3.5 0.00238229
3.6 0.00326864
3.7 0.00435448
3.8 0.0056503
3.9 0.00715932
4 0.00887622
4.1 0.0107862
4.2 0.0128647
4.3 0.0150769
4.4 0.0173787
4.5 0.0197175
4.6 0.0220341
4.7 0.0242643
4.8 0.0263417
4.9 0.0282004
5 0.0297778
5.1 0.0310178
5.2 0.0318733
5.3 0.0323087
5.4 0.0323022
5.5 0.031847
5.6 0.0309521
5.7 0.0296423
5.8 0.0279575
5.9 0.025951
6 0.0236872
6.1 0.0212388
6.2 0.0186835
6.3 0.0161001
6.4 0.0135651
6.5 0.0111486
6.6 0.00891152
6.7 0.00690253
6.8 0.00515606
6.9 0.00369115
7 0.00251119
7.1 0.00160468
7.2 0.000947018
7.3 0.000503091
7.4 0.000230744
7.5 8.4783e-05
7.6 2.13524e-05
7.7 2.4094e-06
7.8 1.13164e-08
7.9 1.35332e-07
8 5.75809e-06
8.1 3.89556e-05
8.2 0.000141828
8.3 0.000376117
8.4 0.000821445
8.5 0.00157219
8.6 0.00273312
8.7 0.00441385
8.8 0.00672257
8.9 0.00975912
9 0.0136079
9.1 0.0183311
9.2 0.0239622
9.3 0.0305009
9.4 0.0379093
9.5 0.0461089
9.6 0.054981
9.7 0.0643676
9.8 0.0740752
9.9 0.0838805
10 0.0935374
10.1 0.102786
10.2 0.111362
10.3 0.119008
10.4 0.125486
10.5 0.130583
10.6 0.134125
10.7 0.135985
10.8 0.136087
10.9 0.134411
11 0.130998
11.1 0.125944
11.2 0.119399
11.3 0.111564
11.4 0.102676
11.5 0.0930047
11.6 0.0828359
11.7 0.0724623
11.8 0.0621694
11.9 0.0522238
12 0.0428619
12.1 0.0342807
12.2 0.0266303
12.3 0.0200092
12.4 0.0144627
12.5 0.00998393
12.6 0.00654158
12.7 0.00410158
12.8 0.00241764
12.9 0.00131384
13 0.000638687
13.1 0.000264031
13.2 8.44196e-05
13.3 1.68718e-05
13.4 1.06822e-06
13.5 9.42369e-56
13.6 1.10035e-06
13.7 1.79019e-05
13.8 9.22685e-05
13.9 0.000297264
14 0.000740726
14.1 0.00156964
14.2 0.00297542
14.3 0.00520015
14.4 0.0085441
14.5 0.0133744
14.6 0.0200499
14.7 0.0285794
14.8 0.0391904
14.9 0.0519819
15 0.0669718
15.1 0.0840869
15.2 0.103157
15.3 0.123915
15.4 0.145997
15.5 0.168956
15.6 0.192269
15.7 0.215361
15.8 0.237618
15.9 0.258419
16 0.277153
16.1 0.293247
16.2 0.306195
16.3 0.315572
16.4 0.32106
16.5 0.32246
16.6 0.319701
16.7 0.31285
16.8 0.302103
16.9 0.287782
17 0.270323
17.1 0.250255
17.2 0.22818
17.3 0.204746
17.4 0.180621
17.5 0.156464
17.6 0.132897
17.7 0.110483
17.8 0.0896996
17.9 0.0709269
18 0.0544316
18.1 0.0403634
18.2 0.028755
18.3 0.0195291
18.4 0.0125112
18.5 0.00744752
18.6 0.0040276
18.7 0.0019092
18.8 0.000745506
18.9 0.000212091
19 3.24792e-05
19.1 7.91064e-07
19.2 6.85683e-08
19.3 1.51371e-05
19.4 0.000139131
19.5 0.000573133
19.6 0.00161875
19.7 0.00366381
19.8 0.00716182
19.9 0.012606
20 0.0204995
20.1 0.0313224
20.2 0.0454991
20.3 0.0633652
20.4 0.0851381
20.5 0.110892
20.6 0.140539
20.7 0.173815
20.8 0.210281
20.9 0.249323
21 0.290168
21.1 0.331905
21.2 0.37352
21.3 0.413925
21.4 0.452003
21.5 0.486653
21.6 0.516835
21.7 0.54161
21.8 0.560187
21.9 0.571951
22 0.576499
22.1 0.573651
22.2 0.563465
22.3 0.546238
22.4 0.522488
22.5 0.492938
22.6 0.458488
22.7 0.420171
22.8 0.379114
22.9 0.336491
23 0.29347
23.1 0.251169
23.2 0.210611
23.3 0.172681
23.4 0.1381
23.5 0.107398
23.6 0.0809016
23.7 0.0587353
23.8 0.040827
23.9 0.0269288
24 0.0166448
24.1 0.00946751
24.2 0.00481902
24.3 0.00209609
24.4 0.000715857
24.5 0.000159832
24.6 1.36068e-05
24.7 5.53414e-09
24.8 3.65493e-06
24.9 8.54446e-05
25 0.000485842
25.1 0.00161663
25.2 0.00404126
25.3 0.00844461
25.4 0.0155936
25.5 0.0262906
25.6 0.0413218
25.7 0.0614036
25.8 0.0871301
25.9 0.118923
26 0.156989
26.1 0.201287
26.2 0.251502
26.3 0.307041
26.4 0.36703
26.5 0.430335
26.6 0.495594
26.7 0.561259
26.8 0.625651
26.9 0.687023
27 0.743628
27.1 0.793791
27.2 0.835978
27.3 0.868861
27.4 0.891377
27.5 0.902777
27.6 0.902654
27.7 0.890973
27.8 0.868066
27.9 0.834624
28 0.791671
28.1 0.740516
28.2 0.682704
28.3 0.619946
28.4 0.554051
28.5 0.486849
28.6 0.420114
28.7 0.355497
28.8 0.294461
28.9 0.238226
29 0.18773
29.1 0.143605
29.2 0.106167
29.3 0.0754231
29.4 0.051098
29.5 0.0326693
29.6 0.0194197
29.7 0.010497
29.8 0.00498094
29.9 0.00195219
30 0.000560627
30.1 8.80505e-05
30.2 2.40026e-06
30.3 1.16229e-07
30.4 3.41074e-05
30.5 0.000325538
30.6 0.00135848
30.7 0.00385744
30.8 0.00874857
30.9 0.0171065
31 0.0300893
31.1 0.0488649
31.2 0.0745329
31.3 0.108046
31.4 0.150134
31.5 0.201239
31.6 0.261457
31.7 0.330502
31.8 0.40768
31.9 0.491889
32 0.581636
32.1 0.675075
32.2 0.770064
32.3 0.864238
32.4 0.955098
32.5 1.0401
32.6 1.11678
32.7 1.18282
32.8 1.23617
32.9 1.27513
33 1.29844
33.1 1.30531
33.2 1.29545
33.3 1.26916
33.4 1.2272
33.5 1.17087
33.6 1.10189
33.7 1.02237
33.8 0.934662
33.9 0.841336
34 0.745017
34.1 0.6483
34.2 0.553639
34.3 0.463258
34.4 0.379061
34.5 0.302571
34.6 0.234883
34.7 0.176648
34.8 0.128066
34.9 0.0889159
35 0.0586002
35.1 0.0362099
35.2 0.0206047
35.3 0.0105042
35.4 0.00458493
35.5 0.00157724
35.6 0.000357889
35.7 3.19534e-05
35.8 2.37215e-08
35.9 6.54476e-06
36 0.000166435
36.1 0.000968174
36.2 0.00325283
36.3 0.00816977
36.4 0.0171111
36.5 0.0316281
36.6 0.0533335
36.7 0.083796
36.8 0.12443
36.9 0.17639
37 0.240472
37.1 0.31703
37.2 0.405912
37.3 0.506421
37.4 0.617293
37.5 0.736717
37.6 0.862374
37.7 0.991499
37.8 1.12098
37.9 1.24747
38 1.3675
38.1 1.47764
38.2 1.57462
38.3 1.65548
38.4 1.71767
38.5 1.75919
38.6 1.77869
38.7 1.77548
38.8 1.7496
38.9 1.70183
39 1.63363
39.1 1.54709
39.2 1.44486
39.3 1.33001
39.4 1.20594
39.5 1.07471
39.6 0.950724
39.7 0.841034
39.8 0.743989
39.9 0.658134
40 0.582179
40.1 0.514984
40.2 0.455538
40.3 0.40295
40.4 0.356428
40.5 0.315273
40.6 0.278867
40.7 0.246662
40.8 0.218174
40.9 0.192973
41 0.170681
41.1 0.150963
41.2 0.133521
41.3 0.118093
41.4 0.104446
41.5 0.0923751
41.6 0.0816984
41.7 0.0722549
41.8 0.0639022
41.9 0.0565144
42 0.0499802
42.1 0.044201
42.2 0.0390895
42.3 0.0345688
42.4 0.0305706
42.5 0.0270345
42.6 0.0239071
42.7 0.0211413
42.8 0.0186953
42.9 0.0165321
43 0.014619
43.1 0.0129272
43.2 0.011431
43.3 0.0101079
43.4 0.00893784
43.5 0.00790314
43.6 0.00698815
43.7 0.00617903
43.8 0.00546354
43.9 0.00483084
44 0.00427137
44.1 0.00377665
44.2 0.0033392
44.3 0.00295239
44.4 0.00261036
