-17.5 0.0207515
-17.4 0.0215858
-17.3 0.0224521
-17.2 0.0233517
-17.1 0.0242857
-17 0.0252552
-16.9 0.0262617
-16.8 0.0273064
-16.7 0.0283906
-16.6 0.0295158
-16.5 0.0306833
-16.4 0.0318946
-16.3 0.0331513
-16.2 0.034455
-16.1 0.0358071
-16 0.0372095
-15.9 0.0386638
-15.8 0.0401717
-15.7 0.0417351
-15.6 0.0433558
-15.5 0.0450357
-15.4 0.0467769
-15.3 0.0485813
-15.2 0.0504509
-15.1 0.052388
-15 0.0543947
-14.9 0.0564732
-14.8 0.0586259
-14.7 0.0608551
-14.6 0.0631632
-14.5 0.0655526
-14.4 0.068026
-14.3 0.070586
-14.2 0.073235
-14.1 0.075976
-14 0.0788116
-13.9 0.0817448
-13.8 0.0847783
-13.7 0.0879151
-13.6 0.0911583
-13.5 0.0945109
-13.4 0.0979761
-13.3 0.101557
-13.2 0.105257
-13.1 0.109079
-13 0.113027
-12.9 0.117104
-12.8 0.121313
-12.7 0.125658
-12.6 0.130143
-12.5 0.134842
-12.4 0.138396
-12.3 0.139696
-12.2 0.138707
-12.1 0.135488
-12 0.130185
-11.9 0.123027
-11.8 0.114306
-11.7 0.104365
-11.6 0.0935788
-11.5 0.0823311
-11.4 0.0709984
-11.3 0.0599302
-11.2 0.0494338
-11.1 0.0397623
-11 0.0311058
-10.9 0.0235875
-10.8 0.0172633
-10.7 0.0121265
-10.6 0.00811439
-10.5 0.00511941
-10.4 0.00300104
-10.3 0.00159936
-10.2 0.00074865
-10.1 0.000290061
-10 8.28364e-05
-9.9 1.31831e-05
-9.8 4.04362e-07
-9.7 8.39e-09
-9.6 3.73517e-06
-9.5 3.66671e-05
-9.4 0.00015178
-9.3 0.000422455
-9.2 0.000933591
-9.1 0.00177203
-9 0.00301705
-8.9 0.00473154
-8.8 0.00695468
-8.7 0.00969633
-8.6 0.0129338
-8.5 0.0166111
-8.4 0.0206402
-8.3 0.0249054
-8.2 0.0292688
-8.1 0.0335779
-8 0.0376741
-7.9 0.0414012
-7.8 0.0446148
-7.7 0.0471895
-7.6 0.0490264
-7.5 0.0500577
-7.4 0.05025
-7.3 0.0496058
-7.2 0.0481621
-7.1 0.0459881
-7 0.0431799
-6.9 0.0398551
-6.8 0.0361459
-6.7 0.0321915
-6.6 0.0281309
-6.5 0.0240961
-6.4 0.0202061
-6.3 0.0165615
-6.2 0.0132417
-6.1 0.0103024
-6 0.00777567
-5.9 0.0056703
-5.8 0.00397466
-5.7 0.0026598
-5.6 0.00168348
-5.5 0.000994722
-5.4 0.000538286
-5.3 0.000258978
-5.2 0.000105421
-5.1 3.31015e-05
-5 6.52544e-06
-4.9 4.23893e-07
-4.8 6.14686e-13
-4.7 2.91762e-07
-4.6 4.78021e-06
-4.5 2.34204e-05
-4.4 7.03032e-05
-4.3 0.000161168
-4.2 0.000310981
-4.1 0.000531782
-4 0.000830946
-3.9 0.00120999
-3.8 0.00166399
-3.7 0.00218162
-3.6 0.00274575
-3.5 0.00333457
-3.4 0.00392313
-3.3 0.00448505
-3.2 0.00499434
-3.1 0.00542726
-3 0.00576381
-2.9 0.00598906
-2.8 0.00609398
-2.7 0.00607585
-2.6 0.00593826
-2.5 0.0056906
-2.4 0.00534721
-2.3 0.00492627
-2.2 0.00444844
-2.1 0.00393546
-2 0.0034088
-1.9 0.00288838
-1.8 0.00239156
-1.7 0.00193239
-1.6 0.00152112
-1.5 0.0011641
-1.4 0.000863925
-1.3 0.000619795
-1.2 0.000428159
-1.1 0.000283399
-1 0.000178599
-0.9 0.000106285
-0.8 5.90758e-05
-0.7 3.02099e-05
-0.6 1.39118e-05
-0.5 5.58758e-06
-0.4 1.86009e-06
-0.3 4.69429e-07
-0.2 7.49094e-08
-0.1 4.60247e-09
-2.05669e-14 2.13809e-35
0.1 2.26888e-12
0.2 1.10375e-10
0.3 1.01981e-08
0.4 1.19086e-07
0.5 6.57974e-07
0.6 2.43935e-06
0.7 7.03508e-06
0.8 1.70481e-05
0.9 3.63288e-05
1 7.00871e-05
1.1 0.000124861
1.2 0.000208315
1.3 0.000328847
1.4 0.000495034
1.5 0.000714917
1.6 0.000995189
1.7 0.00134036
1.8 0.00175192
1.9 0.00222768
2 0.00276127
2.1 0.00334187
2.2 0.00395433
2.3 0.00457956
2.4 0.00519528
2.5 0.00577715
2.6 0.00630003
2.7 0.00673954
2.8 0.00707362
2.9 0.00728406
3 0.00735787
3.1 0.00728839
3.2 0.00707594
3.3 0.00672808
3.4 0.00625938
3.5 0.00569058
3.6 0.00504744
3.7 0.00435902
3.8 0.00365582
3.9 0.00296767
4 0.00232176
4.1 0.00174077
4.2 0.00124135
4.3 0.000833187
4.4 0.00051856
4.5 0.000292664
4.6 0.000144553
4.7 5.87524e-05
4.8 1.74003e-05
4.9 2.78538e-06
5 7.32185e-08
5.1 5.26686e-09
5.2 1.32766e-06
5.3 1.2716e-05
5.4 5.39835e-05
5.5 0.000156402
5.6 0.000362022
5.7 0.000721944
5.8 0.00129359
5.9 0.00213706
6 0.00331081
6.1 0.00486688
6.2 0.00684599
6.3 0.00927286
6.4 0.0121521
6.5 0.0154651
6.6 0.0191681
6.7 0.0231913
6.8 0.0274408
6.9 0.0318005
7 0.036137
7.1 0.040305
7.2 0.0441545
7.3 0.0475381
7.4 0.0503193
7.5 0.0523798
7.6 0.0536265
7.7 0.0539978
7.8 0.0534673
7.9 0.0520466
8 0.0497849
8.1 0.0467674
8.2 0.0431108
8.3 0.0389574
8.4 0.0344672
8.5 0.0298088
8.6 0.0251506
8.7 0.0206509
8.8 0.0164495
8.9 0.0126603
9 0.00936565
9.1 0.00661331
9.2 0.00441544
9.3 0.00275047
9.4 0.00156747
9.5 0.000792669
9.6 0.000337909
9.7 0.000110247
9.8 2.21292e-05
9.9 1.34778e-06
10 7.60535e-13
10.1 1.73405e-06
10.2 2.66413e-05
10.3 0.000133306
10.4 0.000417703
10.5 0.00100886
10.6 0.0020614
10.7 0.00374535
10.8 0.00623379
10.9 0.00968909
11 0.0142486
11.1 0.0200111
11.2 0.0270239
11.3 0.0352735
11.4 0.0446786
11.5 0.0550874
11.6 0.0662789
11.7 0.0779689
11.8 0.0898201
11.9 0.101456
12 0.11248
12.1 0.12249
12.2 0.131106
12.3 0.137983
12.4 0.142837
12.5 0.145456
12.6 0.146882
12.7 0.148407
12.8 0.150026
12.9 0.151741
13 0.153556
13.1 0.155474
13.2 0.1575
13.3 0.159637
13.4 0.16189
13.5 0.164262
13.6 0.166758
13.7 0.169384
13.8 0.172144
13.9 0.175043
14 0.178088
14.1 0.181285
14.2 0.184638
14.3 0.188156
14.4 0.191846
14.5 0.195713
14.6 0.198017
14.7 0.197084
14.8 0.192942
14.9 0.185739
15 0.17575
15.1 0.163358
15.2 0.149038
15.3 0.133331
15.4 0.116816
15.5 0.100074
15.6 0.0836641
15.7 0.0680911
15.8 0.0537806
15.9 0.04106
16 0.0301459
16.1 0.0211389
16.2 0.014026
16.3 0.0086916
16.4 0.00493443
16.5 0.00249126
16.6 0.00106418
16.7 0.000350434
16.8 7.22725e-05
16.9 4.85504e-06
17 2.19794e-12
17.1 4.02106e-06
17.2 6.81665e-05
17.3 0.000350684
17.4 0.00111009
17.5 0.0026898
17.6 0.00549501
17.7 0.00996295
17.8 0.0165287
17.9 0.0255883
18 0.0374626
18.1 0.0523625
18.2 0.0703608
18.3 0.09137
18.4 0.11513
18.5 0.141205
18.6 0.168995
18.7 0.19775
18.8 0.226608
18.9 0.254622
19 0.280818
19.1 0.304232
19.2 0.323968
19.3 0.339242
19.4 0.349426
19.5 0.354087
19.6 0.353007
19.7 0.346201
19.8 0.333918
19.9 0.316627
20 0.294996
20.1 0.269853
20.2 0.242148
20.3 0.212896
20.4 0.183126
20.5 0.153828
20.6 0.1259
20.7 0.100109
20.8 0.0770513
20.9 0.0571326
21 0.0405574
21.1 0.0273324
21.2 0.0172827
21.3 0.0100812
21.4 0.00528672
21.5 0.00238998
21.6 0.000863736
21.7 0.000213166
21.8 2.33342e-05
21.9 9.7118e-08
22 1.41751e-06
22.1 5.66601e-05
22.2 0.000372204
22.3 0.00132263
22.4 0.00342775
22.5 0.00731661
22.6 0.0136808
22.7 0.0232197
22.8 0.0365819
22.9 0.0543056
23 0.0767634
23.1 0.104114
23.2 0.136268
23.3 0.172861
23.4 0.213255
23.5 0.256541
23.6 0.301576
23.7 0.347024
23.8 0.391416
23.9 0.433216
24 0.470904
24.1 0.50305
24.2 0.528392
24.3 0.545903
24.4 0.55485
24.5 0.554837
24.6 0.545829
24.7 0.528155
24.8 0.502495
24.9 0.46984
25 0.431449
25.1 0.388771
25.2 0.343376
25.3 0.296868
25.4 0.250803
25.5 0.206611
25.6 0.165523
25.7 0.128521
25.8 0.0962934
25.9 0.0692217
26 0.0473789
26.1 0.0305525
26.2 0.0182852
26.3 0.0099308
26.4 0.00472259
26.5 0.00184825
26.6 0.000526629
26.7 8.07788e-05
26.8 1.98189e-06
26.9 1.64179e-07
27 3.68482e-05
27.1 0.00033801
27.2 0.00138552
27.3 0.00388734
27.4 0.00872799
27.5 0.0169024
27.6 0.0294374
27.7 0.0473056
27.8 0.0713378
27.9 0.10214
28 0.140022
28.1 0.184938
28.2 0.236451
28.3 0.293721
28.4 0.355514
28.5 0.420242
28.6 0.486021
28.7 0.550757
28.8 0.612239
28.9 0.668255
29 0.7167
29.1 0.755689
29.2 0.78366
29.3 0.799462
29.4 0.802416
29.5 0.792358
29.6 0.769654
29.7 0.735177
29.8 0.690267
29.9 0.636657
30 0.576381
30.1 0.51167
30.2 0.444828
30.3 0.378115
30.4 0.313634
30.5 0.253223
30.6 0.19838
30.7 0.150194
30.8 0.109317
30.9 0.0759574
31 0.0499087
31.1 0.0305976
31.2 0.0171611
31.3 0.00853944
31.4 0.00358038
31.5 0.0011476
31.6 0.000225582
31.7 1.32725e-05
31.8 2.6979e-11
31.9 1.79658e-05
32 0.000267282
32.1 0.00131135
32.2 0.00404234
32.3 0.0096187
32.4 0.0193783
32.5 0.0347331
32.6 0.0570515
32.7 0.0875375
32.8 0.127114
32.9 0.176317
33 0.235214
33.1 0.303345
33.2 0.379696
33.3 0.462708
33.4 0.550319
33.5 0.640045
33.6 0.729078
33.7 0.814424
33.8 0.893047
33.9 0.962023
34 1.01869
34.1 1.06081
34.2 1.08666
34.3 1.09515
34.4 1.0859
34.5 1.05922
34.6 1.01614
34.7 0.958348
34.8 0.888072
34.9 0.807997
35 0.721105
35.1 0.630519
35.2 0.53934
35.3 0.450492
35.4 0.366574
35.5 0.289745
35.6 0.221631
35.7 0.16327
35.8 0.115101
35.9 0.076986
36 0.0482727
36.1 0.0278871
36.2 0.0144543
36.3 0.00643617
36.4 0.00227594
36.5 0.000541271
36.6 5.42913e-05
36.7 1.20102e-07
36.8 5.70183e-06
36.9 0.000183147
37 0.00113403
37.1 0.00391376
37.2 0.00995783
37.3 0.0209744
37.4 0.0388104
37.5 0.0652986
37.6 0.102099
37.7 0.150539
37.8 0.211476
37.9 0.285172
38 0.371213
38.1 0.468463
38.2 0.575062
38.3 0.688472
38.4 0.805567
38.5 0.922762
38.6 1.03618
38.7 1.14184
38.8 1.23586
38.9 1.31464
39 1.37508
39.1 1.41476
39.2 1.43203
39.3 1.42613
39.4 1.39724
39.5 1.34576
39.6 1.28549
39.7 1.2279
39.8 1.17288
39.9 1.12031
40 1.07008
40.1 1.02209
40.2 0.976236
40.3 0.932431
40.4 0.890581
40.5 0.850598
40.6 0.812401
40.7 0.77591
40.8 0.741049
40.9 0.707745
41 0.675931
41.1 0.645538
41.2 0.616505
41.3 0.588771
41.4 0.562278
41.5 0.53697
41.6 0.512796
41.7 0.489705
41.8 0.467648
41.9 0.446579
42 0.426454
42.1 0.407232
42.2 0.388872
42.3 0.371336
42.4 0.354586
42.5 0.338588
42.6 0.323309
42.7 0.308715
42.8 0.294777
42.9 0.281465
43 0.268751
43.1 0.256609
43.2 0.245013
43.3 0.233938
43.4 0.223362
43.5 0.213261
43.6 0.203615
43.7 0.194404
43.8 0.185607
43.9 0.177206
44 0.169184
44.1 0.161523
44.2 0.154208
44.3 0.147222
44.4 0.140551
