-17.5 0.0651595
-17.4 0.0659936
-17.3 0.0668383
-17.2 0.0676939
-17.1 0.0685604
-17 0.0694381
-16.9 0.0703269
-16.8 0.0712272
-16.7 0.0721389
-16.6 0.0730623
-16.5 0.0739976
-16.4 0.0749448
-16.3 0.0759042
-16.2 0.0768758
-16.1 0.0778599
-16 0.0788565
-15.9 0.0798659
-15.8 0.0808883
-15.7 0.0819237
-15.6 0.0829724
-15.5 0.0840345
-15.4 0.0851102
-15.3 0.0861997
-15.2 0.0873031
-15.1 0.0884206
-15 0.0895525
-14.9 0.0906988
-14.8 0.0918598
-14.7 0.0930357
-14.6 0.0942266
-14.5 0.0954328
-14.4 0.0966544
-14.3 0.0978917
-14.2 0.0991448
-14.1 0.100414
-14 0.101699
-13.9 0.103001
-13.8 0.10432
-13.7 0.105655
-13.6 0.107007
-13.5 0.108377
-13.4 0.109764
-13.3 0.11117
-13.2 0.112593
-13.1 0.114034
-13 0.115494
-12.9 0.116972
-12.8 0.118469
-12.7 0.119986
-12.6 0.121522
-12.5 0.123094
-12.4 0.124395
-12.3 0.125192
-12.2 0.125481
-12.1 0.125261
-12 0.124533
-11.9 0.123299
-11.8 0.121565
-11.7 0.119338
-11.6 0.116627
-11.5 0.113443
-11.4 0.109798
-11.3 0.105708
-11.2 0.101189
-11.1 0.0962588
-11 0.0909386
-10.9 0.0852494
-10.8 0.0792143
-10.7 0.0728578
-10.6 0.0662057
-10.5 0.059285
-10.4 0.0521237
-10.3 0.044751
-10.2 0.0371967
-10.1 0.0294914
-10 0.0216665
-9.9 0.0137537
-9.8 0.00578514
-9.7 -0.00220693
-9.6 -0.01019
-9.5 -0.0181318
-9.4 -0.026
-9.3 -0.0337627
-9.2 -0.0413885
-9.1 -0.0488463
-9 -0.0561059
-8.9 -0.0631379
-8.8 -0.0699137
-8.7 -0.0764058
-8.6 -0.0825879
-8.5 -0.088435
-8.4 -0.0939232
-8.3 -0.0990304
-8.2 -0.103736
-8.1 -0.10802
-8 -0.111866
-7.9 -0.115259
-7.8 -0.118183
-7.7 -0.120629
-7.6 -0.122584
-7.5 -0.124043
-7.4 -0.124998
-7.3 -0.125446
-7.2 -0.125385
-7.1 -0.124815
-7 -0.123739
-6.9 -0.12216
-6.8 -0.120087
-6.7 -0.117525
-6.6 -0.114487
-6.5 -0.110985
-6.4 -0.107032
-6.3 -0.102645
-6.2 -0.0978417
-6.1 -0.0926412
-6 -0.0870649
-5.9 -0.0811353
-5.8 -0.0748765
-5.7 -0.0683139
-5.6 -0.0614741
-5.5 -0.0543849
-5.4 -0.047075
-5.3 -0.0395742
-5.2 -0.0319128
-5.1 -0.0241219
-5 -0.0162331
-4.9 -0.00827847
-4.8 -0.000290253
-4.7 0.00769914
-4.6 0.0156573
-4.5 0.0235519
-4.4 0.031351
-4.3 0.0390229
-4.2 0.0465364
-4.1 0.0538612
-4 0.0609674
-3.9 0.0678262
-3.8 0.0744098
-3.7 0.0806916
-3.6 0.0866459
-3.5 0.0922487
-3.4 0.0974772
-3.3 0.10231
-3.2 0.106728
-3.1 0.110713
-3 0.114249
-2.9 0.117321
-2.8 0.119917
-2.7 0.122026
-2.6 0.123641
-2.5 0.124754
-2.4 0.12536
-2.3 0.125458
-2.2 0.125047
-2.1 0.124129
-2 0.122707
-1.9 0.120787
-1.8 0.118377
-1.7 0.115487
-1.6 0.112128
-1.5 0.108314
-1.4 0.104061
-1.3 0.0993858
-1.2 0.0943072
-1.1 0.0888459
-1 0.0830241
-0.9 0.0768655
-0.8 0.070395
-0.7 0.0636389
-0.6 0.0566245
-0.5 0.0493805
-0.4 0.041936
-0.3 0.0343215
-0.2 0.0265677
-0.1 0.018706
-2.05669e-14 0.0107685
0.1 0.00278732
0.2 -0.00520519
0.3 -0.0131766
0.4 -0.0210945
0.5 -0.0289269
0.6 -0.0366418
0.7 -0.0442082
0.8 -0.0515951
0.9 -0.0587727
1 -0.0657118
1.1 -0.0723844
1.2 -0.0787632
1.3 -0.0848225
1.4 -0.0905376
1.5 -0.0958854
1.6 -0.100844
1.7 -0.105394
1.8 -0.109516
1.9 -0.113193
2 -0.116412
2.1 -0.119158
2.2 -0.12142
2.3 -0.12319
2.4 -0.12446
2.5 -0.125225
2.6 -0.125482
2.7 -0.12523
2.8 -0.12447
2.9 -0.123205
3 -0.12144
3.1 -0.119182
3.2 -0.116441
3.3 -0.113227
3.4 -0.109554
3.5 -0.105436
3.6 -0.100891
3.7 -0.0959358
3.8 -0.0905917
3.9 -0.0848801
4 -0.078824
4.1 -0.0724482
4.2 -0.0657784
4.3 -0.0588417
4.4 -0.0516663
4.5 -0.0442813
4.6 -0.0367166
4.7 -0.0290029
4.8 -0.0211716
4.9 -0.0132543
5 -0.00528329
5.1 0.00270918
5.2 0.0106906
5.3 0.0186287
5.4 0.0264913
5.5 0.0342463
5.6 0.0418624
5.7 0.0493086
5.8 0.0565548
5.9 0.0635715
6 0.0703303
6.1 0.0768037
6.2 0.0829655
6.3 0.0887907
6.4 0.0942556
6.5 0.0993381
6.6 0.104018
6.7 0.108275
6.8 0.112093
6.9 0.115456
7 0.118351
7.1 0.120766
7.2 0.122691
7.3 0.124118
7.4 0.125041
7.5 0.125457
7.6 0.125364
7.7 0.124762
7.8 0.123654
7.9 0.122045
8 0.11994
8.1 0.117348
8.2 0.114281
8.3 0.11075
8.4 0.106769
8.5 0.102355
8.6 0.0975264
8.7 0.0923017
8.8 0.0867024
8.9 0.0807514
9 0.0744728
9.1 0.0678919
9.2 0.0610357
9.3 0.0539317
9.4 0.046609
9.5 0.0390972
9.6 0.0314267
9.7 0.0236287
9.8 0.0157349
9.9 0.00777716
10 -0.000212087
10.1 -0.00820048
10.2 -0.0161556
10.3 -0.0240452
10.4 -0.0318372
10.5 -0.0395
10.6 -0.0470026
10.7 -0.0543144
10.8 -0.0614059
10.9 -0.0682483
11 -0.0748137
11.1 -0.0810756
11.2 -0.0870086
11.3 -0.0925885
11.4 -0.0977927
11.5 -0.1026
11.6 -0.106991
11.7 -0.110949
11.8 -0.114455
11.9 -0.117498
12 -0.120064
12.1 -0.122143
12.2 -0.123726
12.3 -0.124807
12.4 -0.125382
12.5 -0.125448
12.6 -0.125254
12.7 -0.125082
12.8 -0.124931
12.9 -0.1248
13 -0.124689
13.1 -0.124599
13.2 -0.124528
13.3 -0.124478
13.4 -0.124448
13.5 -0.124438
13.6 -0.124448
13.7 -0.124478
13.8 -0.124528
13.9 -0.124599
14 -0.124689
14.1 -0.1248
14.2 -0.124931
14.3 -0.125082
14.4 -0.125254
14.5 -0.125446
14.6 -0.125382
14.7 -0.124807
14.8 -0.123726
14.9 -0.122143
15 -0.120064
15.1 -0.117498
15.2 -0.114455
15.3 -0.110949
15.4 -0.106991
15.5 -0.1026
15.6 -0.0977927
15.7 -0.0925885
15.8 -0.0870086
15.9 -0.0810756
16 -0.0748137
16.1 -0.0682483
16.2 -0.0614059
16.3 -0.0543144
16.4 -0.0470026
16.5 -0.0395
16.6 -0.0318372
16.7 -0.0240452
16.8 -0.0161556
16.9 -0.00820048
17 -0.000212087
17.1 0.00777716
17.2 0.0157349
17.3 0.0236287
17.4 0.0314267
17.5 0.0390972
17.6 0.046609
17.7 0.0539317
17.8 0.0610357
17.9 0.0678919
18 0.0744728
18.1 0.0807514
18.2 0.0867024
18.3 0.0923017
18.4 0.0975264
18.5 0.102355
18.6 0.106769
18.7 0.11075
18.8 0.114281
18.9 0.117348
19 0.11994
19.1 0.122045
19.2 0.123654
19.3 0.124762
19.4 0.125364
19.5 0.125457
19.6 0.125041
19.7 0.124118
19.8 0.122691
19.9 0.120766
20 0.118351
20.1 0.115456
20.2 0.112093
20.3 0.108275
20.4 0.104018
20.5 0.0993381
20.6 0.0942556
20.7 0.0887907
20.8 0.0829655
20.9 0.0768037
21 0.0703303
21.1 0.0635715
21.2 0.0565548
21.3 0.0493086
21.4 0.0418624
21.5 0.0342463
21.6 0.0264913
21.7 0.0186287
21.8 0.0106906
21.9 0.00270918
22 -0.00528329
22.1 -0.0132543
22.2 -0.0211716
22.3 -0.0290029
22.4 -0.0367166
22.5 -0.0442813
22.6 -0.0516663
22.7 -0.0588417
22.8 -0.0657784
22.9 -0.0724482
23 -0.078824
23.1 -0.0848801
23.2 -0.0905917
23.3 -0.0959358
23.4 -0.100891
23.5 -0.105436
23.6 -0.109554
23.7 -0.113227
23.8 -0.116441
23.9 -0.119182
24 -0.12144
24.1 -0.123205
24.2 -0.12447
24.3 -0.12523
24.4 -0.125482
24.5 -0.125225
24.6 -0.12446
24.7 -0.12319
24.8 -0.12142
24.9 -0.119158
25 -0.116412
25.1 -0.113193
25.2 -0.109516
25.3 -0.105394
25.4 -0.100844
25.5 -0.0958854
25.6 -0.0905376
25.7 -0.0848225
25.8 -0.0787632
25.9 -0.0723844
26 -0.0657118
26.1 -0.0587727
26.2 -0.0515951
26.3 -0.0442082
26.4 -0.0366418
26.5 -0.0289269
26.6 -0.0210945
26.7 -0.0131766
26.8 -0.00520519
26.9 0.00278732
27 0.0107685
27.1 0.018706
27.2 0.0265677
27.3 0.0343215
27.4 0.041936
27.5 0.0493805
27.6 0.0566245
27.7 0.0636389
27.8 0.070395
27.9 0.0768655
28 0.0830241
28.1 0.0888459
28.2 0.0943072
28.3 0.0993858
28.4 0.104061
28.5 0.108314
28.6 0.112128
28.7 0.115487
28.8 0.118377
28.9 0.120787
29 0.122707
29.1 0.124129
29.2 0.125047
29.3 0.125458
29.4 0.12536
29.5 0.124754
29.6 0.123641
29.7 0.122026
29.8 0.119917
29.9 0.117321
30 0.114249
30.1 0.110713
30.2 0.106728
30.3 0.10231
30.4 0.0974772
30.5 0.0922487
30.6 0.0866459
30.7 0.0806916
30.8 0.0744098
30.9 0.0678262
31 0.0609674
31.1 0.0538612
31.2 0.0465364
31.3 0.0390229
31.4 0.031351
31.5 0.0235519
31.6 0.0156573
31.7 0.00769914
31.8 -0.000290253
31.9 -0.00827847
32 -0.0162331
32.1 -0.0241219
32.2 -0.0319128
32.3 -0.0395742
32.4 -0.047075
32.5 -0.0543849
32.6 -0.0614741
32.7 -0.0683139
32.8 -0.0748765
32.9 -0.0811353
33 -0.0870649
33.1 -0.0926412
33.2 -0.0978417
33.3 -0.102645
33.4 -0.107032
33.5 -0.110985
33.6 -0.114487
33.7 -0.117525
33.8 -0.120087
33.9 -0.12216
34 -0.123739
34.1 -0.124815
34.2 -0.125385
34.3 -0.125446
34.4 -0.124998
34.5 -0.124043
34.6 -0.122584
34.7 -0.120629
34.8 -0.118183
34.9 -0.115259
35 -0.111866
35.1 -0.10802
35.2 -0.103736
35.3 -0.0990304
35.4 -0.0939232
35.5 -0.088435
35.6 -0.0825879
35.7 -0.0764058
35.8 -0.0699137
35.9 -0.0631379
36 -0.0561059
36.1 -0.0488463
36.2 -0.0413885
36.3 -0.0337627
36.4 -0.026
36.5 -0.0181318
36.6 -0.01019
36.7 -0.00220693
36.8 0.00578514
36.9 0.0137537
37 0.0216665
37.1 0.0294914
37.2 0.0371967
37.3 0.044751
37.4 0.0521237
37.5 0.059285
37.6 0.0662057
37.7 0.0728578
37.8 0.0792143
37.9 0.0852494
38 0.0909386
38.1 0.0962588
38.2 0.101189
38.3 0.105708
38.4 0.109798
38.5 0.113443
38.6 0.116627
38.7 0.119338
38.8 0.121565
38.9 0.123299
39 0.124533
39.1 0.125261
39.2 0.125481
39.3 0.125192
39.4 0.124395
39.5 0.123077
39.6 0.121522
39.7 0.119986
39.8 0.118469
39.9 0.116972
40 0.115494
40.1 0.114034
40.2 0.112593
40.3 0.11117
40.4 0.109764
40.5 0.108377
40.6 0.107007
40.7 0.105655
40.8 0.10432
40.9 0.103001
41 0.101699
41.1 0.100414
41.2 0.0991448
41.3 0.0978917
41.4 0.0966544
41.5 0.0954328
41.6 0.0942266
41.7 0.0930357
41.8 0.0918598
41.9 0.0906988
42 0.0895525
42.1 0.0884206
42.2 0.0873031
42.3 0.0861997
42.4 0.0851102
42.5 0.0840345
42.6 0.0829724
42.7 0.0819237
42.8 0.0808883
42.9 0.0798659
43 0.0788565
43.1 0.0778599
43.2 0.0768758
43.3 0.0759042
43.4 0.0749448
43.5 0.0739976
43.6 0.0730623
43.7 0.0721389
43.8 0.0712272
43.9 0.0703269
44 0.0694381
44.1 0.0685604
44.2 0.0676939
44.3 0.0668383
44.4 0.0659936
