-17.5 -0.144054
-17.4 -0.146921
-17.3 -0.14984
-17.2 -0.152813
-17.1 -0.155839
-17 -0.158919
-16.9 -0.162055
-16.8 -0.165246
-16.7 -0.168495
-16.6 -0.171801
-16.5 -0.175166
-16.4 -0.178591
-16.3 -0.182075
-16.2 -0.18562
-16.1 -0.189228
-16 -0.192898
-15.9 -0.196631
-15.8 -0.200429
-15.7 -0.204292
-15.6 -0.208221
-15.5 -0.212216
-15.4 -0.21628
-15.3 -0.220412
-15.2 -0.224613
-15.1 -0.228884
-15 -0.233227
-14.9 -0.237641
-14.8 -0.242128
-14.7 -0.246688
-14.6 -0.251323
-14.5 -0.256033
-14.4 -0.260818
-14.3 -0.26568
-14.2 -0.27062
-14.1 -0.275637
-14 -0.280734
-13.9 -0.28591
-13.8 -0.291167
-13.7 -0.296505
-13.6 -0.301924
-13.5 -0.307426
-13.4 -0.313011
-13.3 -0.31868
-13.2 -0.324433
-13.1 -0.330271
-13 -0.336195
-12.9 -0.342204
-12.8 -0.3483
-12.7 -0.354483
-12.6 -0.360753
-12.5 -0.367209
-12.4 -0.372016
-12.3 -0.373759
-12.2 -0.372434
-12.1 -0.368087
-12 -0.360812
-11.9 -0.350752
-11.8 -0.338091
-11.7 -0.323056
-11.6 -0.305906
-11.5 -0.286934
-11.4 -0.266455
-11.3 -0.244806
-11.2 -0.222337
-11.1 -0.199405
-11 -0.176368
-10.9 -0.153582
-10.8 -0.13139
-10.7 -0.11012
-10.6 -0.0900799
-10.5 -0.0715501
-10.4 -0.0547817
-10.3 -0.039992
-10.2 -0.0273615
-10.1 -0.0170312
-10 -0.00910145
-9.9 -0.00363085
-9.8 -0.000635895
-9.7 -9.1597e-05
-9.6 -0.00193266
-9.5 -0.00605533
-9.4 -0.0123199
-9.3 -0.0205537
-9.2 -0.0305547
-9.1 -0.0420955
-9 -0.0549277
-8.9 -0.0687862
-8.8 -0.0833947
-8.7 -0.0984699
-8.6 -0.113727
-8.5 -0.128884
-8.4 -0.143667
-8.3 -0.157814
-8.2 -0.171081
-8.1 -0.183243
-8 -0.194098
-7.9 -0.203473
-7.8 -0.211222
-7.7 -0.217232
-7.6 -0.221419
-7.5 -0.223736
-7.4 -0.224165
-7.3 -0.222724
-7.2 -0.219459
-7.1 -0.214448
-7 -0.207798
-6.9 -0.199637
-6.8 -0.190121
-6.7 -0.17942
-6.6 -0.167723
-6.5 -0.155229
-6.4 -0.142148
-6.3 -0.128691
-6.2 -0.115072
-6.1 -0.101501
-6 -0.0881797
-5.9 -0.0753014
-5.8 -0.0630449
-5.7 -0.0515732
-5.6 -0.0410302
-5.5 -0.0315392
-5.4 -0.023201
-5.3 -0.0160928
-5.2 -0.0102675
-5.1 -0.00575339
-5 -0.00255449
-4.9 -0.000651071
-4.8 -7.84019e-07
-4.7 -0.00054015
-4.6 -0.00218637
-4.5 -0.00483947
-4.4 -0.0083847
-4.3 -0.0126952
-4.2 -0.0176347
-4.1 -0.0230604
-4 -0.0288261
-3.9 -0.0347849
-3.8 -0.0407921
-3.7 -0.0467078
-3.6 -0.0523999
-3.5 -0.0577458
-3.4 -0.0626349
-3.3 -0.0669705
-3.2 -0.0706707
-3.1 -0.0736699
-3 -0.0759198
-2.9 -0.077389
-2.8 -0.0780639
-2.7 -0.0779477
-2.6 -0.0770601
-2.5 -0.075436
-2.4 -0.0731246
-2.3 -0.0701874
-2.2 -0.0666966
-2.1 -0.0627332
-2 -0.0583849
-1.9 -0.0537436
-1.8 -0.0489036
-1.7 -0.0439589
-1.6 -0.0390015
-1.5 -0.034119
-1.4 -0.0293926
-1.3 -0.0248957
-1.2 -0.020692
-1.1 -0.0168345
-1 -0.0133641
-0.9 -0.0103095
-0.8 -0.00768608
-0.7 -0.00549635
-0.6 -0.00372986
-0.5 -0.00236381
-0.4 -0.00136385
-0.3 -0.000685149
-0.2 -0.000273696
-0.1 -6.78415e-05
-2.05669e-14 -4.62395e-18
0.1 1.50628e-06
0.2 1.05059e-05
0.3 0.000100985
0.4 0.000345089
0.5 0.000811156
0.6 0.00156184
0.7 0.00265237
0.8 0.00412894
0.9 0.00602734
1 0.0083718
1.1 0.0111741
1.2 0.0144331
1.3 0.0181341
1.4 0.0222494
1.5 0.0267379
1.6 0.0315466
1.7 0.0366109
1.8 0.0418559
1.9 0.0471983
2 0.0525478
2.1 0.057809
2.2 0.0628835
2.3 0.0676724
2.4 0.0720783
2.5 0.0760076
2.6 0.0793727
2.7 0.0820947
2.8 0.0841048
2.9 0.0853467
3 0.0857781
3.1 0.0853721
3.2 0.0841186
3.3 0.0820249
3.4 0.0791162
3.5 0.075436
3.6 0.0710454
3.7 0.0660229
3.8 0.0604633
3.9 0.0544763
4 0.0481847
4.1 0.0417225
4.2 0.0352329
4.3 0.028865
4.4 0.0227719
4.5 0.0171074
4.6 0.012023
4.7 0.00766501
4.8 0.00417137
4.9 0.00166895
5 0.000270589
5.1 7.25732e-05
5.2 0.00115224
5.3 0.00356594
5.4 0.00734735
5.5 0.0125061
5.6 0.0190269
5.7 0.026869
5.8 0.0359665
5.9 0.0462283
6 0.0575397
6.1 0.0697631
6.2 0.0827405
6.3 0.0962957
6.4 0.110237
6.5 0.124359
6.6 0.138449
6.7 0.152287
6.8 0.165653
6.9 0.178327
7 0.190097
7.1 0.200761
7.2 0.21013
7.3 0.218032
7.4 0.22432
7.5 0.228866
7.6 0.231574
7.7 0.232374
7.8 0.23123
7.9 0.228137
8 0.223125
8.1 0.216258
8.2 0.207631
8.3 0.197376
8.4 0.185653
8.5 0.172652
8.6 0.15859
8.7 0.143704
8.8 0.128256
8.9 0.112518
9 0.0967763
9.1 0.0813223
9.2 0.0664487
9.3 0.0524449
9.4 0.0395913
9.5 0.0281544
9.6 0.0183823
9.7 0.0104999
9.8 0.00470417
9.9 0.00116094
10 8.72086e-07
10.1 0.00131683
10.2 0.00516152
10.3 0.0115458
10.4 0.0204378
10.5 0.0317625
10.6 0.0454026
10.7 0.0611992
10.8 0.0789543
10.9 0.0984332
11 0.119368
11.1 0.14146
11.2 0.164389
11.3 0.187812
11.4 0.211373
11.5 0.234707
11.6 0.257447
11.7 0.279229
11.8 0.2997
11.9 0.318522
12 0.33538
12.1 0.349986
12.2 0.362086
12.3 0.371461
12.4 0.377938
12.5 0.381387
12.6 0.383252
12.7 0.385236
12.8 0.387331
12.9 0.389539
13 0.391862
13.1 0.394302
13.2 0.396863
13.3 0.399546
13.4 0.402355
13.5 0.405292
13.6 0.40836
13.7 0.411563
13.8 0.414902
13.9 0.418382
14 0.422005
14.1 0.425775
14.2 0.429696
14.3 0.43377
14.4 0.438002
14.5 0.442395
14.6 0.444992
14.7 0.443941
14.8 0.439251
14.9 0.430975
15 0.419225
15.1 0.404175
15.2 0.386054
15.3 0.365146
15.4 0.341783
15.5 0.316344
15.6 0.289247
15.7 0.260943
15.8 0.231906
15.9 0.202633
16 0.173626
16.1 0.145392
16.2 0.118432
16.3 0.0932287
16.4 0.0702455
16.5 0.0499126
16.6 0.0326218
16.7 0.0187199
16.8 0.00850133
16.9 0.00220342
17 1.48255e-06
17.1 0.00200526
17.2 0.0082563
17.3 0.0187265
17.4 0.0333179
17.5 0.0518633
17.6 0.0741283
17.7 0.0998146
17.8 0.128564
17.9 0.159964
18 0.193553
18.1 0.228829
18.2 0.265256
18.3 0.302275
18.4 0.339308
18.5 0.375773
18.6 0.41109
18.7 0.444691
18.8 0.476033
18.9 0.504601
19 0.529923
19.1 0.551572
19.2 0.569182
19.3 0.582444
19.4 0.591123
19.5 0.595052
19.6 0.594144
19.7 0.588389
19.8 0.577856
19.9 0.562696
20 0.543135
20.1 0.519474
20.2 0.492086
20.3 0.461407
20.4 0.427932
20.5 0.392209
20.6 0.354824
20.7 0.3164
20.8 0.277581
20.9 0.239024
21 0.201389
21.1 0.165325
21.2 0.131464
21.3 0.100405
21.4 0.0727098
21.5 0.0488874
21.6 0.0293894
21.7 0.0146002
21.8 0.00483054
21.9 0.000311638
22 0.00119059
22.1 0.00752729
22.2 0.0192926
22.3 0.036368
22.4 0.058547
22.5 0.0855372
22.6 0.116965
22.7 0.15238
22.8 0.191264
22.9 0.233036
23 0.277062
23.1 0.322667
23.2 0.369145
23.3 0.415766
23.4 0.461795
23.5 0.506499
23.6 0.54916
23.7 0.589088
23.8 0.625632
23.9 0.658191
24 0.686224
24.1 0.70926
24.2 0.726906
24.3 0.738852
24.4 0.744882
24.5 0.744874
24.6 0.738803
24.7 0.726743
24.8 0.708868
24.9 0.685449
25 0.656848
25.1 0.623515
25.2 0.585983
25.3 0.544856
25.4 0.500803
25.5 0.454545
25.6 0.406846
25.7 0.358498
25.8 0.310312
25.9 0.2631
26 0.217667
26.1 0.174793
26.2 0.135223
26.3 0.0996534
26.4 0.0687211
26.5 0.0429913
26.6 0.0229484
26.7 0.0089877
26.8 0.0014078
26.9 0.00040519
27 0.00607027
27.1 0.018385
27.2 0.0372226
27.3 0.0623485
27.4 0.0934237
27.5 0.130009
27.6 0.171573
27.7 0.217498
27.8 0.267091
27.9 0.319594
28 0.374195
28.1 0.430044
28.2 0.486262
28.3 0.54196
28.4 0.59625
28.5 0.64826
28.6 0.697152
28.7 0.74213
28.8 0.782457
28.9 0.817469
29 0.846581
29.1 0.869304
29.2 0.885246
29.3 0.894126
29.4 0.895777
29.5 0.890145
29.6 0.877299
29.7 0.857425
29.8 0.830823
29.9 0.797908
30 0.759198
30.1 0.715311
30.2 0.666954
30.3 0.614911
30.4 0.56003
30.5 0.503213
30.6 0.445399
30.7 0.387549
30.8 0.330631
30.9 0.275604
31 0.223403
31.1 0.174922
31.2 0.131
31.3 0.0924091
31.4 0.0598363
31.5 0.0338763
31.6 0.0150194
31.7 0.00364314
31.8 5.19413e-06
31.9 0.0042386
32 0.0163488
32.1 0.0362125
32.2 0.0635794
32.3 0.098075
32.4 0.139206
32.5 0.186368
32.6 0.238854
32.7 0.295867
32.8 0.35653
32.9 0.419901
33 0.484989
33.1 0.550767
33.2 0.616194
33.3 0.680226
33.4 0.741835
33.5 0.800028
33.6 0.853861
33.7 0.902455
33.8 0.945012
33.9 0.980827
34 1.0093
34.1 1.02996
34.2 1.04243
34.3 1.0465
34.4 1.04206
34.5 1.02918
34.6 1.00804
34.7 0.978952
34.8 0.942376
34.9 0.898886
35 0.849179
35.1 0.794052
35.2 0.734398
35.3 0.671187
35.4 0.605454
35.5 0.53828
35.6 0.470777
35.7 0.404066
35.8 0.339265
35.9 0.277463
36 0.219711
36.1 0.166994
36.2 0.120226
36.3 0.0802257
36.4 0.0477068
36.5 0.0232652
36.6 0.00736826
36.7 0.000346558
36.8 0.00238785
36.9 0.0135332
37 0.0336754
37.1 0.06256
37.2 0.0997889
37.3 0.144826
37.4 0.197003
37.5 0.255536
37.6 0.319529
37.7 0.387994
37.8 0.459865
37.9 0.534015
38 0.609272
38.1 0.684444
38.2 0.758328
38.3 0.829742
38.4 0.897534
38.5 0.960605
38.6 1.01793
38.7 1.06857
38.8 1.11169
38.9 1.14658
39 1.17264
39.1 1.18944
39.2 1.19667
39.3 1.19421
39.4 1.18205
39.5 1.16007
39.6 1.13379
39.7 1.10811
39.8 1.08299
39.9 1.05844
40 1.03444
40.1 1.01098
40.2 0.988046
40.3 0.965625
40.4 0.943706
40.5 0.922279
40.6 0.901333
40.7 0.880857
40.8 0.860842
40.9 0.841276
41 0.82215
41.1 0.803454
41.2 0.785178
41.3 0.767314
41.4 0.749852
41.5 0.732783
41.6 0.716098
41.7 0.699789
41.8 0.683848
41.9 0.668266
42 0.653035
42.1 0.638148
42.2 0.623596
42.3 0.609373
42.4 0.595471
42.5 0.581883
42.6 0.568602
42.7 0.555621
42.8 0.542934
42.9 0.530533
43 0.518412
43.1 0.506566
43.2 0.494988
43.3 0.483672
43.4 0.472612
43.5 0.461802
43.6 0.451238
43.7 0.440912
43.8 0.430821
43.9 0.420959
44 0.41132
44.1 0.401899
44.2 0.392693
44.3 0.383695
44.4 0.374902
