-17.5 -0.000143834
-17.4 -0.000161671
-17.3 -0.000181714
-17.2 -0.000204235
-17.1 -0.000229539
-17 -0.00025797
-16.9 -0.000289911
-16.8 -0.000325797
-16.7 -0.000366112
-16.6 -0.0004114
-16.5 -0.000462274
-16.4 -0.000519419
-16.3 -0.000583608
-16.2 -0.000655704
-16.1 -0.000736678
-16 -0.00082762
-15.9 -0.000929752
-15.8 -0.00104445
-15.7 -0.00117324
-15.6 -0.00131787
-15.5 -0.00148026
-15.4 -0.00166259
-15.3 -0.00186731
-15.2 -0.00209714
-15.1 -0.00235516
-15 -0.0026448
-14.9 -0.00296994
-14.8 -0.0033349
-14.7 -0.00374453
-14.6 -0.00420428
-14.5 -0.00472026
-14.4 -0.00529931
-14.3 -0.00594911
-14.2 -0.00667827
-14.1 -0.00749641
-14 -0.00841437
-13.9 -0.00944425
-13.8 -0.0105996
-13.7 -0.0118957
-13.6 -0.0133496
-13.5 -0.0149804
-13.4 -0.0168094
-13.3 -0.0188608
-13.2 -0.0211612
-13.1 -0.0237409
-13 -0.0266335
-12.9 -0.0298768
-12.8 -0.033513
-12.7 -0.0375895
-12.6 -0.0421592
-12.5 -0.0475513
-12.4 -0.053045
-12.3 -0.0587346
-12.2 -0.0646018
-12.1 -0.0706281
-12 -0.0767951
-11.9 -0.0830843
-11.8 -0.0894769
-11.7 -0.0959546
-11.6 -0.102499
-11.5 -0.109091
-11.4 -0.115713
-11.3 -0.122347
-11.2 -0.128975
-11.1 -0.13558
-11 -0.142144
-10.9 -0.14865
-10.8 -0.155082
-10.7 -0.161424
-10.6 -0.167659
-10.5 -0.173774
-10.4 -0.179752
-10.3 -0.18558
-10.2 -0.191244
-10.1 -0.196731
-10 -0.202028
-9.9 -0.207124
-9.8 -0.212007
-9.7 -0.216666
-9.6 -0.221093
-9.5 -0.225276
-9.4 -0.229209
-9.3 -0.232882
-9.2 -0.23629
-9.1 -0.239425
-9 -0.242282
-8.9 -0.244856
-8.8 -0.247143
-8.7 -0.249139
-8.6 -0.250842
-8.5 -0.252249
-8.4 -0.25336
-8.3 -0.254175
-8.2 -0.254692
-8.1 -0.254914
-8 -0.254842
-7.9 -0.254479
-7.8 -0.253826
-7.7 -0.252889
-7.6 -0.251671
-7.5 -0.250177
-7.4 -0.248413
-7.3 -0.246385
-7.2 -0.2441
-7.1 -0.241565
-7 -0.238787
-6.9 -0.235775
-6.8 -0.232538
-6.7 -0.229084
-6.6 -0.225423
-6.5 -0.221566
-6.4 -0.217521
-6.3 -0.213301
-6.2 -0.208915
-6.1 -0.204375
-6 -0.199692
-5.9 -0.194877
-5.8 -0.189943
-5.7 -0.1849
-5.6 -0.179761
-5.5 -0.174538
-5.4 -0.169242
-5.3 -0.163886
-5.2 -0.158481
-5.1 -0.15304
-5 -0.147573
-4.9 -0.142093
-4.8 -0.136611
-4.7 -0.131138
-4.6 -0.125686
-4.5 -0.120264
-4.4 -0.114884
-4.3 -0.109555
-4.2 -0.104288
-4.1 -0.0990923
-4 -0.0939767
-3.9 -0.08895
-3.8 -0.0840206
-3.7 -0.0791965
-3.6 -0.0744851
-3.5 -0.0698933
-3.4 -0.0654277
-3.3 -0.0610943
-3.2 -0.0568985
-3.1 -0.0528454
-3 -0.0489394
-2.9 -0.0451843
-2.8 -0.0415835
-2.7 -0.0381398
-2.6 -0.0348554
-2.5 -0.031732
-2.4 -0.0287708
-2.3 -0.0259722
-2.2 -0.0233362
-2.1 -0.0208624
-2 -0.0185495
-1.9 -0.016396
-1.8 -0.0143996
-1.7 -0.0125577
-1.6 -0.0108669
-1.5 -0.00932371
-1.4 -0.00792377
-1.3 -0.00666242
-1.2 -0.00553453
-1.1 -0.00453452
-1 -0.00365638
-0.9 -0.00289372
-0.8 -0.00223975
-0.7 -0.00168734
-0.6 -0.00122901
-0.5 -0.000856973
-0.4 -0.000563157
-0.3 -0.000339226
-0.2 -0.000176607
-0.1 -6.65203e-05
-2.05669e-14 -9.8238e-18
0.1 3.20728e-05
0.2 3.89443e-05
0.3 2.99593e-05
0.4 1.45326e-05
0.5 2.12004e-06
0.6 2.18938e-06
0.7 2.41915e-05
0.8 7.75314e-05
0.9 0.000171539
1 0.00031544
1.1 0.00051833
1.2 0.000789141
1.3 0.00113662
1.4 0.00156929
1.5 0.00209545
1.6 0.00272312
1.7 0.00346001
1.8 0.00431353
1.9 0.00529076
2 0.00639837
2.1 0.00764269
2.2 0.00902962
2.3 0.0105646
2.4 0.0122527
2.5 0.0140984
2.6 0.0161059
2.7 0.0182787
2.8 0.0206198
2.9 0.0231318
3 0.0258166
3.1 0.0286758
3.2 0.0317103
3.3 0.0349203
3.4 0.0383056
3.5 0.0418654
3.6 0.0455984
3.7 0.0495025
3.8 0.0535752
3.9 0.0578134
4 0.0622134
4.1 0.066771
4.2 0.0714814
4.3 0.0763391
4.4 0.0813383
4.5 0.0864725
4.6 0.0917349
4.7 0.0971178
4.8 0.102613
4.9 0.108213
5 0.113909
5.1 0.11969
5.2 0.125548
5.3 0.131472
5.4 0.137451
5.5 0.143476
5.6 0.149534
5.7 0.155615
5.8 0.161706
5.9 0.167796
6 0.173873
6.1 0.179924
6.2 0.185936
6.3 0.191898
6.4 0.197796
6.5 0.203618
6.6 0.209351
6.7 0.214983
6.8 0.2205
6.9 0.22589
7 0.23114
7.1 0.236239
7.2 0.241173
7.3 0.245932
7.4 0.250503
7.5 0.254875
7.6 0.259037
7.7 0.262979
7.8 0.266688
7.9 0.270157
8 0.273375
8.1 0.276333
8.2 0.279022
8.3 0.281435
8.4 0.283564
8.5 0.285402
8.6 0.286943
8.7 0.288181
8.8 0.28911
8.9 0.289727
9 0.290028
9.1 0.29001
9.2 0.28967
9.3 0.289006
9.4 0.288019
9.5 0.286707
9.6 0.285072
9.7 0.283115
9.8 0.280838
9.9 0.278244
10 0.275337
10.1 0.272122
10.2 0.268603
10.3 0.264787
10.4 0.260681
10.5 0.256293
10.6 0.25163
10.7 0.246702
10.8 0.24152
10.9 0.236093
11 0.230433
11.1 0.224552
11.2 0.218462
11.3 0.212178
11.4 0.205713
11.5 0.199081
11.6 0.192298
11.7 0.185379
11.8 0.178342
11.9 0.171201
12 0.163975
12.1 0.156681
12.2 0.149338
12.3 0.141963
12.4 0.134575
12.5 0.127193
12.6 0.119854
12.7 0.11392
12.8 0.108921
12.9 0.104792
13 0.101479
13.1 0.0989408
13.2 0.0971458
13.3 0.0960734
13.4 0.0957135
13.5 0.0960661
13.6 0.097142
13.7 0.0989628
13.8 0.101561
13.9 0.104983
14 0.109285
14.1 0.11454
14.2 0.120835
14.3 0.128273
14.4 0.136976
14.5 0.147088
14.6 0.158451
14.7 0.169663
14.8 0.181164
14.9 0.192938
15 0.204969
15.1 0.217238
15.2 0.229728
15.3 0.242419
15.4 0.255292
15.5 0.268327
15.6 0.281502
15.7 0.294796
15.8 0.308188
15.9 0.321655
16 0.335175
16.1 0.348724
16.2 0.36228
16.3 0.375818
16.4 0.389314
16.5 0.402746
16.6 0.416087
16.7 0.429315
16.8 0.442405
16.9 0.455332
17 0.468073
17.1 0.480604
17.2 0.492899
17.3 0.504937
17.4 0.516693
17.5 0.528145
17.6 0.539269
17.7 0.550044
17.8 0.560448
17.9 0.570458
18 0.580056
18.1 0.589221
18.2 0.597932
18.3 0.606173
18.4 0.613924
18.5 0.62117
18.6 0.627892
18.7 0.634077
18.8 0.63971
18.9 0.644776
19 0.649265
19.1 0.653164
19.2 0.656464
19.3 0.659154
19.4 0.661227
19.5 0.662676
19.6 0.663495
19.7 0.66368
19.8 0.663227
19.9 0.662134
20 0.6604
20.1 0.658026
20.2 0.655013
20.3 0.651365
20.4 0.647086
20.5 0.642181
20.6 0.636657
20.7 0.630522
20.8 0.623786
20.9 0.61646
21 0.608555
21.1 0.600085
21.2 0.591064
21.3 0.581508
21.4 0.571434
21.5 0.56086
21.6 0.549805
21.7 0.538289
21.8 0.526334
21.9 0.513963
22 0.501198
22.1 0.488064
22.2 0.474587
22.3 0.460793
22.4 0.446709
22.5 0.432363
22.6 0.417783
22.7 0.402999
22.8 0.388042
22.9 0.372941
23 0.357727
23.1 0.342433
23.2 0.327091
23.3 0.311732
23.4 0.296389
23.5 0.281096
23.6 0.265886
23.7 0.250791
23.8 0.235845
23.9 0.221081
24 0.206533
24.1 0.192233
24.2 0.178214
24.3 0.164508
24.4 0.151148
24.5 0.138165
24.6 0.12559
24.7 0.113455
24.8 0.101788
24.9 0.0906205
25 0.0799797
25.1 0.0698937
25.2 0.0603895
25.3 0.0514931
25.4 0.0432295
25.5 0.0356227
25.6 0.0286957
25.7 0.0224701
25.8 0.0169665
25.9 0.0122043
26 0.00820145
26.1 0.00497463
26.2 0.00253915
26.3 0.00090891
26.4 9.63326e-05
26.5 0.000112362
26.6 0.000966421
26.7 0.00266638
26.8 0.00521853
26.9 0.00862758
27 0.0128966
27.1 0.018027
27.2 0.0240186
27.3 0.0308695
27.4 0.0385762
27.5 0.0471335
27.6 0.0565345
27.7 0.0667705
27.8 0.0778314
27.9 0.0897053
28 0.102379
28.1 0.115836
28.2 0.130061
28.3 0.145036
28.4 0.160739
28.5 0.17715
28.6 0.194246
28.7 0.212003
28.8 0.230393
28.9 0.249391
29 0.268968
29.1 0.289093
29.2 0.309735
29.3 0.330863
29.4 0.352442
29.5 0.374438
29.6 0.396815
29.7 0.419538
29.8 0.442567
29.9 0.465865
30 0.489394
30.1 0.513112
30.2 0.53698
30.3 0.560957
30.4 0.585001
30.5 0.60907
30.6 0.633123
30.7 0.657117
30.8 0.681009
30.9 0.704758
31 0.728319
31.1 0.751652
31.2 0.774713
31.3 0.79746
31.4 0.819852
31.5 0.841847
31.6 0.863405
31.7 0.884486
31.8 0.905049
31.9 0.925056
32 0.944469
32.1 0.963251
32.2 0.981365
32.3 0.998777
32.4 1.01545
32.5 1.03136
32.6 1.04647
32.7 1.06074
32.8 1.07416
32.9 1.08669
33 1.0983
33.1 1.10899
33.2 1.11871
33.3 1.12745
33.4 1.13519
33.5 1.14192
33.6 1.14761
33.7 1.15226
33.8 1.15585
33.9 1.15837
34 1.15982
34.1 1.16019
34.2 1.15948
34.3 1.15767
34.4 1.15479
34.5 1.15081
34.6 1.14576
34.7 1.13964
34.8 1.13246
34.9 1.12422
35 1.11494
35.1 1.10463
35.2 1.09331
35.3 1.08101
35.4 1.06773
35.5 1.05351
35.6 1.03837
35.7 1.02233
35.8 1.00542
35.9 0.987677
36 0.969128
36.1 0.949807
36.2 0.929749
36.3 0.908993
36.4 0.887575
36.5 0.865535
36.6 0.842916
36.7 0.819758
36.8 0.796107
36.9 0.772007
37 0.747504
37.1 0.722645
37.2 0.697478
37.3 0.672052
37.4 0.646416
37.5 0.620621
37.6 0.594717
37.7 0.568755
37.8 0.542787
37.9 0.516866
38 0.491042
38.1 0.465369
38.2 0.439898
38.3 0.414681
38.4 0.389771
38.5 0.365218
38.6 0.341073
38.7 0.317388
38.8 0.294212
38.9 0.271595
39 0.249584
39.1 0.228228
39.2 0.207573
39.3 0.187664
39.4 0.168546
39.5 0.149409
39.6 0.1325
39.7 0.117504
39.8 0.104204
39.9 0.0924096
40 0.0819492
40.1 0.0726725
40.2 0.0644455
40.3 0.0571495
40.4 0.0506792
40.5 0.0449412
40.6 0.0398526
40.7 0.0353399
40.8 0.0313381
40.9 0.0277892
41 0.0246421
41.1 0.0218512
41.2 0.0193764
41.3 0.0171817
41.4 0.0152355
41.5 0.0135097
41.6 0.0119793
41.7 0.0106222
41.8 0.00941883
41.9 0.00835171
42 0.00740545
42.1 0.00656637
42.2 0.00582232
42.3 0.00516256
42.4 0.00457753
42.5 0.00405878
42.6 0.00359879
42.7 0.00319092
42.8 0.00282926
42.9 0.00250858
43 0.00222423
43.1 0.0019721
43.2 0.00174854
43.3 0.00155032
43.4 0.00137456
43.5 0.00121872
43.6 0.00108054
43.7 0.000958028
43.8 0.000849399
43.9 0.000753084
44 0.000667686
44.1 0.000591969
44.2 0.000524836
44.3 0.000465314
44.4 0.00041254
