-17.5 9.58422e-06
-17.4 1.01903e-05
-17.3 1.08347e-05
-17.2 1.15198e-05
-17.1 1.22483e-05
-17 1.30228e-05
-16.9 1.38463e-05
-16.8 1.47219e-05
-16.7 1.56529e-05
-16.6 1.66427e-05
-16.5 1.76951e-05
-16.4 1.8814e-05
-16.3 2.00038e-05
-16.2 2.12687e-05
-16.1 2.26137e-05
-16 2.40437e-05
-15.9 2.55641e-05
-15.8 2.71806e-05
-15.7 2.88994e-05
-15.6 3.07269e-05
-15.5 3.26699e-05
-15.4 3.47358e-05
-15.3 3.69324e-05
-15.2 3.92678e-05
-15.1 4.1751e-05
-15 4.43911e-05
-14.9 4.71982e-05
-14.8 5.01828e-05
-14.7 5.33562e-05
-14.6 5.67302e-05
-14.5 6.03176e-05
-14.4 6.41318e-05
-14.3 6.81872e-05
-14.2 7.24991e-05
-14.1 7.70836e-05
-14 8.19581e-05
-13.9 8.71408e-05
-13.8 9.26512e-05
-13.7 9.851e-05
-13.6 0.000104739
-13.5 0.000111363
-13.4 0.000118405
-13.3 0.000125892
-13.2 0.000133853
-13.1 0.000142317
-13 0.000151317
-12.9 0.000160886
-12.8 0.000171059
-12.7 0.000181876
-12.6 0.000193377
-12.5 0.000206192
-12.4 0.000218653
-12.3 0.000231015
-12.2 0.000243269
-12.1 0.000255412
-12 0.000267437
-11.9 0.000279339
-11.8 0.000291112
-11.7 0.000302751
-11.6 0.00031425
-11.5 0.000325605
-11.4 0.000336809
-11.3 0.000347859
-11.2 0.000358748
-11.1 0.000369472
-11 0.000380026
-10.9 0.000390404
-10.8 0.000400603
-10.7 0.000410617
-10.6 0.000420442
-10.5 0.000430073
-10.4 0.000439506
-10.3 0.000448737
-10.2 0.000457761
-10.1 0.000466574
-10 0.000475172
-9.9 0.000483551
-9.8 0.000491708
-9.7 0.000499637
-9.6 0.000507337
-9.5 0.000514803
-9.4 0.000522032
-9.3 0.00052902
-9.2 0.000535764
-9.1 0.000542262
-9 0.00054851
-8.9 0.000554505
-8.8 0.000560244
-8.7 0.000565726
-8.6 0.000570947
-8.5 0.000575905
-8.4 0.000580597
-8.3 0.000585022
-8.2 0.000589177
-8.1 0.000593061
-8 0.000596672
-7.9 0.000600008
-7.8 0.000603068
-7.7 0.000605849
-7.6 0.000608352
-7.5 0.000610574
-7.4 0.000612515
-7.3 0.000614173
-7.2 0.000615549
-7.1 0.000616641
-7 0.000617449
-6.9 0.000617973
-6.8 0.000618212
-6.7 0.000618166
-6.6 0.000617835
-6.5 0.00061722
-6.4 0.00061632
-6.3 0.000615136
-6.2 0.000613669
-6.1 0.000611919
-6 0.000609887
-5.9 0.000607574
-5.8 0.000604982
-5.7 0.00060211
-5.6 0.000598962
-5.5 0.000595537
-5.4 0.000591838
-5.3 0.000587866
-5.2 0.000583623
-5.1 0.000579112
-5 0.000574333
-4.9 0.00056929
-4.8 0.000563985
-4.7 0.00055842
-4.6 0.000552597
-4.5 0.00054652
-4.4 0.000540192
-4.3 0.000533614
-4.2 0.000526791
-4.1 0.000519724
-4 0.000512419
-3.9 0.000504877
-3.8 0.000497103
-3.7 0.000489099
-3.6 0.000480871
-3.5 0.000472421
-3.4 0.000463753
-3.3 0.000454871
-3.2 0.00044578
-3.1 0.000436484
-3 0.000426986
-2.9 0.000417292
-2.8 0.000407405
-2.7 0.000397331
-2.6 0.000387074
-2.5 0.000376638
-2.4 0.000366029
-2.3 0.000355251
-2.2 0.000344309
-2.1 0.000333209
-2 0.000321956
-1.9 0.000310554
-1.8 0.000299009
-1.7 0.000287326
-1.6 0.000275511
-1.5 0.000263569
-1.4 0.000251505
-1.3 0.000239326
-1.2 0.000227036
-1.1 0.000214642
-1 0.000202149
-0.9 0.000189562
-0.8 0.000176889
-0.7 0.000164134
-0.6 0.000151303
-0.5 0.000138402
-0.4 0.000125438
-0.3 0.000112416
-0.2 9.93424e-05
-0.1 8.62228e-05
-2.05669e-14 7.30635e-05
0.1 5.98706e-05
0.2 4.665e-05
0.3 3.3408e-05
0.4 2.01506e-05
0.5 6.88387e-06
0.6 -6.38601e-06
0.7 -1.96529e-05
0.8 -3.29108e-05
0.9 -4.61535e-05
1 -5.9375e-05
1.1 -7.25691e-05
1.2 -8.57298e-05
1.3 -9.88509e-05
1.4 -0.000111927
1.5 -0.000124951
1.6 -0.000137917
1.7 -0.00015082
1.8 -0.000163654
1.9 -0.000176412
2 -0.000189088
2.1 -0.000201678
2.2 -0.000214175
2.3 -0.000226573
2.4 -0.000238867
2.5 -0.00025105
2.6 -0.000263118
2.7 -0.000275065
2.8 -0.000286885
2.9 -0.000298573
3 -0.000310123
3.1 -0.000321531
3.2 -0.00033279
3.3 -0.000343896
3.4 -0.000354843
3.5 -0.000365627
3.6 -0.000376243
3.7 -0.000386685
3.8 -0.000396949
3.9 -0.000407031
4 -0.000416924
4.1 -0.000426626
4.2 -0.000436131
4.3 -0.000445435
4.4 -0.000454534
4.5 -0.000463423
4.6 -0.000472099
4.7 -0.000480558
4.8 -0.000488795
4.9 -0.000496807
5 -0.00050459
5.1 -0.00051214
5.2 -0.000519455
5.3 -0.00052653
5.4 -0.000533363
5.5 -0.000539949
5.6 -0.000546288
5.7 -0.000552374
5.8 -0.000558206
5.9 -0.000563781
6 -0.000569096
6.1 -0.000574149
6.2 -0.000578937
6.3 -0.000583459
6.4 -0.000587711
6.5 -0.000591693
6.6 -0.000595403
6.7 -0.000598838
6.8 -0.000601997
6.9 -0.000604879
7 -0.000607482
7.1 -0.000609806
7.2 -0.000611848
7.3 -0.000613608
7.4 -0.000615086
7.5 -0.00061628
7.6 -0.000617191
7.7 -0.000617817
7.8 -0.000618158
7.9 -0.000618215
8 -0.000617987
8.1 -0.000617474
8.2 -0.000616677
8.3 -0.000615595
8.4 -0.00061423
8.5 -0.000612582
8.6 -0.000610652
8.7 -0.00060844
8.8 -0.000605948
8.9 -0.000603177
9 -0.000600128
9.1 -0.000596802
9.2 -0.000593202
9.3 -0.000589328
9.4 -0.000585183
9.5 -0.000580768
9.6 -0.000576085
9.7 -0.000571138
9.8 -0.000565926
9.9 -0.000560455
10 -0.000554725
10.1 -0.000548739
10.2 -0.000542501
10.3 -0.000536013
10.4 -0.000529277
10.5 -0.000522298
10.6 -0.000515078
10.7 -0.000507621
10.8 -0.00049993
10.9 -0.000492009
11 -0.000483861
11.1 -0.00047549
11.2 -0.000466901
11.3 -0.000458096
11.4 -0.000449079
11.5 -0.000439856
11.6 -0.000430431
11.7 -0.000420807
11.8 -0.000410989
11.9 -0.000400982
12 -0.00039079
12.1 -0.000380418
12.2 -0.000369871
12.3 -0.000359153
12.4 -0.00034827
12.5 -0.000337227
12.6 -0.000326052
12.7 -0.000316624
12.8 -0.000308387
12.9 -0.000301311
13 -0.000295367
13.1 -0.000290534
13.2 -0.000286794
13.3 -0.000284132
13.4 -0.00028254
13.5 -0.000282009
13.6 -0.00028254
13.7 -0.000284132
13.8 -0.000286794
13.9 -0.000290534
14 -0.000295367
14.1 -0.000301311
14.2 -0.000308387
14.3 -0.000316624
14.4 -0.000326052
14.5 -0.000336705
14.6 -0.00034827
14.7 -0.000359153
14.8 -0.000369871
14.9 -0.000380418
15 -0.00039079
15.1 -0.000400982
15.2 -0.000410989
15.3 -0.000420807
15.4 -0.000430431
15.5 -0.000439856
15.6 -0.000449079
15.7 -0.000458096
15.8 -0.000466901
15.9 -0.00047549
16 -0.000483861
16.1 -0.000492009
16.2 -0.00049993
16.3 -0.000507621
16.4 -0.000515078
16.5 -0.000522298
16.6 -0.000529277
16.7 -0.000536013
16.8 -0.000542501
16.9 -0.000548739
17 -0.000554725
17.1 -0.000560455
17.2 -0.000565926
17.3 -0.000571138
17.4 -0.000576085
17.5 -0.000580768
17.6 -0.000585183
17.7 -0.000589328
17.8 -0.000593202
17.9 -0.000596802
18 -0.000600128
18.1 -0.000603177
18.2 -0.000605948
18.3 -0.00060844
18.4 -0.000610652
18.5 -0.000612582
18.6 -0.00061423
18.7 -0.000615595
18.8 -0.000616677
18.9 -0.000617474
19 -0.000617987
19.1 -0.000618215
19.2 -0.000618158
19.3 -0.000617817
19.4 -0.000617191
19.5 -0.00061628
19.6 -0.000615086
19.7 -0.000613608
19.8 -0.000611848
19.9 -0.000609806
20 -0.000607482
20.1 -0.000604879
20.2 -0.000601997
20.3 -0.000598838
20.4 -0.000595403
20.5 -0.000591693
20.6 -0.000587711
20.7 -0.000583459
20.8 -0.000578937
20.9 -0.000574149
21 -0.000569096
21.1 -0.000563781
21.2 -0.000558206
21.3 -0.000552374
21.4 -0.000546288
21.5 -0.000539949
21.6 -0.000533363
21.7 -0.00052653
21.8 -0.000519455
21.9 -0.00051214
22 -0.00050459
22.1 -0.000496807
22.2 -0.000488795
22.3 -0.000480558
22.4 -0.000472099
22.5 -0.000463423
22.6 -0.000454534
22.7 -0.000445435
22.8 -0.000436131
22.9 -0.000426626
23 -0.000416924
23.1 -0.000407031
23.2 -0.000396949
23.3 -0.000386685
23.4 -0.000376243
23.5 -0.000365627
23.6 -0.000354843
23.7 -0.000343896
23.8 -0.00033279
23.9 -0.000321531
24 -0.000310123
24.1 -0.000298573
24.2 -0.000286885
24.3 -0.000275065
24.4 -0.000263118
24.5 -0.00025105
24.6 -0.000238867
24.7 -0.000226573
24.8 -0.000214175
24.9 -0.000201678
25 -0.000189088
25.1 -0.000176412
25.2 -0.000163654
25.3 -0.00015082
25.4 -0.000137917
25.5 -0.000124951
25.6 -0.000111927
25.7 -9.88509e-05
25.8 -8.57298e-05
25.9 -7.25691e-05
26 -5.9375e-05
26.1 -4.61535e-05
26.2 -3.29108e-05
26.3 -1.96529e-05
26.4 -6.38601e-06
26.5 6.88387e-06
26.6 2.01506e-05
26.7 3.3408e-05
26.8 4.665e-05
26.9 5.98706e-05
27 7.30635e-05
27.1 8.62228e-05
27.2 9.93424e-05
27.3 0.000112416
27.4 0.000125438
27.5 0.000138402
27.6 0.000151303
27.7 0.000164134
27.8 0.000176889
27.9 0.000189562
28 0.000202149
28.1 0.000214642
28.2 0.000227036
28.3 0.000239326
28.4 0.000251505
28.5 0.000263569
28.6 0.000275511
28.7 0.000287326
28.8 0.000299009
28.9 0.000310554
29 0.000321956
29.1 0.000333209
29.2 0.000344309
29.3 0.000355251
29.4 0.000366029
29.5 0.000376638
29.6 0.000387074
29.7 0.000397331
29.8 0.000407405
29.9 0.000417292
30 0.000426986
30.1 0.000436484
30.2 0.00044578
30.3 0.000454871
30.4 0.000463753
30.5 0.000472421
30.6 0.000480871
30.7 0.000489099
30.8 0.000497103
30.9 0.000504877
31 0.000512419
31.1 0.000519724
31.2 0.000526791
31.3 0.000533614
31.4 0.000540192
31.5 0.00054652
31.6 0.000552597
31.7 0.00055842
31.8 0.000563985
31.9 0.00056929
32 0.000574333
32.1 0.000579112
32.2 0.000583623
32.3 0.000587866
32.4 0.000591838
32.5 0.000595537
32.6 0.000598962
32.7 0.00060211
32.8 0.000604982
32.9 0.000607574
33 0.000609887
33.1 0.000611919
33.2 0.000613669
33.3 0.000615136
33.4 0.00061632
33.5 0.00061722
33.6 0.000617835
33.7 0.000618166
33.8 0.000618212
33.9 0.000617973
34 0.000617449
34.1 0.000616641
34.2 0.000615549
34.3 0.000614173
34.4 0.000612515
34.5 0.000610574
34.6 0.000608352
34.7 0.000605849
34.8 0.000603068
34.9 0.000600008
35 0.000596672
35.1 0.000593061
35.2 0.000589177
35.3 0.000585022
35.4 0.000580597
35.5 0.000575905
35.6 0.000570947
35.7 0.000565726
35.8 0.000560244
35.9 0.000554505
36 0.00054851
36.1 0.000542262
36.2 0.000535764
36.3 0.00052902
36.4 0.000522032
36.5 0.000514803
36.6 0.000507337
36.7 0.000499637
36.8 0.000491708
36.9 0.000483551
37 0.000475172
37.1 0.000466574
37.2 0.000457761
37.3 0.000448737
37.4 0.000439506
37.5 0.000430073
37.6 0.000420442
37.7 0.000410617
37.8 0.000400603
37.9 0.000390404
38 0.000380026
38.1 0.000369472
38.2 0.000358748
38.3 0.000347859
38.4 0.000336809
38.5 0.000325605
38.6 0.00031425
38.7 0.000302751
38.8 0.000291112
38.9 0.000279339
39 0.000267437
39.1 0.000255412
39.2 0.000243269
39.3 0.000231015
39.4 0.000218653
39.5 0.000205606
39.6 0.000193377
39.7 0.000181876
39.8 0.000171059
39.9 0.000160886
40 0.000151317
40.1 0.000142317
40.2 0.000133853
40.3 0.000125892
40.4 0.000118405
40.5 0.000111363
40.6 0.000104739
40.7 9.851e-05
40.8 9.26512e-05
40.9 8.71408e-05
41 8.19581e-05
41.1 7.70836e-05
41.2 7.24991e-05
41.3 6.81872e-05
41.4 6.41318e-05
41.5 6.03176e-05
41.6 5.67302e-05
41.7 5.33562e-05
41.8 5.01828e-05
41.9 4.71982e-05
42 4.43911e-05
42.1 4.1751e-05
42.2 3.92678e-05
42.3 3.69324e-05
42.4 3.47358e-05
42.5 3.26699e-05
42.6 3.07269e-05
42.7 2.88994e-05
42.8 2.71806e-05
42.9 2.55641e-05
43 2.40437e-05
43.1 2.26137e-05
43.2 2.12687e-05
43.3 2.00038e-05
43.4 1.8814e-05
43.5 1.76951e-05
43.6 1.66427e-05
43.7 1.56529e-05
43.8 1.47219e-05
43.9 1.38463e-05
44 1.30228e-05
44.1 1.22483e-05
44.2 1.15198e-05
44.3 1.08347e-05
44.4 1.01903e-05
