-17.5 2.06883e-08
-17.4 2.61375e-08
-17.3 3.302e-08
-17.2 4.17119e-08
-17.1 5.26882e-08
-17 6.65483e-08
-16.9 8.40487e-08
-16.8 1.06144e-07
-16.7 1.34038e-07
-16.6 1.6925e-07
-16.5 2.13697e-07
-16.4 2.69797e-07
-16.3 3.40598e-07
-16.2 4.29947e-07
-16.1 5.42694e-07
-16 6.84955e-07
-15.9 8.64439e-07
-15.8 1.09087e-06
-15.7 1.3765e-06
-15.6 1.73678e-06
-15.5 2.19117e-06
-15.4 2.76422e-06
-15.3 3.48684e-06
-15.2 4.398e-06
-15.1 5.54677e-06
-15 6.99499e-06
-14.9 8.82054e-06
-14.8 1.11215e-05
-14.7 1.40215e-05
-14.6 1.7676e-05
-14.5 2.22809e-05
-14.4 2.80827e-05
-14.3 3.53919e-05
-14.2 4.45992e-05
-14.1 5.61962e-05
-14 7.08016e-05
-13.9 8.91939e-05
-13.8 0.000112352
-13.7 0.000141509
-13.6 0.000178212
-13.5 0.000224412
-13.4 0.000282557
-13.3 0.000355728
-13.2 0.000447797
-13.1 0.00056363
-13 0.000709343
-12.9 0.000892622
-12.8 0.00112312
-12.7 0.00141297
-12.6 0.0017774
-12.5 0.00226112
-12.4 0.00281377
-12.3 0.00344975
-12.2 0.00417339
-12.1 0.00498833
-12 0.00589749
-11.9 0.00690299
-11.8 0.00800612
-11.7 0.00920728
-11.6 0.010506
-11.5 0.0119008
-11.4 0.0133895
-11.3 0.0149688
-11.2 0.0166346
-11.1 0.0183819
-11 0.0202049
-10.9 0.0220969
-10.8 0.0240505
-10.7 0.0260576
-10.6 0.0281097
-10.5 0.0301973
-10.4 0.0323108
-10.3 0.0344399
-10.2 0.0365742
-10.1 0.038703
-10 0.0408154
-9.9 0.0429003
-9.8 0.0449469
-9.7 0.0469443
-9.6 0.0488819
-9.5 0.0507494
-9.4 0.0525367
-9.3 0.0542342
-9.2 0.0558329
-9.1 0.0573243
-9 0.0587005
-8.9 0.0599544
-8.8 0.0610795
-8.7 0.0620701
-8.6 0.0629215
-8.5 0.0636297
-8.4 0.0641915
-8.3 0.0646048
-8.2 0.0648682
-8.1 0.0649813
-8 0.0649446
-7.9 0.0647594
-7.8 0.0644277
-7.7 0.0639528
-7.6 0.0633382
-7.5 0.0625886
-7.4 0.0617091
-7.3 0.0607057
-7.2 0.0595848
-7.1 0.0583535
-7 0.0570192
-6.9 0.0555899
-6.8 0.0540738
-6.7 0.0524794
-6.6 0.0508157
-6.5 0.0490914
-6.4 0.0473156
-6.3 0.0454973
-6.2 0.0436455
-6.1 0.0417691
-6 0.0398768
-5.9 0.0379771
-5.8 0.0360782
-5.7 0.034188
-5.6 0.0323141
-5.5 0.0304635
-5.4 0.0286429
-5.3 0.0268586
-5.2 0.0251163
-5.1 0.0234212
-5 0.0217779
-4.9 0.0201905
-4.8 0.0186626
-4.7 0.0171972
-4.6 0.0157969
-4.5 0.0144634
-4.4 0.0131983
-4.3 0.0120023
-4.2 0.010876
-4.1 0.00981929
-4 0.00883161
-3.9 0.0079121
-3.8 0.00705947
-3.7 0.00627209
-3.6 0.00554802
-3.5 0.00488507
-3.4 0.00428078
-3.3 0.00373251
-3.2 0.00323744
-3.1 0.00279264
-3 0.00239506
-2.9 0.00204162
-2.8 0.00172919
-2.7 0.00145464
-2.6 0.0012149
-2.5 0.00100692
-2.4 0.000827757
-2.3 0.000674553
-2.2 0.000544579
-2.1 0.000435238
-2 0.000344084
-1.9 0.000268828
-1.8 0.000207348
-1.7 0.000157695
-1.6 0.00011809
-1.5 8.69316e-05
-1.4 6.27861e-05
-1.3 4.43878e-05
-1.2 3.0631e-05
-1.1 2.05619e-05
-1 1.33691e-05
-0.9 8.37362e-06
-0.8 5.01649e-06
-0.7 2.84712e-06
-0.6 1.51047e-06
-0.5 7.34403e-07
-0.4 3.17146e-07
-0.3 1.15074e-07
-0.2 3.11902e-08
-0.1 4.42495e-09
-2.05669e-14 9.6507e-35
0.1 1.02866e-09
0.2 1.51666e-09
0.3 8.97561e-10
0.4 2.11198e-10
0.5 4.49458e-12
0.6 4.79337e-12
0.7 5.8523e-10
0.8 6.01112e-09
0.9 2.94256e-08
1 9.95026e-08
1.1 2.68666e-07
1.2 6.22743e-07
1.3 1.2919e-06
1.4 2.46268e-06
1.5 4.39092e-06
1.6 7.41536e-06
1.7 1.19717e-05
1.8 1.86066e-05
1.9 2.79921e-05
2 4.09392e-05
2.1 5.84108e-05
2.2 8.1534e-05
2.3 0.000111611
2.4 0.000150129
2.5 0.000198766
2.6 0.0002594
2.7 0.000334109
2.8 0.000425175
2.9 0.000535078
3 0.000666498
3.1 0.000822304
3.2 0.00100554
3.3 0.00121943
3.4 0.00146732
3.5 0.00175271
3.6 0.00207921
3.7 0.00245049
3.8 0.0028703
3.9 0.00334239
4 0.00387051
4.1 0.00445837
4.2 0.00510958
4.3 0.00582765
4.4 0.00661592
4.5 0.0074775
4.6 0.00841528
4.7 0.00943187
4.8 0.0105295
4.9 0.0117101
5 0.0129752
5.1 0.0143257
5.2 0.0157622
5.3 0.0172848
5.4 0.0188928
5.5 0.0205853
5.6 0.0223605
5.7 0.024216
5.8 0.0261489
5.9 0.0281556
6 0.0302318
6.1 0.0323726
6.2 0.0345723
6.3 0.0368249
6.4 0.0391234
6.5 0.0414604
6.6 0.043828
6.7 0.0462175
6.8 0.0486201
6.9 0.0510261
7 0.0534257
7.1 0.0558087
7.2 0.0581646
7.3 0.0604826
7.4 0.0627519
7.5 0.0649615
7.6 0.0671004
7.7 0.0691577
7.8 0.0711227
7.9 0.0729848
8 0.0747338
8.1 0.0763598
8.2 0.0778534
8.3 0.0792058
8.4 0.0804087
8.5 0.0814544
8.6 0.0823363
8.7 0.0830481
8.8 0.0835847
8.9 0.0839419
9 0.0841163
9.1 0.0841056
9.2 0.0839084
9.3 0.0835246
9.4 0.0829548
9.5 0.0822011
9.6 0.0812662
9.7 0.0801541
9.8 0.07887
9.9 0.0774198
10 0.0758106
10.1 0.0740502
10.2 0.0721476
10.3 0.0701123
10.4 0.0679547
10.5 0.0656859
10.6 0.0633177
10.7 0.0608621
10.8 0.0583318
10.9 0.0557398
11 0.0530993
11.1 0.0504235
11.2 0.0477258
11.3 0.0450195
11.4 0.0423177
11.5 0.0396332
11.6 0.0369785
11.7 0.0343655
11.8 0.0318057
11.9 0.0293098
12 0.0268879
12.1 0.0245491
12.2 0.0223018
12.3 0.0201534
12.4 0.0181104
12.5 0.0161781
12.6 0.014365
12.7 0.0129779
12.8 0.0118639
12.9 0.0109814
13 0.010298
13.1 0.00978928
13.2 0.0094373
13.3 0.0092301
13.4 0.00916107
13.5 0.0092287
13.6 0.00943658
13.7 0.00979364
13.8 0.0103147
13.9 0.0110214
14 0.0119433
14.1 0.0131195
14.2 0.014601
14.3 0.0164539
14.4 0.0187625
14.5 0.021635
14.6 0.0251068
14.7 0.0287855
14.8 0.0328204
14.9 0.0372252
15 0.0420123
15.1 0.0471925
15.2 0.052775
15.3 0.0587671
15.4 0.0651741
15.5 0.0719991
15.6 0.0792431
15.7 0.0869047
15.8 0.0949799
15.9 0.103462
16 0.112342
16.1 0.121609
16.2 0.131247
16.3 0.141239
16.4 0.151566
16.5 0.162204
16.6 0.173129
16.7 0.184312
16.8 0.195722
16.9 0.207328
17 0.219093
17.1 0.23098
17.2 0.24295
17.3 0.254962
17.4 0.266972
17.5 0.278937
17.6 0.290811
17.7 0.302548
17.8 0.314101
17.9 0.325423
18 0.336465
18.1 0.347181
18.2 0.357523
18.3 0.367446
18.4 0.376903
18.5 0.385852
18.6 0.394249
18.7 0.402054
18.8 0.409228
18.9 0.415737
19 0.421545
19.1 0.426624
19.2 0.430945
19.3 0.434484
19.4 0.437221
19.5 0.43914
19.6 0.440226
19.7 0.440471
19.8 0.43987
19.9 0.438421
20 0.436128
20.1 0.432998
20.2 0.429043
20.3 0.424277
20.4 0.41872
20.5 0.412396
20.6 0.405332
20.7 0.397558
20.8 0.389109
20.9 0.380023
21 0.37034
21.1 0.360102
21.2 0.349357
21.3 0.338152
21.4 0.326537
21.5 0.314564
21.6 0.302285
21.7 0.289755
21.8 0.277028
21.9 0.264158
22 0.251199
22.1 0.238207
22.2 0.225233
22.3 0.21233
22.4 0.199549
22.5 0.186937
22.6 0.174543
22.7 0.162408
22.8 0.150576
22.9 0.139085
23 0.127969
23.1 0.11726
23.2 0.106988
23.3 0.0971766
23.4 0.0878466
23.5 0.0790152
23.6 0.0706953
23.7 0.0628962
23.8 0.055623
23.9 0.048877
24 0.0426559
24.1 0.0369535
24.2 0.0317601
24.3 0.0270629
24.4 0.0228456
24.5 0.0190895
24.6 0.0157729
24.7 0.012872
24.8 0.0103609
24.9 0.00821208
25 0.00639675
25.1 0.00488513
25.2 0.00364689
25.3 0.00265153
25.4 0.00186879
25.5 0.00126898
25.6 0.000823441
25.7 0.000504904
25.8 0.000287863
25.9 0.000148945
26 6.72637e-05
26.1 2.47469e-05
26.2 6.4473e-06
26.3 8.26118e-07
26.4 9.27997e-09
26.5 1.26253e-08
26.6 9.33969e-07
26.7 7.10958e-06
26.8 2.72331e-05
26.9 7.44351e-05
27 0.000166322
27.1 0.000324973
27.2 0.000576894
27.3 0.000952929
27.4 0.00148813
27.5 0.00222157
27.6 0.00319614
27.7 0.0044583
27.8 0.00605773
27.9 0.00804705
28 0.0104814
28.1 0.0134181
28.2 0.016916
28.3 0.0210354
28.4 0.0258371
28.5 0.0313823
28.6 0.0377317
28.7 0.0449452
28.8 0.0530811
28.9 0.062196
29 0.0723436
29.1 0.0835746
29.2 0.0959359
29.3 0.10947
29.4 0.124215
29.5 0.140204
29.6 0.157463
29.7 0.176012
29.8 0.195866
29.9 0.217031
30 0.239506
30.1 0.263284
30.2 0.288348
30.3 0.314672
30.4 0.342226
30.5 0.370966
30.6 0.400845
30.7 0.431803
30.8 0.463774
30.9 0.496683
31 0.530449
31.1 0.56498
31.2 0.60018
31.3 0.635942
31.4 0.672157
31.5 0.708707
31.6 0.745469
31.7 0.782315
31.8 0.819113
31.9 0.855728
32 0.892021
32.1 0.927852
32.2 0.963078
32.3 0.997556
32.4 1.03115
32.5 1.0637
32.6 1.09509
32.7 1.12517
32.8 1.15382
32.9 1.18089
33 1.20627
33.1 1.22985
33.2 1.2515
33.3 1.27114
33.4 1.28866
33.5 1.30397
33.6 1.31701
33.7 1.3277
33.8 1.33599
33.9 1.34183
34 1.34519
34.1 1.34604
34.2 1.34438
34.3 1.34021
34.4 1.33353
34.5 1.32437
34.6 1.31278
34.7 1.29878
34.8 1.28246
34.9 1.26386
35 1.24308
35.1 1.22021
35.2 1.19533
35.3 1.16858
35.4 1.14005
35.5 1.10989
35.6 1.07821
35.7 1.04515
35.8 1.01087
35.9 0.975506
36 0.939208
36.1 0.902133
36.2 0.864434
36.3 0.826268
36.4 0.787789
36.5 0.749151
36.6 0.710507
36.7 0.672004
36.8 0.633787
36.9 0.595995
37 0.558762
37.1 0.522216
37.2 0.486475
37.3 0.451654
37.4 0.417854
37.5 0.38517
37.6 0.353688
37.7 0.323482
37.8 0.294618
37.9 0.26715
38 0.241123
38.1 0.216568
38.2 0.19351
38.3 0.171961
38.4 0.151921
38.5 0.133384
38.6 0.116331
38.7 0.100735
38.8 0.0865608
38.9 0.0737637
39 0.0622923
39.1 0.052088
39.2 0.0430865
39.3 0.0352178
39.4 0.0284078
39.5 0.0223231
39.6 0.0175563
39.7 0.0138072
39.8 0.0108586
39.9 0.00853953
40 0.00671568
40.1 0.00528129
40.2 0.00415322
40.3 0.00326607
40.4 0.00256838
40.5 0.00201971
40.6 0.00158823
40.7 0.00124891
40.8 0.000982074
40.9 0.00077224
41 0.000607232
41.1 0.000477477
41.2 0.000375444
41.3 0.000295211
41.4 0.000232121
41.5 0.000182512
41.6 0.000143504
41.7 0.000112832
41.8 8.87143e-05
41.9 6.97511e-05
42 5.48407e-05
42.1 4.31172e-05
42.2 3.38995e-05
42.3 2.6652e-05
42.4 2.09538e-05
42.5 1.64737e-05
42.6 1.29513e-05
42.7 1.0182e-05
42.8 8.00471e-06
42.9 6.29296e-06
43 4.94719e-06
43.1 3.88918e-06
43.2 3.0574e-06
43.3 2.40349e-06
43.4 1.88942e-06
43.5 1.48528e-06
43.6 1.16758e-06
43.7 9.17818e-07
43.8 7.21479e-07
43.9 5.67135e-07
44 4.45805e-07
44.1 3.50427e-07
44.2 2.75453e-07
44.3 2.16517e-07
44.4 1.70189e-07
