-17.5 3.35733e-08
-17.4 4.23311e-08
-17.3 5.33698e-08
-17.2 6.72827e-08
-17.1 8.48167e-08
-17 1.06913e-07
-16.9 1.34756e-07
-16.8 1.69838e-07
-16.7 2.14039e-07
-16.6 2.69724e-07
-16.5 3.39871e-07
-16.4 4.28229e-07
-16.3 5.39519e-07
-16.2 6.7968e-07
-16.1 8.56187e-07
-16 1.07845e-06
-15.9 1.3583e-06
-15.8 1.71064e-06
-15.7 2.15421e-06
-15.6 2.71257e-06
-15.5 3.41537e-06
-15.4 4.2999e-06
-15.3 5.41305e-06
-15.2 6.8138e-06
-15.1 8.57628e-06
-15 1.07937e-05
-14.9 1.35832e-05
-14.8 1.70922e-05
-14.7 2.15056e-05
-14.6 2.70561e-05
-14.5 3.40359e-05
-14.4 4.28124e-05
-14.3 5.38467e-05
-14.2 6.77184e-05
-14.1 8.51552e-05
-14 0.000107071
-13.9 0.000134613
-13.8 0.000169223
-13.7 0.000212709
-13.6 0.00026734
-13.5 0.000335967
-13.4 0.000422165
-13.3 0.000530418
-13.2 0.000666355
-13.1 0.000837035
-13 0.00105131
-12.9 0.00132028
-12.8 0.00165787
-12.7 0.00208151
-12.6 0.0026131
-12.5 0.00334293
-12.4 0.00414476
-12.3 0.00506377
-12.2 0.00610523
-12.1 0.00727333
-12 0.00857111
-11.9 0.0100004
-11.8 0.0115616
-11.7 0.0132541
-11.6 0.0150755
-11.5 0.0170226
-11.4 0.0190903
-11.3 0.0212726
-11.2 0.023562
-11.1 0.0259499
-11 0.0284264
-10.9 0.0309807
-10.8 0.033601
-10.7 0.0362745
-10.6 0.0389877
-10.5 0.0417264
-10.4 0.044476
-10.3 0.0472215
-10.2 0.0499474
-10.1 0.0526384
-10 0.0552789
-9.9 0.0578537
-9.8 0.0603479
-9.7 0.0627466
-9.6 0.065036
-9.5 0.0672025
-9.4 0.0692334
-9.3 0.0711171
-9.2 0.0728425
-9.1 0.0744
-9 0.0757809
-8.9 0.0769776
-8.8 0.0779839
-8.7 0.0787948
-8.6 0.0794066
-8.5 0.0798169
-8.4 0.0800248
-8.3 0.0800303
-8.2 0.0798352
-8.1 0.0794421
-8 0.0788552
-7.9 0.0780796
-7.8 0.0771217
-7.7 0.0759888
-7.6 0.0746892
-7.5 0.0732322
-7.4 0.0716276
-7.3 0.0698862
-7.2 0.0680192
-7.1 0.0660385
-7 0.0639561
-6.9 0.0617845
-6.8 0.0595364
-6.7 0.0572245
-6.6 0.0548614
-6.5 0.0524598
-6.4 0.0500319
-6.3 0.04759
-6.2 0.0451456
-6.1 0.0427101
-6 0.0402942
-5.9 0.0379079
-5.8 0.0355608
-5.7 0.0332617
-5.6 0.0310187
-5.5 0.0288389
-5.4 0.026729
-5.3 0.0246947
-5.2 0.0227408
-5.1 0.0208715
-5 0.0190901
-4.9 0.017399
-4.8 0.0158
-4.7 0.0142942
-4.6 0.0128817
-4.5 0.0115624
-4.4 0.0103351
-4.3 0.00919836
-4.2 0.0081501
-4.1 0.00718776
-4 0.00630837
-3.9 0.00550861
-3.8 0.00478485
-3.7 0.0041332
-3.6 0.00354959
-3.5 0.00302978
-3.4 0.00256948
-3.3 0.00216433
-3.2 0.00180996
-3.1 0.00150208
-3 0.00123647
-2.9 0.00100902
-2.8 0.0008158
-2.7 0.000653029
-2.6 0.000517147
-2.5 0.000404808
-2.4 0.000312899
-2.3 0.000238554
-2.2 0.000179154
-2.1 0.00013233
-2 9.59643e-05
-1.9 6.81813e-05
-1.8 4.73405e-05
-1.7 3.20257e-05
-1.6 2.10307e-05
-1.5 1.33446e-05
-1.4 8.13475e-06
-1.3 4.72861e-06
-1.2 2.59544e-06
-1.1 1.32735e-06
-1 6.20713e-07
-0.9 2.58136e-07
-0.8 9.13711e-08
-0.7 2.55194e-08
-0.6 4.83848e-09
-0.5 4.25245e-10
-0.4 2.95817e-12
-0.3 2.41483e-12
-0.2 7.70227e-11
-0.1 1.44777e-10
-2.05669e-14 2.32301e-35
0.1 1.48773e-09
0.2 1.31838e-08
0.3 5.74745e-08
0.4 1.79883e-07
0.5 4.60444e-07
0.6 1.02689e-06
0.7 2.06934e-06
0.8 3.85628e-06
0.9 6.75129e-06
1 1.12304e-05
1.1 1.78995e-05
1.2 2.75115e-05
1.3 4.09826e-05
1.4 5.9408e-05
1.5 8.40751e-05
1.6 0.000116476
1.7 0.000158318
1.8 0.000211527
1.9 0.000278256
2 0.000360883
2.1 0.000462011
2.2 0.000584457
2.3 0.000731246
2.4 0.000905594
2.5 0.00111089
2.6 0.00135068
2.7 0.00162863
2.8 0.00194849
2.9 0.00231409
3 0.00272927
3.1 0.00319786
3.2 0.00372363
3.3 0.00431022
3.4 0.00496116
3.5 0.00567973
3.6 0.00646898
3.7 0.00733166
3.8 0.00827016
3.9 0.00928645
4 0.0103821
4.1 0.0115581
4.2 0.0128149
4.3 0.0141525
4.4 0.0155702
4.5 0.0170665
4.6 0.0186396
4.7 0.0202866
4.8 0.0220041
4.9 0.023788
5 0.0256334
5.1 0.0275346
5.2 0.0294855
5.3 0.0314791
5.4 0.0335076
5.5 0.0355629
5.6 0.0376362
5.7 0.0397181
5.8 0.0417988
5.9 0.043868
6 0.0459152
6.1 0.0479296
6.2 0.0499001
6.3 0.0518157
6.4 0.0536652
6.5 0.0554375
6.6 0.0571217
6.7 0.0587073
6.8 0.0601839
6.9 0.0615417
7 0.0627715
7.1 0.0638645
7.2 0.0648128
7.3 0.0656092
7.4 0.0662474
7.5 0.0667221
7.6 0.0670288
7.7 0.0671643
7.8 0.0671261
7.9 0.0669134
8 0.0665259
8.1 0.065965
8.2 0.065233
8.3 0.0643335
8.4 0.063271
8.5 0.0620513
8.6 0.0606814
8.7 0.0591692
8.8 0.0575235
8.9 0.055754
9 0.0538714
9.1 0.051887
9.2 0.0498128
9.3 0.0476613
9.4 0.0454454
9.5 0.0431783
9.6 0.0408735
9.7 0.0385446
9.8 0.036205
9.9 0.033868
10 0.0315466
10.1 0.0292536
10.2 0.0270009
10.3 0.0248
10.4 0.0226618
10.5 0.0205961
10.6 0.0186119
10.7 0.0167172
10.8 0.014919
10.9 0.0132231
11 0.0116341
11.1 0.0101557
11.2 0.00879009
11.3 0.00753835
11.4 0.00640044
11.5 0.00537511
11.6 0.00446002
11.7 0.00365178
11.8 0.00294602
11.9 0.00233747
12 0.00182007
12.1 0.00138708
12.2 0.00103121
12.3 0.000744737
12.4 0.000519671
12.5 0.000347881
12.6 0.000213876
12.7 0.000130177
12.8 7.47372e-05
12.9 3.96948e-05
13 1.89245e-05
13.1 7.69932e-06
13.2 2.43126e-06
13.3 4.81588e-07
13.4 3.03286e-08
13.5 1.01336e-54
13.6 3.12407e-08
13.7 5.10992e-07
13.8 2.6573e-06
13.9 8.66841e-06
14 2.1948e-05
14.1 4.74233e-05
14.2 9.19801e-05
14.3 0.000165044
14.4 0.000279349
14.5 0.000451952
14.6 0.000720428
14.7 0.00106372
14.8 0.00151757
14.9 0.0021033
15 0.00284385
15.1 0.00376362
15.2 0.00488831
15.3 0.00624477
15.4 0.00786072
15.5 0.00976461
15.6 0.0119853
15.7 0.0145519
15.8 0.0174933
15.9 0.0208381
16 0.0246144
16.1 0.028849
16.2 0.0335677
16.3 0.0387946
16.4 0.0445519
16.5 0.0508597
16.6 0.0577356
16.7 0.0651945
16.8 0.073248
16.9 0.0819048
17 0.0911697
17.1 0.101044
17.2 0.111525
17.3 0.122606
17.4 0.134276
17.5 0.146519
17.6 0.159316
17.7 0.172642
17.8 0.186469
17.9 0.200762
18 0.215486
18.1 0.230597
18.2 0.246049
18.3 0.261794
18.4 0.277776
18.5 0.293939
18.6 0.310221
18.7 0.326561
18.8 0.342891
18.9 0.359143
19 0.375248
19.1 0.391134
19.2 0.406729
19.3 0.42196
19.4 0.436755
19.5 0.451041
19.6 0.464748
19.7 0.477806
19.8 0.490147
19.9 0.501705
20 0.51242
20.1 0.522232
20.2 0.531086
20.3 0.538932
20.4 0.545725
20.5 0.551422
20.6 0.55599
20.7 0.559398
20.8 0.561623
20.9 0.562648
21 0.562462
21.1 0.561059
21.2 0.558444
21.3 0.554623
21.4 0.549614
21.5 0.543437
21.6 0.536122
21.7 0.527703
21.8 0.518221
21.9 0.507723
22 0.496262
22.1 0.483894
22.2 0.470681
22.3 0.456691
22.4 0.441994
22.5 0.426663
22.6 0.410776
22.7 0.39441
22.8 0.377647
22.9 0.360569
23 0.343257
23.1 0.325795
23.2 0.308264
23.3 0.290744
23.4 0.273315
23.5 0.256051
23.6 0.239028
23.7 0.222315
23.8 0.205978
23.9 0.190078
24 0.174673
24.1 0.159815
24.2 0.14555
24.3 0.131919
24.4 0.118956
24.5 0.10669
24.6 0.095144
24.7 0.0843338
24.8 0.0742695
24.9 0.064955
25 0.056388
25.1 0.0485606
25.2 0.0414592
25.3 0.0350649
25.4 0.0293538
25.5 0.0242977
25.6 0.0198641
25.7 0.0160169
25.8 0.0127172
25.9 0.00992329
26 0.00759176
26.1 0.00567784
26.2 0.0041361
26.3 0.00292111
26.4 0.00198805
26.5 0.00129339
26.6 0.000795488
26.7 0.000455255
26.8 0.000236728
26.9 0.000107654
27 4.00352e-05
27.1 1.06325e-05
27.2 1.42461e-06
27.3 1.99972e-08
27.4 1.38805e-08
27.5 1.28637e-06
27.6 1.02382e-05
27.7 3.99607e-05
27.8 0.000110336
27.9 0.000248069
28 0.000486639
28.1 0.00086619
28.2 0.00143333
28.3 0.00224089
28.4 0.00334753
28.5 0.00481741
28.6 0.00671964
28.7 0.00912777
28.8 0.0121192
28.9 0.0157744
29 0.0201765
29.1 0.02541
29.2 0.0315606
29.3 0.0387139
29.4 0.0469544
29.5 0.0563654
29.6 0.0670272
29.7 0.0790165
29.8 0.0924059
29.9 0.107262
30 0.123647
30.1 0.141613
30.2 0.161207
30.3 0.182465
30.4 0.205416
30.5 0.230078
30.6 0.256458
30.7 0.284551
30.8 0.314342
30.9 0.345804
31 0.378896
31.1 0.413567
31.2 0.449752
31.3 0.487374
31.4 0.526342
31.5 0.566556
31.6 0.6079
31.7 0.650251
31.8 0.693472
31.9 0.737417
32 0.78193
32.1 0.826845
32.2 0.87199
32.3 0.917185
32.4 0.962245
32.5 1.00698
32.6 1.05119
32.7 1.09469
32.8 1.13727
32.9 1.17874
33 1.2189
33.1 1.25756
33.2 1.29452
33.3 1.32961
33.4 1.36264
33.5 1.39344
33.6 1.42186
33.7 1.44775
33.8 1.47095
33.9 1.49136
34 1.50884
34.1 1.52331
34.2 1.53468
34.3 1.54289
34.4 1.54787
34.5 1.54959
34.6 1.54804
34.7 1.54322
34.8 1.53513
34.9 1.52382
35 1.50934
35.1 1.49175
35.2 1.47113
35.3 1.4476
35.4 1.42126
35.5 1.39224
35.6 1.36069
35.7 1.32677
35.8 1.29064
35.9 1.25249
36 1.21249
36.1 1.17086
36.2 1.12779
36.3 1.08348
36.4 1.03816
36.5 0.992027
36.6 0.945308
36.7 0.898212
36.8 0.850953
36.9 0.803737
37 0.756768
37.1 0.710244
37.2 0.664352
37.3 0.619274
37.4 0.575179
37.5 0.532225
37.6 0.490559
37.7 0.450315
37.8 0.411613
37.9 0.374556
38 0.339238
38.1 0.305731
38.2 0.274096
38.3 0.244377
38.4 0.216604
38.5 0.190788
38.6 0.166929
38.7 0.14501
38.8 0.125002
38.9 0.106861
39 0.0905323
39.1 0.075948
39.2 0.063031
39.3 0.051695
39.4 0.0418454
39.5 0.0327531
39.6 0.025811
39.7 0.0203401
39.8 0.0160286
39.9 0.0126308
40 0.00995322
40.1 0.00784313
40.2 0.00618031
40.3 0.00486996
40.4 0.00383738
40.5 0.00302371
40.6 0.00238253
40.7 0.0018773
40.8 0.00147918
40.9 0.00116548
41 0.000918298
41.1 0.00072353
41.2 0.000570065
41.3 0.000449146
41.4 0.000353871
41.5 0.000278803
41.6 0.000219657
41.7 0.000173057
41.8 0.000136341
41.9 0.000107413
42 8.46226e-05
42.1 6.66667e-05
42.2 5.25203e-05
42.3 4.13752e-05
42.4 3.25948e-05
42.5 2.56774e-05
42.6 2.02279e-05
42.7 1.59347e-05
42.8 1.25526e-05
42.9 9.8882e-06
43 7.78927e-06
43.1 6.1358e-06
43.2 4.83328e-06
43.3 3.80721e-06
43.4 2.99894e-06
43.5 2.36224e-06
43.6 1.8607e-06
43.7 1.46563e-06
43.8 1.15442e-06
43.9 9.09293e-07
44 7.16205e-07
44.1 5.64113e-07
44.2 4.44315e-07
44.3 3.49954e-07
44.4 2.7563e-07
