-17.5 -1.31632e-05
-17.4 -1.39885e-05
-17.3 -1.48656e-05
-17.2 -1.57977e-05
-17.1 -1.67882e-05
-17 -1.78408e-05
-16.9 -1.89594e-05
-16.8 -2.01482e-05
-16.7 -2.14115e-05
-16.6 -2.2754e-05
-16.5 -2.41806e-05
-16.4 -2.56968e-05
-16.3 -2.7308e-05
-16.2 -2.90202e-05
-16.1 -3.08397e-05
-16 -3.27734e-05
-15.9 -3.48283e-05
-15.8 -3.7012e-05
-15.7 -3.93327e-05
-15.6 -4.17988e-05
-15.5 -4.44196e-05
-15.4 -4.72047e-05
-15.3 -5.01645e-05
-15.2 -5.33098e-05
-15.1 -5.66523e-05
-15 -6.02044e-05
-14.9 -6.39792e-05
-14.8 -6.79907e-05
-14.7 -7.22537e-05
-14.6 -7.67841e-05
-14.5 -8.15984e-05
-14.4 -8.67146e-05
-14.3 -9.21517e-05
-14.2 -9.79296e-05
-14.1 -0.00010407
-14 -0.000110595
-13.9 -0.000117529
-13.8 -0.000124898
-13.7 -0.000132729
-13.6 -0.000141052
-13.5 -0.000149896
-13.4 -0.000159294
-13.3 -0.000169282
-13.2 -0.000179896
-13.1 -0.000191175
-13 -0.000203162
-12.9 -0.0002159
-12.8 -0.000229437
-12.7 -0.000243823
-12.6 -0.000259111
-12.5 -0.000276667
-12.4 -0.00029312
-12.3 -0.000309419
-12.2 -0.000325557
-12.1 -0.000341525
-12 -0.000357314
-11.9 -0.000372917
-11.8 -0.000388325
-11.7 -0.00040353
-11.6 -0.000418524
-11.5 -0.0004333
-11.4 -0.000447849
-11.3 -0.000462165
-11.2 -0.000476239
-11.1 -0.000490065
-11 -0.000503635
-10.9 -0.000516941
-10.8 -0.000529978
-10.7 -0.000542737
-10.6 -0.000555214
-10.5 -0.0005674
-10.4 -0.00057929
-10.3 -0.000590878
-10.2 -0.000602157
-10.1 -0.000613121
-10 -0.000623765
-9.9 -0.000634084
-9.8 -0.000644071
-9.7 -0.000653722
-9.6 -0.000663031
-9.5 -0.000671995
-9.4 -0.000680607
-9.3 -0.000688864
-9.2 -0.000696761
-9.1 -0.000704294
-9 -0.000711459
-8.9 -0.000718253
-8.8 -0.000724672
-8.7 -0.000730712
-8.6 -0.00073637
-8.5 -0.000741644
-8.4 -0.000746531
-8.3 -0.000751028
-8.2 -0.000755132
-8.1 -0.000758842
-8 -0.000762156
-7.9 -0.000765072
-7.8 -0.000767588
-7.7 -0.000769703
-7.6 -0.000771417
-7.5 -0.000772727
-7.4 -0.000773634
-7.3 -0.000774137
-7.2 -0.000774235
-7.1 -0.00077393
-7 -0.00077322
-6.9 -0.000772106
-6.8 -0.000770589
-6.7 -0.000768669
-6.6 -0.000766348
-6.5 -0.000763627
-6.4 -0.000760507
-6.3 -0.00075699
-6.2 -0.000753077
-6.1 -0.000748771
-6 -0.000744074
-5.9 -0.000738989
-5.8 -0.000733517
-5.7 -0.000727663
-5.6 -0.000721428
-5.5 -0.000714817
-5.4 -0.000707832
-5.3 -0.000700478
-5.2 -0.000692758
-5.1 -0.000684676
-5 -0.000676236
-4.9 -0.000667443
-4.8 -0.000658302
-4.7 -0.000648817
-4.6 -0.000638993
-4.5 -0.000628835
-4.4 -0.000618349
-4.3 -0.00060754
-4.2 -0.000596413
-4.1 -0.000584976
-4 -0.000573232
-3.9 -0.000561189
-3.8 -0.000548854
-3.7 -0.000536231
-3.6 -0.000523329
-3.5 -0.000510153
-3.4 -0.00049671
-3.3 -0.000483009
-3.2 -0.000469055
-3.1 -0.000454856
-3 -0.000440419
-2.9 -0.000425753
-2.8 -0.000410864
-2.7 -0.000395761
-2.6 -0.000380451
-2.5 -0.000364942
-2.4 -0.000349242
-2.3 -0.00033336
-2.2 -0.000317305
-2.1 -0.000301083
-2 -0.000284704
-1.9 -0.000268177
-1.8 -0.000251509
-1.7 -0.00023471
-1.6 -0.000217788
-1.5 -0.000200753
-1.4 -0.000183613
-1.3 -0.000166377
-1.2 -0.000149054
-1.1 -0.000131653
-1 -0.000114184
-0.9 -9.66545e-05
-0.8 -7.90749e-05
-0.7 -6.14539e-05
-0.6 -4.38009e-05
-0.5 -2.6125e-05
-0.4 -8.43543e-06
-0.3 9.25853e-06
-0.2 2.69477e-05
-0.1 4.46227e-05
-2.05669e-14 6.22745e-05
0.1 7.98937e-05
0.2 9.74712e-05
0.3 0.000114998
0.4 0.000132464
0.5 0.000149862
0.6 0.000167181
0.7 0.000184413
0.8 0.000201548
0.9 0.000218578
1 0.000235494
1.1 0.000252287
1.2 0.000268949
1.3 0.000285469
1.4 0.000301841
1.5 0.000318055
1.6 0.000334103
1.7 0.000349977
1.8 0.000365667
1.9 0.000381167
2 0.000396468
2.1 0.000411562
2.2 0.00042644
2.3 0.000441096
2.4 0.000455522
2.5 0.000469709
2.6 0.000483652
2.7 0.000497342
2.8 0.000510772
2.9 0.000523935
3 0.000536825
3.1 0.000549434
3.2 0.000561756
3.3 0.000573785
3.4 0.000585514
3.5 0.000596938
3.6 0.00060805
3.7 0.000618844
3.8 0.000629315
3.9 0.000639457
4 0.000649266
4.1 0.000658735
4.2 0.00066786
4.3 0.000676636
4.4 0.000685059
4.5 0.000693125
4.6 0.000700828
4.7 0.000708165
4.8 0.000715133
4.9 0.000721727
5 0.000727944
5.1 0.00073378
5.2 0.000739234
5.3 0.000744301
5.4 0.00074898
5.5 0.000753268
5.6 0.000757162
5.7 0.000760661
5.8 0.000763762
5.9 0.000766465
6 0.000768767
6.1 0.000770668
6.2 0.000772166
6.3 0.000773261
6.4 0.000773953
6.5 0.00077424
6.6 0.000774122
6.7 0.000773601
6.8 0.000772675
6.9 0.000771346
7 0.000769614
7.1 0.00076748
7.2 0.000764945
7.3 0.000762011
7.4 0.000758678
7.5 0.00075495
7.6 0.000750827
7.7 0.000746312
7.8 0.000741407
7.9 0.000736116
8 0.000730439
8.1 0.000724381
8.2 0.000717945
8.3 0.000711134
8.4 0.000703952
8.5 0.000696401
8.6 0.000688488
8.7 0.000680214
8.8 0.000671585
8.9 0.000662606
9 0.00065328
9.1 0.000643614
9.2 0.000633611
9.3 0.000623277
9.4 0.000612618
9.5 0.000601639
9.6 0.000590345
9.7 0.000578744
9.8 0.00056684
9.9 0.00055464
10 0.00054215
10.1 0.000529377
10.2 0.000516328
10.3 0.000503009
10.4 0.000489427
10.5 0.00047559
10.6 0.000461504
10.7 0.000447178
10.8 0.000432618
10.9 0.000417831
11 0.000402827
11.1 0.000387612
11.2 0.000372195
11.3 0.000356583
11.4 0.000340786
11.5 0.00032481
11.6 0.000308664
11.7 0.000292358
11.8 0.000275898
11.9 0.000259295
12 0.000242556
12.1 0.000225691
12.2 0.000208707
12.3 0.000191615
12.4 0.000174423
12.5 0.000157139
12.6 0.000138592
12.7 0.000121931
12.8 0.000105721
12.9 8.99021e-05
13 7.44159e-05
13.1 5.92051e-05
13.2 4.42132e-05
13.3 2.93849e-05
13.4 1.46653e-05
13.5 -3.51282e-17
13.6 -1.46653e-05
13.7 -2.93849e-05
13.8 -4.42132e-05
13.9 -5.92051e-05
14 -7.44159e-05
14.1 -8.99021e-05
14.2 -0.000105721
14.3 -0.000121931
14.4 -0.000138592
14.5 -0.000155765
14.6 -0.000174423
14.7 -0.000191615
14.8 -0.000208707
14.9 -0.000225691
15 -0.000242556
15.1 -0.000259295
15.2 -0.000275898
15.3 -0.000292358
15.4 -0.000308664
15.5 -0.00032481
15.6 -0.000340786
15.7 -0.000356583
15.8 -0.000372195
15.9 -0.000387612
16 -0.000402827
16.1 -0.000417831
16.2 -0.000432618
16.3 -0.000447178
16.4 -0.000461504
16.5 -0.00047559
16.6 -0.000489427
16.7 -0.000503009
16.8 -0.000516328
16.9 -0.000529377
17 -0.00054215
17.1 -0.00055464
17.2 -0.00056684
17.3 -0.000578744
17.4 -0.000590345
17.5 -0.000601639
17.6 -0.000612618
17.7 -0.000623277
17.8 -0.000633611
17.9 -0.000643614
18 -0.00065328
18.1 -0.000662606
18.2 -0.000671585
18.3 -0.000680214
18.4 -0.000688488
18.5 -0.000696401
18.6 -0.000703952
18.7 -0.000711134
18.8 -0.000717945
18.9 -0.000724381
19 -0.000730439
19.1 -0.000736116
19.2 -0.000741407
19.3 -0.000746312
19.4 -0.000750827
19.5 -0.00075495
19.6 -0.000758678
19.7 -0.000762011
19.8 -0.000764945
19.9 -0.00076748
20 -0.000769614
20.1 -0.000771346
20.2 -0.000772675
20.3 -0.000773601
20.4 -0.000774122
20.5 -0.00077424
20.6 -0.000773953
20.7 -0.000773261
20.8 -0.000772166
20.9 -0.000770668
21 -0.000768767
21.1 -0.000766465
21.2 -0.000763762
21.3 -0.000760661
21.4 -0.000757162
21.5 -0.000753268
21.6 -0.00074898
21.7 -0.000744301
21.8 -0.000739234
21.9 -0.00073378
22 -0.000727944
22.1 -0.000721727
22.2 -0.000715133
22.3 -0.000708165
22.4 -0.000700828
22.5 -0.000693125
22.6 -0.000685059
22.7 -0.000676636
22.8 -0.00066786
22.9 -0.000658735
23 -0.000649266
23.1 -0.000639457
23.2 -0.000629315
23.3 -0.000618844
23.4 -0.00060805
23.5 -0.000596938
23.6 -0.000585514
23.7 -0.000573785
23.8 -0.000561756
23.9 -0.000549434
24 -0.000536825
24.1 -0.000523935
24.2 -0.000510772
24.3 -0.000497342
24.4 -0.000483652
24.5 -0.000469709
24.6 -0.000455522
24.7 -0.000441096
24.8 -0.00042644
24.9 -0.000411562
25 -0.000396468
25.1 -0.000381167
25.2 -0.000365667
25.3 -0.000349977
25.4 -0.000334103
25.5 -0.000318055
25.6 -0.000301841
25.7 -0.000285469
25.8 -0.000268949
25.9 -0.000252287
26 -0.000235494
26.1 -0.000218578
26.2 -0.000201548
26.3 -0.000184413
26.4 -0.000167181
26.5 -0.000149862
26.6 -0.000132464
26.7 -0.000114998
26.8 -9.74712e-05
26.9 -7.98937e-05
27 -6.22745e-05
27.1 -4.46227e-05
27.2 -2.69477e-05
27.3 -9.25853e-06
27.4 8.43543e-06
27.5 2.6125e-05
27.6 4.38009e-05
27.7 6.14539e-05
27.8 7.90749e-05
27.9 9.66545e-05
28 0.000114184
28.1 0.000131653
28.2 0.000149054
28.3 0.000166377
28.4 0.000183613
28.5 0.000200753
28.6 0.000217788
28.7 0.00023471
28.8 0.000251509
28.9 0.000268177
29 0.000284704
29.1 0.000301083
29.2 0.000317305
29.3 0.00033336
29.4 0.000349242
29.5 0.000364942
29.6 0.000380451
29.7 0.000395761
29.8 0.000410864
29.9 0.000425753
30 0.000440419
30.1 0.000454856
30.2 0.000469055
30.3 0.000483009
30.4 0.00049671
30.5 0.000510153
30.6 0.000523329
30.7 0.000536231
30.8 0.000548854
30.9 0.000561189
31 0.000573232
31.1 0.000584976
31.2 0.000596413
31.3 0.00060754
31.4 0.000618349
31.5 0.000628835
31.6 0.000638993
31.7 0.000648817
31.8 0.000658302
31.9 0.000667443
32 0.000676236
32.1 0.000684676
32.2 0.000692758
32.3 0.000700478
32.4 0.000707832
32.5 0.000714817
32.6 0.000721428
32.7 0.000727663
32.8 0.000733517
32.9 0.000738989
33 0.000744074
33.1 0.000748771
33.2 0.000753077
33.3 0.00075699
33.4 0.000760507
33.5 0.000763627
33.6 0.000766348
33.7 0.000768669
33.8 0.000770589
33.9 0.000772106
34 0.00077322
34.1 0.00077393
34.2 0.000774235
34.3 0.000774137
34.4 0.000773634
34.5 0.000772727
34.6 0.000771417
34.7 0.000769703
34.8 0.000767588
34.9 0.000765072
35 0.000762156
35.1 0.000758842
35.2 0.000755132
35.3 0.000751028
35.4 0.000746531
35.5 0.000741644
35.6 0.00073637
35.7 0.000730712
35.8 0.000724672
35.9 0.000718253
36 0.000711459
36.1 0.000704294
36.2 0.000696761
36.3 0.000688864
36.4 0.000680607
36.5 0.000671995
36.6 0.000663031
36.7 0.000653722
36.8 0.000644071
36.9 0.000634084
37 0.000623765
37.1 0.000613121
37.2 0.000602157
37.3 0.000590878
37.4 0.00057929
37.5 0.0005674
37.6 0.000555214
37.7 0.000542737
37.8 0.000529978
37.9 0.000516941
38 0.000503635
38.1 0.000490065
38.2 0.000476239
38.3 0.000462165
38.4 0.000447849
38.5 0.0004333
38.6 0.000418524
38.7 0.00040353
38.8 0.000388325
38.9 0.000372917
39 0.000357314
39.1 0.000341525
39.2 0.000325557
39.3 0.000309419
39.4 0.00029312
39.5 0.000275357
39.6 0.000259111
39.7 0.000243823
39.8 0.000229437
39.9 0.0002159
40 0.000203162
40.1 0.000191175
40.2 0.000179896
40.3 0.000169282
40.4 0.000159294
40.5 0.000149896
40.6 0.000141052
40.7 0.000132729
40.8 0.000124898
40.9 0.000117529
41 0.000110595
41.1 0.00010407
41.2 9.79296e-05
41.3 9.21517e-05
41.4 8.67146e-05
41.5 8.15984e-05
41.6 7.67841e-05
41.7 7.22537e-05
41.8 6.79907e-05
41.9 6.39792e-05
42 6.02044e-05
42.1 5.66523e-05
42.2 5.33098e-05
42.3 5.01645e-05
42.4 4.72047e-05
42.5 4.44196e-05
42.6 4.17988e-05
42.7 3.93327e-05
42.8 3.7012e-05
42.9 3.48283e-05
43 3.27734e-05
43.1 3.08397e-05
43.2 2.90202e-05
43.3 2.7308e-05
43.4 2.56968e-05
43.5 2.41806e-05
43.6 2.2754e-05
43.7 2.14115e-05
43.8 2.01482e-05
43.9 1.89594e-05
44 1.78408e-05
44.1 1.67882e-05
44.2 1.57977e-05
44.3 1.48656e-05
44.4 1.39885e-05
