-17.5 -0.00018323
-17.4 -0.000205745
-17.3 -0.000231019
-17.2 -0.000259389
-17.1 -0.000291233
-17 -0.000326975
-16.9 -0.000367091
-16.8 -0.000412115
-16.7 -0.000462644
-16.6 -0.000519349
-16.5 -0.000582984
-16.4 -0.000654392
-16.3 -0.000734519
-16.2 -0.000824427
-16.1 -0.000925304
-16 -0.00103848
-15.9 -0.00116546
-15.8 -0.00130792
-15.7 -0.00146772
-15.6 -0.00164699
-15.5 -0.00184807
-15.4 -0.00207362
-15.3 -0.0023266
-15.2 -0.00261033
-15.1 -0.00292853
-15 -0.00328538
-14.9 -0.00368554
-14.8 -0.00413427
-14.7 -0.00463741
-14.6 -0.00520154
-14.5 -0.00583403
-14.4 -0.00654312
-14.3 -0.00733803
-14.2 -0.00822912
-14.1 -0.00922796
-14 -0.0103475
-13.9 -0.0116023
-13.8 -0.0130086
-13.7 -0.0145845
-13.6 -0.0163505
-13.5 -0.0183294
-13.4 -0.0205467
-13.3 -0.0230308
-13.2 -0.0258139
-13.1 -0.0289316
-13 -0.0324239
-12.9 -0.0363356
-12.8 -0.0407169
-12.7 -0.0456236
-12.6 -0.0511185
-12.5 -0.0578181
-12.4 -0.0643798
-12.3 -0.0711602
-12.2 -0.078136
-12.1 -0.0852838
-12 -0.0925803
-11.9 -0.100002
-11.8 -0.107525
-11.7 -0.115126
-11.6 -0.122782
-11.5 -0.130471
-11.4 -0.138168
-11.3 -0.145851
-11.2 -0.153499
-11.1 -0.16109
-11 -0.168601
-10.9 -0.176013
-10.8 -0.183306
-10.7 -0.190459
-10.6 -0.197453
-10.5 -0.20427
-10.4 -0.210893
-10.3 -0.217305
-10.2 -0.223489
-10.1 -0.229431
-10 -0.235115
-9.9 -0.240528
-9.8 -0.245658
-9.7 -0.250493
-9.6 -0.255022
-9.5 -0.259234
-9.4 -0.263122
-9.3 -0.266678
-9.2 -0.269894
-9.1 -0.272764
-9 -0.275283
-8.9 -0.277448
-8.8 -0.279256
-8.7 -0.280704
-8.6 -0.281792
-8.5 -0.282519
-8.4 -0.282886
-8.3 -0.282896
-8.2 -0.282551
-8.1 -0.281855
-8 -0.280812
-7.9 -0.279427
-7.8 -0.277708
-7.7 -0.275661
-7.6 -0.273293
-7.5 -0.270614
-7.4 -0.267633
-7.3 -0.26436
-7.2 -0.260805
-7.1 -0.25698
-7 -0.252895
-6.9 -0.248565
-6.8 -0.244001
-6.7 -0.239216
-6.6 -0.234225
-6.5 -0.229041
-6.4 -0.223678
-6.3 -0.218151
-6.2 -0.212475
-6.1 -0.206664
-6 -0.200734
-5.9 -0.1947
-5.8 -0.188576
-5.7 -0.182378
-5.6 -0.176121
-5.5 -0.16982
-5.4 -0.16349
-5.3 -0.157145
-5.2 -0.150801
-5.1 -0.14447
-5 -0.138167
-4.9 -0.131905
-4.8 -0.125698
-4.7 -0.119558
-4.6 -0.113498
-4.5 -0.107528
-4.4 -0.101662
-4.3 -0.0959081
-4.2 -0.0902779
-4.1 -0.0847806
-4 -0.0794252
-3.9 -0.07422
-3.8 -0.0691726
-3.7 -0.06429
-3.6 -0.0595784
-3.5 -0.0550435
-3.4 -0.0506901
-3.3 -0.0465223
-3.2 -0.0425436
-3.1 -0.0387567
-3 -0.0351635
-2.9 -0.0317651
-2.8 -0.0285622
-2.7 -0.0255544
-2.6 -0.0227409
-2.5 -0.0201198
-2.4 -0.017689
-2.3 -0.0154452
-2.2 -0.0133848
-2.1 -0.0115035
-2 -0.00979614
-1.9 -0.00825719
-1.8 -0.00688045
-1.7 -0.00565912
-1.6 -0.00458592
-1.5 -0.00365303
-1.4 -0.00285215
-1.3 -0.00217454
-1.2 -0.00161104
-1.1 -0.00115211
-1 -0.000787854
-0.9 -0.000508071
-0.8 -0.000302277
-0.7 -0.000159748
-0.6 -6.95592e-05
-0.5 -2.06215e-05
-0.4 -1.71993e-06
-0.3 -1.55397e-06
-0.2 -8.77626e-06
-0.1 -1.20323e-05
-2.05669e-14 -4.81976e-18
0.1 3.85711e-05
0.2 0.000114821
0.3 0.000239738
0.4 0.000424126
0.5 0.00067856
0.6 0.00101335
0.7 0.00143852
0.8 0.00196374
0.9 0.00259833
1 0.00335118
1.1 0.00423078
1.2 0.00524514
1.3 0.00640177
1.4 0.00770766
1.5 0.00916925
1.6 0.0107924
1.7 0.0125824
1.8 0.014544
1.9 0.016681
2 0.0189969
2.1 0.0214944
2.2 0.0241755
2.3 0.0270416
2.4 0.0300931
2.5 0.0333301
2.6 0.0367516
2.7 0.0403562
2.8 0.0441417
2.9 0.048105
3 0.0522424
3.1 0.0565497
3.2 0.0610215
3.3 0.0656523
3.4 0.0704355
3.5 0.075364
3.6 0.08043
3.7 0.0856251
3.8 0.0909404
3.9 0.0963662
4 0.101892
4.1 0.107508
4.2 0.113203
4.3 0.118964
4.4 0.12478
4.5 0.130639
4.6 0.136527
4.7 0.142431
4.8 0.148338
4.9 0.154234
5 0.160104
5.1 0.165936
5.2 0.171714
5.3 0.177423
5.4 0.183051
5.5 0.188581
5.6 0.194001
5.7 0.199294
5.8 0.204448
5.9 0.209447
6 0.214278
6.1 0.218928
6.2 0.223383
6.3 0.227631
6.4 0.231657
6.5 0.235452
6.6 0.239001
6.7 0.242296
6.8 0.245324
6.9 0.248076
7 0.250542
7.1 0.252714
7.2 0.254584
7.3 0.256143
7.4 0.257386
7.5 0.258306
7.6 0.258899
7.7 0.259161
7.8 0.259087
7.9 0.258676
8 0.257926
8.1 0.256837
8.2 0.255408
8.3 0.25364
8.4 0.251537
8.5 0.249101
8.6 0.246336
8.7 0.243247
8.8 0.239841
8.9 0.236123
9 0.232102
9.1 0.227787
9.2 0.223188
9.3 0.218315
9.4 0.213179
9.5 0.207794
9.6 0.202172
9.7 0.196328
9.8 0.190276
9.9 0.184033
10 0.177614
10.1 0.171037
10.2 0.164319
10.3 0.15748
10.4 0.150538
10.5 0.143513
10.6 0.136425
10.7 0.129295
10.8 0.122143
10.9 0.114992
11 0.107862
11.1 0.100776
11.2 0.0937555
11.3 0.0868237
11.4 0.0800027
11.5 0.0733151
11.6 0.0667834
11.7 0.06043
11.8 0.0542773
11.9 0.0483474
12 0.0426622
12.1 0.0372435
12.2 0.0321124
12.3 0.0272899
12.4 0.0227963
12.5 0.0186516
12.6 0.0146245
12.7 0.0114095
12.8 0.00864507
12.9 0.00630038
13 0.00435023
13.1 0.00277477
13.2 0.00155925
13.3 0.000693966
13.4 0.000174151
13.5 1.00666e-27
13.6 0.00017675
13.7 0.000714837
13.8 0.00163012
13.9 0.00294422
14 0.00468487
14.1 0.00688646
14.2 0.00959062
14.3 0.0128469
14.4 0.0167137
14.5 0.0212592
14.6 0.0268408
14.7 0.0326147
14.8 0.038956
14.9 0.0458618
15 0.0533278
15.1 0.0613483
15.2 0.0699165
15.3 0.0790238
15.4 0.0886607
15.5 0.098816
15.6 0.109477
15.7 0.120631
15.8 0.132262
15.9 0.144354
16 0.15689
16.1 0.16985
16.2 0.183215
16.3 0.196963
16.4 0.211073
16.5 0.225521
16.6 0.240282
16.7 0.255332
16.8 0.270644
16.9 0.28619
17 0.301943
17.1 0.317874
17.2 0.333954
17.3 0.350152
17.4 0.366437
17.5 0.382778
17.6 0.399144
17.7 0.415502
17.8 0.43182
17.9 0.448065
18 0.464204
18.1 0.480205
18.2 0.496034
18.3 0.511658
18.4 0.527045
18.5 0.542161
18.6 0.556975
18.7 0.571455
18.8 0.585569
18.9 0.599285
19 0.612575
19.1 0.625407
19.2 0.637753
19.3 0.649585
19.4 0.660874
19.5 0.671596
19.6 0.681724
19.7 0.691235
19.8 0.700105
19.9 0.708312
20 0.715835
20.1 0.722656
20.2 0.728757
20.3 0.73412
20.4 0.738732
20.5 0.742578
20.6 0.745647
20.7 0.747929
20.8 0.749415
20.9 0.750099
21 0.749974
21.1 0.749039
21.2 0.747291
21.3 0.74473
21.4 0.741359
21.5 0.737182
21.6 0.732203
21.7 0.726432
21.8 0.719876
21.9 0.712547
22 0.704459
22.1 0.695625
22.2 0.686062
22.3 0.675789
22.4 0.664826
22.5 0.653195
22.6 0.640918
22.7 0.628021
22.8 0.61453
22.9 0.600474
23 0.585882
23.1 0.570785
23.2 0.555215
23.3 0.539207
23.4 0.522795
23.5 0.506015
23.6 0.488905
23.7 0.471503
23.8 0.453848
23.9 0.43598
24 0.41794
24.1 0.399769
24.2 0.38151
24.3 0.363206
24.4 0.3449
24.5 0.326634
24.6 0.308454
24.7 0.290403
24.8 0.272524
24.9 0.254863
25 0.237462
25.1 0.220365
25.2 0.203615
25.3 0.187256
25.4 0.17133
25.5 0.155877
25.6 0.14094
25.7 0.126558
25.8 0.112771
25.9 0.0996157
26 0.0871307
26.1 0.0753514
26.2 0.0643125
26.3 0.0540473
26.4 0.0445876
26.5 0.0359637
26.6 0.0282044
26.7 0.0213367
26.8 0.015386
26.9 0.0103756
27 0.00632734
27.1 0.00326076
27.2 0.00119357
27.3 0.000141411
27.4 0.000117815
27.5 0.00113418
27.6 0.00319972
27.7 0.00632145
27.8 0.0105041
27.9 0.0157502
28 0.0220599
28.1 0.0294311
28.2 0.0378594
28.3 0.047338
28.4 0.0578579
28.5 0.0694076
28.6 0.0819734
28.7 0.0955393
28.8 0.110087
28.9 0.125596
29 0.142044
29.1 0.159405
29.2 0.177653
29.3 0.196758
29.4 0.21669
29.5 0.237414
29.6 0.258896
29.7 0.281099
29.8 0.303983
29.9 0.327509
30 0.351635
30.1 0.376315
30.2 0.401506
30.3 0.427159
30.4 0.453229
30.5 0.479665
30.6 0.506416
30.7 0.533433
30.8 0.560662
30.9 0.588051
31 0.615546
31.1 0.643092
31.2 0.670636
31.3 0.698122
31.4 0.725495
31.5 0.752699
31.6 0.77968
31.7 0.806382
31.8 0.83275
31.9 0.85873
32 0.884268
32.1 0.90931
32.2 0.933804
32.3 0.957698
32.4 0.980941
32.5 1.00348
32.6 1.02528
32.7 1.04627
32.8 1.06643
32.9 1.0857
33 1.10404
33.1 1.12141
33.2 1.13777
33.3 1.15309
33.4 1.16732
33.5 1.18044
33.6 1.19242
33.7 1.20322
33.8 1.21283
33.9 1.22121
34 1.22835
34.1 1.23423
34.2 1.23882
34.3 1.24213
34.4 1.24413
34.5 1.24483
34.6 1.2442
34.7 1.24226
34.8 1.239
34.9 1.23443
35 1.22855
35.1 1.22137
35.2 1.2129
35.3 1.20316
35.4 1.19216
35.5 1.17993
35.6 1.16649
35.7 1.15185
35.8 1.13606
35.9 1.11915
36 1.10113
36.1 1.08206
36.2 1.06197
36.3 1.0409
36.4 1.0189
36.5 0.996006
36.6 0.972269
36.7 0.947741
36.8 0.922471
36.9 0.896514
37 0.869924
37.1 0.84276
37.2 0.815078
37.3 0.78694
37.4 0.758405
37.5 0.729537
37.6 0.700399
37.7 0.671055
37.8 0.64157
37.9 0.61201
38 0.582441
38.1 0.552929
38.2 0.523542
38.3 0.494345
38.4 0.465407
38.5 0.436793
38.6 0.408569
38.7 0.380802
38.8 0.353557
38.9 0.326897
39 0.300886
39.1 0.275587
39.2 0.25106
39.3 0.227365
39.4 0.204562
39.5 0.180978
39.6 0.160658
39.7 0.142619
39.8 0.126604
39.9 0.112387
40 0.0997658
40.1 0.0885615
40.2 0.0786149
40.3 0.0697851
40.4 0.0619466
40.5 0.0549882
40.6 0.0488112
40.7 0.0433278
40.8 0.0384601
40.9 0.0341391
41 0.0303034
41.1 0.0268985
41.2 0.023876
41.3 0.0211931
41.4 0.0188115
41.5 0.0166974
41.6 0.0148208
41.7 0.0131551
41.8 0.0116765
41.9 0.010364
42 0.00919905
42.1 0.00816497
42.2 0.00724709
42.3 0.00643236
42.4 0.00570919
42.5 0.00506729
42.6 0.00449754
42.7 0.00399183
42.8 0.00354296
42.9 0.00314455
43 0.00279093
43.1 0.00247706
43.2 0.00219847
43.3 0.00195121
43.4 0.00173175
43.5 0.00153696
43.6 0.00136407
43.7 0.00121063
43.8 0.00107444
43.9 0.000953568
44 0.000846289
44.1 0.000751075
44.2 0.000666569
44.3 0.000591569
44.4 0.000525005
