-17.5 2.76557e-07
-17.4 3.42601e-07
-17.3 4.24387e-07
-17.2 5.25663e-07
-17.1 6.51064e-07
-17 8.06324e-07
-16.9 9.9854e-07
-16.8 1.23649e-06
-16.7 1.53104e-06
-16.6 1.89561e-06
-16.5 2.34683e-06
-16.4 2.90524e-06
-16.3 3.59625e-06
-16.2 4.45129e-06
-16.1 5.50919e-06
-16 6.81799e-06
-15.9 8.43706e-06
-15.8 1.04398e-05
-15.7 1.29169e-05
-15.6 1.59804e-05
-15.5 1.97689e-05
-15.4 2.44535e-05
-15.3 3.02456e-05
-15.2 3.74065e-05
-15.1 4.62588e-05
-15 5.7201e-05
-14.9 7.07252e-05
-14.8 8.74391e-05
-14.7 0.000108093
-14.6 0.000133613
-14.5 0.000165143
-14.4 0.000204093
-14.3 0.000252207
-14.2 0.000311632
-14.1 0.00038502
-14 0.000475644
-13.9 0.000587538
-13.8 0.00072568
-13.7 0.000896207
-13.6 0.00110669
-13.5 0.00136646
-13.4 0.00168701
-13.3 0.00208254
-13.2 0.0025705
-13.1 0.00317243
-13 0.00391487
-12.9 0.00483048
-12.8 0.00595952
-12.7 0.00735156
-12.6 0.00906763
-12.5 0.0112235
-12.4 0.0137167
-12.3 0.0165105
-12.2 0.0196016
-12.1 0.0229813
-12 0.0266355
-11.9 0.030545
-11.8 0.0346854
-11.7 0.0390277
-11.6 0.0435386
-11.5 0.0481809
-11.4 0.0529139
-11.3 0.0576945
-11.2 0.0624774
-11.1 0.0672159
-11 0.0718629
-10.9 0.0763711
-10.8 0.0806943
-10.7 0.0847875
-10.6 0.0886082
-10.5 0.0921167
-10.4 0.0952764
-10.3 0.0980551
-10.2 0.100425
-10.1 0.102362
-10 0.103848
-9.9 0.104871
-9.8 0.105423
-9.7 0.105501
-9.6 0.10511
-9.5 0.104257
-9.4 0.102956
-9.3 0.101225
-9.2 0.0990877
-9.1 0.09657
-9 0.0937023
-8.9 0.0905179
-8.8 0.0870523
-8.7 0.0833434
-8.6 0.0794301
-8.5 0.0753521
-8.4 0.0711496
-8.3 0.0668621
-8.2 0.0625284
-8.1 0.0581861
-8 0.0538708
-7.9 0.049616
-7.8 0.0454527
-7.7 0.0414088
-7.6 0.0375094
-7.5 0.0337763
-7.4 0.0302279
-7.3 0.026879
-7.2 0.0237413
-7.1 0.0208228
-7 0.0181284
-6.9 0.0156599
-6.8 0.0134161
-6.7 0.0113932
-6.6 0.00958498
-6.5 0.00798304
-6.4 0.00657719
-6.3 0.00535574
-6.2 0.00430581
-6.1 0.00341364
-6 0.00266494
-5.9 0.00204513
-5.8 0.00153968
-5.7 0.00113429
-5.6 0.00081521
-5.5 0.000569351
-5.4 0.00038451
-5.3 0.000249485
-5.2 0.000154178
-5.1 8.96642e-05
-5 4.82272e-05
-4.9 2.33652e-05
-4.8 9.76602e-06
-4.7 3.25785e-06
-4.6 7.36175e-07
-4.5 7.1324e-08
-4.4 1.78345e-10
-4.3 5.87081e-09
-4.2 1.89467e-07
-4.1 1.13754e-06
-4 3.78941e-06
-3.9 9.30777e-06
-3.8 1.89558e-05
-3.7 3.3984e-05
-3.6 5.55291e-05
-3.5 8.45277e-05
-3.4 0.000121645
-3.3 0.000167222
-3.2 0.000221238
-3.1 0.000283295
-3 0.000352614
-2.9 0.000428055
-2.8 0.000508145
-2.7 0.000591122
-2.6 0.000674998
-2.5 0.000757617
-2.4 0.000836733
-2.3 0.000910087
-2.2 0.000975483
-2.1 0.00103087
-2 0.00107442
-1.9 0.00110457
-1.8 0.00112014
-1.7 0.00112031
-1.6 0.00110473
-1.5 0.00107349
-1.4 0.00102716
-1.3 0.000966803
-1.2 0.000893919
-1.1 0.000810447
-1 0.000718712
-0.9 0.000621369
-0.8 0.000521343
-0.7 0.000421748
-0.6 0.000325811
-0.5 0.000236786
-0.4 0.000157863
-0.3 9.20829e-05
-0.2 4.22514e-05
-0.1 1.08574e-05
-2.05669e-14 4.70034e-31
0.1 1.13242e-05
0.2 4.59667e-05
0.3 0.000104516
0.4 0.000186982
0.5 0.000292788
0.6 0.000420768
0.7 0.000569189
0.8 0.00073578
0.9 0.000917777
1 0.00111199
1.1 0.00131487
1.2 0.00152258
1.3 0.00173111
1.4 0.00193634
1.5 0.00213418
1.6 0.00232063
1.7 0.00249188
1.8 0.00264444
1.9 0.00277518
2 0.00288145
2.1 0.0029611
2.2 0.00301258
2.3 0.00303495
2.4 0.00302788
2.5 0.00299172
2.6 0.00292743
2.7 0.00283659
2.8 0.00272132
2.9 0.00258426
3 0.00242847
3.1 0.00225735
3.2 0.00207456
3.3 0.00188391
3.4 0.00168925
3.5 0.00149437
3.6 0.0013029
3.7 0.00111821
3.8 0.000943312
3.9 0.000780774
4 0.000632677
4.1 0.000500548
4.2 0.000385334
4.3 0.000287389
4.4 0.000206488
4.5 0.000141859
4.6 9.22345e-05
4.7 5.59347e-05
4.8 3.09615e-05
4.9 1.51172e-05
5 6.1393e-06
5.1 1.84963e-06
5.2 3.14149e-07
5.3 1.07529e-08
5.4 1.6405e-10
5.5 9.58075e-08
5.6 1.02805e-06
5.7 4.59812e-06
5.8 1.38169e-05
5.9 3.30241e-05
6 6.79834e-05
6.1 0.000125949
6.2 0.000215703
6.3 0.000347551
6.4 0.000533289
6.5 0.000786127
6.6 0.00112057
6.7 0.00155226
6.8 0.0020978
6.9 0.00277446
7 0.0036
7.1 0.00459227
7.2 0.00576895
7.3 0.00714717
7.4 0.00874312
7.5 0.0105717
7.6 0.0126462
7.7 0.0149776
7.8 0.0175748
7.9 0.0204435
8 0.0235867
8.1 0.0270036
8.2 0.03069
8.3 0.0346377
8.4 0.0388346
8.5 0.0432645
8.6 0.0479068
8.7 0.0527373
8.8 0.0577273
8.9 0.0628448
9 0.068054
9.1 0.0733159
9.2 0.0785888
9.3 0.0838287
9.4 0.0889896
9.5 0.0940243
9.6 0.098885
9.7 0.103524
9.8 0.107893
9.9 0.111947
10 0.115642
10.1 0.118936
10.2 0.121791
10.3 0.124174
10.4 0.126054
10.5 0.127406
10.6 0.128212
10.7 0.128458
10.8 0.128136
10.9 0.127246
11 0.125793
11.1 0.123788
11.2 0.121249
11.3 0.118202
11.4 0.114675
11.5 0.110705
11.6 0.106332
11.7 0.101601
11.8 0.0965604
11.9 0.0912622
12 0.0857604
12.1 0.0801105
12.2 0.0743688
12.3 0.0685911
12.4 0.0628325
12.5 0.0571461
12.6 0.0518945
12.7 0.0476781
12.8 0.0442589
12.9 0.0415312
13 0.0394124
13.1 0.0378396
13.2 0.0367673
13.3 0.0361656
13.4 0.0360193
13.5 0.0363271
13.6 0.0371025
13.7 0.0383737
13.8 0.0401858
13.9 0.0426024
14 0.045709
14.1 0.0496173
14.2 0.05447
14.3 0.0604482
14.4 0.0677805
14.5 0.0767536
14.6 0.0871058
14.7 0.0979698
14.8 0.109445
14.9 0.121476
15 0.134001
15.1 0.146944
15.2 0.160222
15.3 0.173744
15.4 0.187409
15.5 0.201111
15.6 0.214738
15.7 0.228174
15.8 0.2413
15.9 0.253995
16 0.26614
16.1 0.277615
16.2 0.288307
16.3 0.298105
16.4 0.306906
16.5 0.314616
16.6 0.321148
16.7 0.326429
16.8 0.330396
16.9 0.333
17 0.334205
17.1 0.333991
17.2 0.332352
17.3 0.329297
17.4 0.324853
17.5 0.319058
17.6 0.311967
17.7 0.30365
17.8 0.294188
17.9 0.283675
18 0.272216
18.1 0.259924
18.2 0.246921
18.3 0.233336
18.4 0.219299
18.5 0.204945
18.6 0.190409
18.7 0.175823
18.8 0.161319
18.9 0.147019
19 0.133043
19.1 0.1195
19.2 0.106488
19.3 0.094097
19.4 0.0824015
19.5 0.0714648
19.6 0.061336
19.7 0.05205
19.8 0.0436277
19.9 0.0360759
20 0.0293877
20.1 0.0235436
20.2 0.0185118
20.3 0.0142498
20.4 0.0107056
20.5 0.00781941
20.6 0.00552506
20.7 0.00375213
20.8 0.00242772
20.9 0.00147853
21 0.000832797
21.1 0.000422369
21.2 0.000184598
21.3 6.42081e-05
21.4 1.5013e-05
21.5 1.46403e-06
21.6 2.6248e-09
21.7 1.80257e-07
21.8 5.5213e-06
21.9 3.41062e-05
22 0.000118857
22.1 0.000307512
22.2 0.000662286
22.3 0.0012592
22.4 0.00218712
22.5 0.00354647
22.6 0.00544762
22.7 0.00800912
22.8 0.0113555
22.9 0.0156153
23 0.0209179
23.1 0.0273918
23.2 0.0351612
23.3 0.0443438
23.4 0.0550476
23.5 0.0673686
23.6 0.0813877
23.7 0.0971691
23.8 0.114757
23.9 0.134175
24 0.155422
24.1 0.178474
24.2 0.20328
24.3 0.229764
24.4 0.257822
24.5 0.287325
24.6 0.318116
24.7 0.350017
24.8 0.382822
24.9 0.416307
25 0.450227
25.1 0.484319
25.2 0.51831
25.3 0.551913
25.4 0.584835
25.5 0.616779
25.6 0.64745
25.7 0.676555
25.8 0.703811
25.9 0.728946
26 0.751705
26.1 0.77185
26.2 0.78917
26.3 0.803475
26.4 0.814608
26.5 0.822441
26.6 0.82688
26.7 0.827867
26.8 0.825379
26.9 0.819428
27 0.810065
27.1 0.797376
27.2 0.781482
27.3 0.762538
27.4 0.740731
27.5 0.716277
27.6 0.689416
27.7 0.660414
27.8 0.629554
27.9 0.597136
28 0.56347
28.1 0.528874
28.2 0.493667
28.3 0.458167
28.4 0.422687
28.5 0.387528
28.6 0.352978
28.7 0.319304
28.8 0.286755
28.9 0.255554
29 0.225896
29.1 0.197948
29.2 0.171846
29.3 0.147694
29.4 0.125562
29.5 0.105491
29.6 0.0874861
29.7 0.0715258
29.8 0.0575577
29.9 0.0455036
30 0.0352614
30.1 0.0267084
30.2 0.0197049
30.3 0.0140978
30.4 0.00972487
30.5 0.00641893
30.6 0.00401198
30.7 0.00233963
30.8 0.00124531
30.9 0.000584296
31 0.000227602
31.1 6.54513e-05
31.2 1.04555e-05
31.3 3.11064e-07
31.4 9.0827e-09
31.5 3.49488e-06
31.6 3.47408e-05
31.7 0.000148202
31.8 0.000428637
31.9 0.000990282
32 0.00197539
32.1 0.00355213
32.2 0.00591191
32.3 0.00926612
32.4 0.0138424
32.5 0.0198802
32.6 0.0276267
32.7 0.0373312
32.8 0.0492404
32.9 0.063593
33 0.0806144
33.1 0.100511
33.2 0.123466
33.3 0.149633
33.4 0.179132
33.5 0.212046
33.6 0.248417
33.7 0.288241
33.8 0.331468
33.9 0.377998
34 0.427682
34.1 0.48032
34.2 0.535663
34.3 0.593412
34.4 0.653223
34.5 0.714707
34.6 0.777437
34.7 0.84095
34.8 0.90475
34.9 0.96832
35 1.03112
35.1 1.09261
35.2 1.15222
35.3 1.20941
35.4 1.26363
35.5 1.31436
35.6 1.36109
35.7 1.40336
35.8 1.44073
35.9 1.4728
36 1.49924
36.1 1.51976
36.2 1.53413
36.3 1.54218
36.4 1.54382
36.5 1.53901
36.6 1.52778
36.7 1.51024
36.8 1.48654
36.9 1.45693
37 1.42168
37.1 1.38115
37.2 1.33575
37.3 1.28592
37.4 1.23215
37.5 1.17496
37.6 1.11491
37.7 1.05256
37.8 0.988505
37.9 0.923325
38 0.857603
38.1 0.791911
38.2 0.726797
38.3 0.662788
38.4 0.600375
38.5 0.540008
38.6 0.482096
38.7 0.426996
38.8 0.375013
38.9 0.326396
39 0.281338
39.1 0.23997
39.2 0.202369
39.3 0.168553
39.4 0.138484
39.5 0.111668
39.6 0.0895659
39.7 0.0718378
39.8 0.0576179
39.9 0.0462122
40 0.0370639
40.1 0.0297262
40.2 0.0238409
40.3 0.0191205
40.4 0.0153346
40.5 0.0122981
40.6 0.00986279
40.7 0.00790963
40.8 0.00634318
40.9 0.0050869
41 0.00407937
41.1 0.00327137
41.2 0.00262337
41.3 0.0021037
41.4 0.00168696
41.5 0.00135276
41.6 0.00108475
41.7 0.000869831
41.8 0.000697485
41.9 0.00055928
42 0.000448456
42.1 0.000359588
42.2 0.000288327
42.3 0.000231185
42.4 0.000185366
42.5 0.000148627
42.6 0.000119167
42.7 9.55462e-05
42.8 7.66064e-05
42.9 6.14202e-05
43 4.9244e-05
43.1 3.94812e-05
43.2 3.16536e-05
43.3 2.53776e-05
43.4 2.03458e-05
43.5 1.63114e-05
43.6 1.3077e-05
43.7 1.04837e-05
43.8 8.40467e-06
43.9 6.73785e-06
44 5.40153e-06
44.1 4.3302e-06
44.2 3.47133e-06
44.3 2.78277e-06
44.4 2.23077e-06
