-17.5 -0.000525887
-17.4 -0.000585321
-17.3 -0.00065145
-17.2 -0.000725026
-17.1 -0.000806885
-17 -0.000897955
-16.9 -0.00099927
-16.8 -0.00111198
-16.7 -0.00123735
-16.6 -0.00137681
-16.5 -0.00153194
-16.4 -0.00170448
-16.3 -0.00189638
-16.2 -0.00210981
-16.1 -0.00234717
-16 -0.00261113
-15.9 -0.00290466
-15.8 -0.00323107
-15.7 -0.003594
-15.6 -0.00399755
-15.5 -0.00444622
-15.4 -0.00494505
-15.3 -0.0054996
-15.2 -0.00611609
-15.1 -0.00680138
-15 -0.00756313
-14.9 -0.00840983
-14.8 -0.00935089
-14.7 -0.0103968
-14.6 -0.0115591
-14.5 -0.0128508
-14.4 -0.0142861
-14.3 -0.015881
-14.2 -0.0176531
-14.1 -0.0196219
-14 -0.0218093
-13.9 -0.0242392
-13.8 -0.0269384
-13.7 -0.0299367
-13.6 -0.0332669
-13.5 -0.0369656
-13.4 -0.0410733
-13.3 -0.0456348
-13.2 -0.0507001
-13.1 -0.0563244
-13 -0.0625689
-12.9 -0.0695017
-12.8 -0.0771979
-12.7 -0.0857412
-12.6 -0.0952241
-12.5 -0.105941
-12.4 -0.117118
-12.3 -0.128493
-12.2 -0.140006
-12.1 -0.151596
-12 -0.163204
-11.9 -0.174771
-11.8 -0.18624
-11.7 -0.197554
-11.6 -0.208659
-11.5 -0.219501
-11.4 -0.23003
-11.3 -0.240197
-11.2 -0.249955
-11.1 -0.25926
-11 -0.268073
-10.9 -0.276353
-10.8 -0.284067
-10.7 -0.291183
-10.6 -0.297671
-10.5 -0.303507
-10.4 -0.308669
-10.3 -0.313137
-10.2 -0.316898
-10.1 -0.31994
-10 -0.322255
-9.9 -0.323838
-9.8 -0.324689
-9.7 -0.324809
-9.6 -0.324206
-9.5 -0.322888
-9.4 -0.320867
-9.3 -0.318159
-9.2 -0.314782
-9.1 -0.310757
-9 -0.306108
-8.9 -0.300862
-8.8 -0.295046
-8.7 -0.288693
-8.6 -0.281833
-8.5 -0.274503
-8.4 -0.266739
-8.3 -0.258577
-8.2 -0.250057
-8.1 -0.241218
-8 -0.232101
-7.9 -0.222747
-7.8 -0.213196
-7.7 -0.203491
-7.6 -0.193674
-7.5 -0.183783
-7.4 -0.173862
-7.3 -0.163948
-7.2 -0.154082
-7.1 -0.144301
-7 -0.134642
-6.9 -0.125139
-6.8 -0.115828
-6.7 -0.106739
-6.6 -0.0979029
-6.5 -0.0893478
-6.4 -0.0810999
-6.3 -0.0731829
-6.2 -0.0656186
-6.1 -0.0584264
-6 -0.051623
-5.9 -0.0452232
-5.8 -0.0392387
-5.7 -0.0336793
-5.6 -0.0285519
-5.5 -0.0238611
-5.4 -0.0196089
-5.3 -0.0157951
-5.2 -0.0124168
-5.1 -0.00946912
-5 -0.00694458
-4.9 -0.00483376
-4.8 -0.00312506
-4.7 -0.00180495
-4.6 -0.000858007
-4.5 -0.000267066
-4.4 -1.33546e-05
-4.3 -7.66212e-05
-4.2 -0.000435279
-4.1 -0.00106655
-4 -0.00194664
-3.9 -0.00305086
-3.8 -0.00435382
-3.7 -0.00582958
-3.6 -0.00745179
-3.5 -0.00919389
-3.4 -0.0110293
-3.3 -0.0129314
-3.2 -0.0148741
-3.1 -0.0168314
-3 -0.018778
-2.9 -0.0206895
-2.8 -0.0225421
-2.7 -0.024313
-2.6 -0.0259807
-2.5 -0.0275248
-2.4 -0.0289263
-2.3 -0.0301676
-2.2 -0.0312327
-2.1 -0.0321072
-2 -0.0327783
-1.9 -0.0332351
-1.8 -0.0334684
-1.7 -0.033471
-1.6 -0.0332374
-1.5 -0.0327641
-1.4 -0.0320494
-1.3 -0.0310935
-1.2 -0.0298985
-1.1 -0.0284684
-1 -0.0268088
-0.9 -0.0249273
-0.8 -0.0228329
-0.7 -0.0205365
-0.6 -0.0180502
-0.5 -0.0153878
-0.4 -0.0125643
-0.3 -0.00959598
-0.2 -0.00650011
-0.1 -0.00329505
-2.05669e-14 -6.8559e-16
0.1 0.00336514
0.2 0.00677988
0.3 0.0102233
0.4 0.0136741
0.5 0.017111
0.6 0.0205126
0.7 0.0238577
0.8 0.0271253
0.9 0.0302948
1 0.0333465
1.1 0.0362611
1.2 0.0390202
1.3 0.0416066
1.4 0.0440039
1.5 0.0461972
1.6 0.0481729
1.7 0.0499187
1.8 0.0514241
1.9 0.05268
2 0.0536791
2.1 0.054416
2.2 0.054887
2.3 0.0550903
2.4 0.0550262
2.5 0.0546966
2.6 0.0541057
2.7 0.0532596
2.8 0.0521663
2.9 0.0508356
3 0.0492795
3.1 0.0475115
3.2 0.0455473
3.3 0.043404
3.4 0.0411004
3.5 0.0386571
3.6 0.0360957
3.7 0.0334397
3.8 0.0307134
3.9 0.0279423
4 0.0251531
4.1 0.0223729
4.2 0.0196299
4.3 0.0169525
4.4 0.0143697
4.5 0.0119104
4.6 0.00960388
4.7 0.00747895
4.8 0.0055643
4.9 0.00388808
5 0.00247776
5.1 0.00136001
5.2 0.00056049
5.3 0.000103696
5.4 1.28082e-05
5.5 0.000309528
5.6 0.00101393
5.7 0.00214432
5.8 0.00371711
5.9 0.00574666
6 0.00824521
6.1 0.0112227
6.2 0.0146868
6.3 0.0186427
6.4 0.0230931
6.5 0.028038
6.6 0.0334749
6.7 0.0393988
6.8 0.0458017
6.9 0.0526732
7 0.06
7.1 0.0677663
7.2 0.0759536
7.3 0.0845409
7.4 0.0935046
7.5 0.102819
7.6 0.112455
7.7 0.122383
7.8 0.13257
7.9 0.142981
8 0.153579
8.1 0.164328
8.2 0.175186
8.3 0.186112
8.4 0.197065
8.5 0.208001
8.6 0.218876
8.7 0.229646
8.8 0.240265
8.9 0.250689
9 0.260872
9.1 0.270769
9.2 0.280337
9.3 0.289532
9.4 0.298311
9.5 0.306634
9.6 0.31446
9.7 0.321751
9.8 0.328471
9.9 0.334585
10 0.340062
10.1 0.344871
10.2 0.348986
10.3 0.352383
10.4 0.355041
10.5 0.35694
10.6 0.358068
10.7 0.358411
10.8 0.357961
10.9 0.356716
11 0.354673
11.1 0.351835
11.2 0.348209
11.3 0.343805
11.4 0.338637
11.5 0.332724
11.6 0.326086
11.7 0.318749
11.8 0.310742
11.9 0.302096
12 0.292849
12.1 0.283038
12.2 0.272706
12.3 0.261899
12.4 0.250664
12.5 0.239053
12.6 0.227804
12.7 0.218353
12.8 0.210378
12.9 0.203792
13 0.198525
13.1 0.194524
13.2 0.191748
13.3 0.190173
13.4 0.189787
13.5 0.190597
13.6 0.19262
13.7 0.195892
13.8 0.200464
13.9 0.206403
14 0.213797
14.1 0.222749
14.2 0.233388
14.3 0.245862
14.4 0.260347
14.5 0.277044
14.6 0.295137
14.7 0.313001
14.8 0.330824
14.9 0.348534
15 0.366061
15.1 0.383332
15.2 0.400277
15.3 0.416826
15.4 0.432907
15.5 0.448454
15.6 0.463398
15.7 0.477676
15.8 0.491223
15.9 0.503979
16 0.515887
16.1 0.526892
16.2 0.536942
16.3 0.54599
16.4 0.553991
16.5 0.560906
16.6 0.5667
16.7 0.57134
16.8 0.574801
16.9 0.577062
17 0.578105
17.1 0.577919
17.2 0.5765
17.3 0.573844
17.4 0.569958
17.5 0.564852
17.6 0.55854
17.7 0.551045
17.8 0.542391
17.9 0.532612
18 0.521743
18.1 0.509827
18.2 0.496912
18.3 0.483048
18.4 0.468294
18.5 0.452708
18.6 0.436358
18.7 0.419313
18.8 0.401645
18.9 0.383431
19 0.364751
19.1 0.345688
19.2 0.326326
19.3 0.306752
19.4 0.287057
19.5 0.267329
19.6 0.247661
19.7 0.228145
19.8 0.208872
19.9 0.189936
20 0.171429
20.1 0.153439
20.2 0.136058
20.3 0.119372
20.4 0.103468
20.5 0.0884274
20.6 0.0743308
20.7 0.0612546
20.8 0.0492719
20.9 0.0384516
21 0.0288582
21.1 0.0205516
21.2 0.0135867
21.3 0.00801299
21.4 0.00387466
21.5 0.00120997
21.6 5.12328e-05
21.7 0.000424566
21.8 0.00234975
21.9 0.00584005
22 0.0109022
22.1 0.017536
22.2 0.0257349
22.3 0.0354852
22.4 0.0467667
22.5 0.0595522
22.6 0.073808
22.7 0.0894937
22.8 0.106562
22.9 0.124961
23 0.14463
23.1 0.165505
23.2 0.187513
23.3 0.21058
23.4 0.234622
23.5 0.259555
23.6 0.285285
23.7 0.31172
23.8 0.338758
23.9 0.366299
24 0.394236
24.1 0.422462
24.2 0.450866
24.3 0.479337
24.4 0.507762
24.5 0.536027
24.6 0.564018
24.7 0.591622
24.8 0.618726
24.9 0.645219
25 0.670989
25.1 0.695931
25.2 0.719938
25.3 0.742908
25.4 0.764745
25.5 0.785353
25.6 0.804643
25.7 0.82253
25.8 0.838935
25.9 0.853784
26 0.867009
26.1 0.87855
26.2 0.888352
26.3 0.896368
26.4 0.902556
26.5 0.906885
26.6 0.90933
26.7 0.909872
26.8 0.908504
26.9 0.905222
27 0.900036
27.1 0.892959
27.2 0.884015
27.3 0.873234
27.4 0.860658
27.5 0.846331
27.6 0.830311
27.7 0.812658
27.8 0.793444
27.9 0.772746
28 0.750646
28.1 0.727237
28.2 0.702614
28.3 0.676881
28.4 0.650144
28.5 0.622518
28.6 0.594119
28.7 0.56507
28.8 0.535495
28.9 0.505523
29 0.475285
29.1 0.444914
29.2 0.414543
29.3 0.38431
29.4 0.354348
29.5 0.324793
29.6 0.29578
29.7 0.267443
29.8 0.239912
29.9 0.213316
30 0.18778
30.1 0.163427
30.2 0.140374
30.3 0.118734
30.4 0.0986148
30.5 0.0801182
30.6 0.0633402
30.7 0.0483697
30.8 0.0352889
30.9 0.0241722
31 0.0150865
31.1 0.0080902
31.2 0.0032335
31.3 0.000557731
31.4 9.53032e-05
31.5 0.00186946
31.6 0.00589413
31.7 0.0121738
31.8 0.0207035
31.9 0.0314687
32 0.0444453
32.1 0.0595997
32.2 0.0768889
32.3 0.0962607
32.4 0.117654
32.5 0.140997
32.6 0.166213
32.7 0.193213
32.8 0.221902
32.9 0.252177
33 0.283927
33.1 0.317035
33.2 0.351377
33.3 0.386824
33.4 0.42324
33.5 0.460485
33.6 0.498415
33.7 0.536881
33.8 0.575733
33.9 0.614816
34 0.653974
34.1 0.693051
34.2 0.73189
34.3 0.770332
34.4 0.808222
34.5 0.845404
34.6 0.881724
34.7 0.917033
34.8 0.951183
34.9 0.984032
35 1.01544
35.1 1.04528
35.2 1.07341
35.3 1.09973
35.4 1.12411
35.5 1.14646
35.6 1.16666
35.7 1.18464
35.8 1.2003
35.9 1.21359
36 1.22443
36.1 1.23278
36.2 1.2386
36.3 1.24185
36.4 1.24251
36.5 1.24057
36.6 1.23604
36.7 1.22892
36.8 1.21924
36.9 1.20703
37 1.19234
37.1 1.17523
37.2 1.15575
37.3 1.13398
37.4 1.11002
37.5 1.08395
37.6 1.05589
37.7 1.02594
37.8 0.994236
37.9 0.960898
38 0.926069
38.1 0.889894
38.2 0.852524
38.3 0.814118
38.4 0.774838
38.5 0.734852
38.6 0.694331
38.7 0.653449
38.8 0.612383
38.9 0.571311
39 0.530413
39.1 0.489868
39.2 0.449855
39.3 0.410552
39.4 0.372134
39.5 0.334167
39.6 0.299276
39.7 0.268026
39.8 0.240037
39.9 0.21497
40 0.19252
40.1 0.172413
40.2 0.154405
40.3 0.138277
40.4 0.123833
40.5 0.110897
40.6 0.0993116
40.7 0.0889361
40.8 0.0796441
40.9 0.0713225
41 0.06387
41.1 0.0571958
41.2 0.0512188
41.3 0.0458661
41.4 0.0410726
41.5 0.0367798
41.6 0.0329355
41.7 0.0294929
41.8 0.0264099
41.9 0.0236491
42 0.0211768
42.1 0.0189628
42.2 0.0169802
42.3 0.0152048
42.4 0.0136149
42.5 0.0121913
42.6 0.0109164
42.7 0.00977478
42.8 0.00875251
42.9 0.00783711
43 0.00701741
43.1 0.00628341
43.2 0.00562615
43.3 0.00503762
43.4 0.00451063
43.5 0.00403874
43.6 0.00361621
43.7 0.00323786
43.8 0.00289908
43.9 0.00259574
44 0.00232412
44.1 0.00208091
44.2 0.00186315
44.3 0.00166816
44.4 0.00149358
