-17.5 2.41554e-05
-17.4 2.5557e-05
-17.3 2.70399e-05
-17.2 2.86088e-05
-17.1 3.02688e-05
-17 3.20251e-05
-16.9 3.38833e-05
-16.8 3.58493e-05
-16.7 3.79294e-05
-16.6 4.01302e-05
-16.5 4.24586e-05
-16.4 4.49222e-05
-16.3 4.75287e-05
-16.2 5.02865e-05
-16.1 5.32043e-05
-16 5.62913e-05
-15.9 5.95575e-05
-15.8 6.30132e-05
-15.7 6.66695e-05
-15.6 7.05378e-05
-15.5 7.46306e-05
-15.4 7.89609e-05
-15.3 8.35425e-05
-15.2 8.83899e-05
-15.1 9.35185e-05
-15 9.89447e-05
-14.9 0.000104686
-14.8 0.00011076
-14.7 0.000117187
-14.6 0.000123986
-14.5 0.00013118
-14.4 0.000138792
-14.3 0.000146845
-14.2 0.000155365
-14.1 0.00016438
-14 0.000173918
-13.9 0.000184009
-13.8 0.000194686
-13.7 0.000205982
-13.6 0.000217934
-13.5 0.000230579
-13.4 0.000243958
-13.3 0.000258113
-13.2 0.000273089
-13.1 0.000288935
-13 0.0003057
-12.9 0.000323437
-12.8 0.000342204
-12.7 0.00036206
-12.6 0.000383068
-12.5 0.000405662
-12.4 0.000428242
-12.3 0.000450376
-12.2 0.000472042
-12.1 0.000493217
-12 0.00051388
-11.9 0.000534009
-11.8 0.000553583
-11.7 0.000572582
-11.6 0.000590986
-11.5 0.000608776
-11.4 0.000625932
-11.3 0.000642439
-11.2 0.000658278
-11.1 0.000673432
-11 0.000687887
-10.9 0.000701627
-10.8 0.000714638
-10.7 0.000726906
-10.6 0.000738419
-10.5 0.000749165
-10.4 0.000759132
-10.3 0.00076831
-10.2 0.000776689
-10.1 0.000784262
-10 0.000791019
-9.9 0.000796955
-9.8 0.000802062
-9.7 0.000806336
-9.6 0.000809771
-9.5 0.000812366
-9.4 0.000814116
-9.3 0.00081502
-9.2 0.000815077
-9.1 0.000814287
-9 0.00081265
-8.9 0.00081017
-8.8 0.000806847
-8.7 0.000802686
-8.6 0.000797691
-8.5 0.000791866
-8.4 0.000785219
-8.3 0.000777756
-8.2 0.000769485
-8.1 0.000760414
-8 0.000750552
-7.9 0.000739911
-7.8 0.000728501
-7.7 0.000716333
-7.6 0.000703422
-7.5 0.000689779
-7.4 0.00067542
-7.3 0.000660358
-7.2 0.00064461
-7.1 0.000628193
-7 0.000611123
-6.9 0.000593417
-6.8 0.000575095
-6.7 0.000556175
-6.6 0.000536677
-6.5 0.000516622
-6.4 0.00049603
-6.3 0.000474922
-6.2 0.00045332
-6.1 0.000431248
-6 0.000408727
-5.9 0.000385782
-5.8 0.000362436
-5.7 0.000338713
-5.6 0.000314638
-5.5 0.000290236
-5.4 0.000265532
-5.3 0.000240553
-5.2 0.000215324
-5.1 0.00018987
-5 0.00016422
-4.9 0.000138399
-4.8 0.000112434
-4.7 8.63518e-05
-4.6 6.01802e-05
-4.5 3.39461e-05
-4.4 7.67673e-06
-4.3 -1.86006e-05
-4.2 -4.48587e-05
-4.1 -7.10701e-05
-4 -9.72077e-05
-3.9 -0.000123244
-3.8 -0.000149153
-3.7 -0.000174906
-3.6 -0.000200478
-3.5 -0.000225841
-3.4 -0.00025097
-3.3 -0.000275838
-3.2 -0.000300419
-3.1 -0.000324688
-3 -0.00034862
-2.9 -0.000372189
-2.8 -0.000395371
-2.7 -0.000418143
-2.6 -0.00044048
-2.5 -0.00046236
-2.4 -0.000483758
-2.3 -0.000504655
-2.2 -0.000525026
-2.1 -0.000544852
-2 -0.000564112
-1.9 -0.000582786
-1.8 -0.000600854
-1.7 -0.000618298
-1.6 -0.000635099
-1.5 -0.00065124
-1.4 -0.000666704
-1.3 -0.000681476
-1.2 -0.000695539
-1.1 -0.000708879
-1 -0.000721483
-0.9 -0.000733337
-0.8 -0.000744429
-0.7 -0.000754747
-0.6 -0.000764281
-0.5 -0.000773021
-0.4 -0.000780957
-0.3 -0.000788082
-0.2 -0.000794388
-0.1 -0.000799868
-2.05669e-14 -0.000804518
0.1 -0.000808331
0.2 -0.000811304
0.3 -0.000813433
0.4 -0.000814718
0.5 -0.000815156
0.6 -0.000814747
0.7 -0.000813491
0.8 -0.00081139
0.9 -0.000808445
1 -0.00080466
1.1 -0.00080004
1.2 -0.000794587
1.3 -0.000788309
1.4 -0.000781212
1.5 -0.000773303
1.6 -0.00076459
1.7 -0.000755083
1.8 -0.000744791
1.9 -0.000733725
2 -0.000721897
2.1 -0.000709318
2.2 -0.000696003
2.3 -0.000681964
2.4 -0.000667216
2.5 -0.000651775
2.6 -0.000635657
2.7 -0.000618878
2.8 -0.000601455
2.9 -0.000583408
3 -0.000564755
3.1 -0.000545514
3.2 -0.000525707
3.3 -0.000505354
3.4 -0.000484475
3.5 -0.000463093
3.6 -0.000441229
3.7 -0.000418907
3.8 -0.00039615
3.9 -0.000372981
4 -0.000349424
4.1 -0.000325505
4.2 -0.000301247
4.3 -0.000276676
4.4 -0.000251817
4.5 -0.000226697
4.6 -0.000201341
4.7 -0.000175776
4.8 -0.000150028
4.9 -0.000124124
5 -9.80917e-05
5.1 -7.19571e-05
5.2 -4.57477e-05
5.3 -1.94908e-05
5.4 6.78633e-06
5.5 3.30564e-05
5.6 5.92922e-05
5.7 8.54663e-05
5.8 0.000111552
5.9 0.000137521
6 0.000163348
6.1 0.000189004
6.2 0.000214465
6.3 0.000239702
6.4 0.00026469
6.5 0.000289404
6.6 0.000313816
6.7 0.000337903
6.8 0.000361638
6.9 0.000384997
7 0.000407957
7.1 0.000430492
7.2 0.00045258
7.3 0.000474198
7.4 0.000495323
7.5 0.000515933
7.6 0.000536007
7.7 0.000555524
7.8 0.000574464
7.9 0.000592806
8 0.000610533
8.1 0.000627625
8.2 0.000644065
8.3 0.000659836
8.4 0.000674921
8.5 0.000689304
8.6 0.000702971
8.7 0.000715908
8.8 0.000728101
8.9 0.000739537
9 0.000750204
9.1 0.000760092
9.2 0.00076919
9.3 0.000777489
9.4 0.00078498
9.5 0.000791655
9.6 0.000797507
9.7 0.00080253
9.8 0.00080672
9.9 0.000810071
10 0.00081258
10.1 0.000814245
10.2 0.000815064
10.3 0.000815036
10.4 0.00081416
10.5 0.000812439
10.6 0.000809873
10.7 0.000806466
10.8 0.00080222
10.9 0.000797141
11 0.000791234
11.1 0.000784504
11.2 0.000776959
11.3 0.000768607
11.4 0.000759456
11.5 0.000749515
11.6 0.000738796
11.7 0.000727309
11.8 0.000715066
11.9 0.00070208
12 0.000688365
12.1 0.000673934
12.2 0.000658802
12.3 0.000642987
12.4 0.000626502
12.5 0.000609367
12.6 0.000592492
12.7 0.000577784
12.8 0.000564914
12.9 0.000553842
13 0.000544533
13.1 0.000536956
13.2 0.000531087
13.3 0.000526909
13.4 0.000524407
13.5 0.000523574
13.6 0.000524407
13.7 0.000526909
13.8 0.000531087
13.9 0.000536956
14 0.000544533
14.1 0.000553842
14.2 0.000564914
14.3 0.000577784
14.4 0.000592492
14.5 0.000609085
14.6 0.000626502
14.7 0.000642987
14.8 0.000658802
14.9 0.000673934
15 0.000688365
15.1 0.00070208
15.2 0.000715066
15.3 0.000727309
15.4 0.000738796
15.5 0.000749515
15.6 0.000759456
15.7 0.000768607
15.8 0.000776959
15.9 0.000784504
16 0.000791234
16.1 0.000797141
16.2 0.00080222
16.3 0.000806466
16.4 0.000809873
16.5 0.000812439
16.6 0.00081416
16.7 0.000815036
16.8 0.000815064
16.9 0.000814245
17 0.00081258
17.1 0.000810071
17.2 0.00080672
17.3 0.00080253
17.4 0.000797507
17.5 0.000791655
17.6 0.00078498
17.7 0.000777489
17.8 0.00076919
17.9 0.000760092
18 0.000750204
18.1 0.000739537
18.2 0.000728101
18.3 0.000715908
18.4 0.000702971
18.5 0.000689304
18.6 0.000674921
18.7 0.000659836
18.8 0.000644065
18.9 0.000627625
19 0.000610533
19.1 0.000592806
19.2 0.000574464
19.3 0.000555524
19.4 0.000536007
19.5 0.000515933
19.6 0.000495323
19.7 0.000474198
19.8 0.00045258
19.9 0.000430492
20 0.000407957
20.1 0.000384997
20.2 0.000361638
20.3 0.000337903
20.4 0.000313816
20.5 0.000289404
20.6 0.00026469
20.7 0.000239702
20.8 0.000214465
20.9 0.000189004
21 0.000163348
21.1 0.000137521
21.2 0.000111552
21.3 8.54663e-05
21.4 5.92922e-05
21.5 3.30564e-05
21.6 6.78633e-06
21.7 -1.94908e-05
21.8 -4.57477e-05
21.9 -7.19571e-05
22 -9.80917e-05
22.1 -0.000124124
22.2 -0.000150028
22.3 -0.000175776
22.4 -0.000201341
22.5 -0.000226697
22.6 -0.000251817
22.7 -0.000276676
22.8 -0.000301247
22.9 -0.000325505
23 -0.000349424
23.1 -0.000372981
23.2 -0.00039615
23.3 -0.000418907
23.4 -0.000441229
23.5 -0.000463093
23.6 -0.000484475
23.7 -0.000505354
23.8 -0.000525707
23.9 -0.000545514
24 -0.000564755
24.1 -0.000583408
24.2 -0.000601455
24.3 -0.000618878
24.4 -0.000635657
24.5 -0.000651775
24.6 -0.000667216
24.7 -0.000681964
24.8 -0.000696003
24.9 -0.000709318
25 -0.000721897
25.1 -0.000733725
25.2 -0.000744791
25.3 -0.000755083
25.4 -0.00076459
25.5 -0.000773303
25.6 -0.000781212
25.7 -0.000788309
25.8 -0.000794587
25.9 -0.00080004
26 -0.00080466
26.1 -0.000808445
26.2 -0.00081139
26.3 -0.000813491
26.4 -0.000814747
26.5 -0.000815156
26.6 -0.000814718
26.7 -0.000813433
26.8 -0.000811304
26.9 -0.000808331
27 -0.000804518
27.1 -0.000799868
27.2 -0.000794388
27.3 -0.000788082
27.4 -0.000780957
27.5 -0.000773021
27.6 -0.000764281
27.7 -0.000754747
27.8 -0.000744429
27.9 -0.000733337
28 -0.000721483
28.1 -0.000708879
28.2 -0.000695539
28.3 -0.000681476
28.4 -0.000666704
28.5 -0.00065124
28.6 -0.000635099
28.7 -0.000618298
28.8 -0.000600854
28.9 -0.000582786
29 -0.000564112
29.1 -0.000544852
29.2 -0.000525026
29.3 -0.000504655
29.4 -0.000483758
29.5 -0.00046236
29.6 -0.00044048
29.7 -0.000418143
29.8 -0.000395371
29.9 -0.000372189
30 -0.00034862
30.1 -0.000324688
30.2 -0.000300419
30.3 -0.000275838
30.4 -0.00025097
30.5 -0.000225841
30.6 -0.000200478
30.7 -0.000174906
30.8 -0.000149153
30.9 -0.000123244
31 -9.72077e-05
31.1 -7.10701e-05
31.2 -4.48587e-05
31.3 -1.86006e-05
31.4 7.67673e-06
31.5 3.39461e-05
31.6 6.01802e-05
31.7 8.63518e-05
31.8 0.000112434
31.9 0.000138399
32 0.00016422
32.1 0.00018987
32.2 0.000215324
32.3 0.000240553
32.4 0.000265532
32.5 0.000290236
32.6 0.000314638
32.7 0.000338713
32.8 0.000362436
32.9 0.000385782
33 0.000408727
33.1 0.000431248
33.2 0.00045332
33.3 0.000474922
33.4 0.00049603
33.5 0.000516622
33.6 0.000536677
33.7 0.000556175
33.8 0.000575095
33.9 0.000593417
34 0.000611123
34.1 0.000628193
34.2 0.00064461
34.3 0.000660358
34.4 0.00067542
34.5 0.000689779
34.6 0.000703422
34.7 0.000716333
34.8 0.000728501
34.9 0.000739911
35 0.000750552
35.1 0.000760414
35.2 0.000769485
35.3 0.000777756
35.4 0.000785219
35.5 0.000791866
35.6 0.000797691
35.7 0.000802686
35.8 0.000806847
35.9 0.00081017
36 0.00081265
36.1 0.000814287
36.2 0.000815077
36.3 0.00081502
36.4 0.000814116
36.5 0.000812366
36.6 0.000809771
36.7 0.000806336
36.8 0.000802062
36.9 0.000796955
37 0.000791019
37.1 0.000784262
37.2 0.000776689
37.3 0.00076831
37.4 0.000759132
37.5 0.000749165
37.6 0.000738419
37.7 0.000726906
37.8 0.000714638
37.9 0.000701627
38 0.000687887
38.1 0.000673432
38.2 0.000658278
38.3 0.000642439
38.4 0.000625932
38.5 0.000608776
38.6 0.000590986
38.7 0.000572582
38.8 0.000553583
38.9 0.000534009
39 0.00051388
39.1 0.000493217
39.2 0.000472042
39.3 0.000450376
39.4 0.000428242
39.5 0.000405294
39.6 0.000383068
39.7 0.00036206
39.8 0.000342204
39.9 0.000323437
40 0.0003057
40.1 0.000288935
40.2 0.000273089
40.3 0.000258113
40.4 0.000243958
40.5 0.000230579
40.6 0.000217934
40.7 0.000205982
40.8 0.000194686
40.9 0.000184009
41 0.000173918
41.1 0.00016438
41.2 0.000155365
41.3 0.000146845
41.4 0.000138792
41.5 0.00013118
41.6 0.000123986
41.7 0.000117187
41.8 0.00011076
41.9 0.000104686
42 9.89447e-05
42.1 9.35185e-05
42.2 8.83899e-05
42.3 8.35425e-05
42.4 7.89609e-05
42.5 7.46306e-05
42.6 7.05378e-05
42.7 6.66695e-05
42.8 6.30132e-05
42.9 5.95575e-05
43 5.62913e-05
43.1 5.32043e-05
43.2 5.02865e-05
43.3 4.75287e-05
43.4 4.49222e-05
43.5 4.24586e-05
43.6 4.01302e-05
43.7 3.79294e-05
43.8 3.58493e-05
43.9 3.38833e-05
44 3.20251e-05
44.1 3.02688e-05
44.2 2.86088e-05
44.3 2.70399e-05
44.4 2.5557e-05
