-17.5 7.68082e-10
-17.4 9.81177e-10
-17.3 1.25331e-09
-17.2 1.60081e-09
-17.1 2.04453e-09
-17 2.61106e-09
-16.9 3.33434e-09
-16.8 4.25768e-09
-16.7 5.43632e-09
-16.6 6.94074e-09
-16.5 8.86084e-09
-16.4 1.13113e-08
-16.3 1.44383e-08
-16.2 1.84285e-08
-16.1 2.35195e-08
-16 3.00147e-08
-15.9 3.83007e-08
-15.8 4.88702e-08
-15.7 6.23515e-08
-15.6 7.95452e-08
-15.5 1.01472e-07
-15.4 1.29432e-07
-15.3 1.65082e-07
-15.2 2.10534e-07
-15.1 2.68477e-07
-15 3.42336e-07
-14.9 4.36476e-07
-14.8 5.56454e-07
-14.7 7.09345e-07
-14.6 9.04162e-07
-14.5 1.15238e-06
-14.4 1.46859e-06
-14.3 1.87139e-06
-14.2 2.38445e-06
-14.1 3.03785e-06
-14 3.86992e-06
-13.9 4.92939e-06
-13.8 6.27826e-06
-13.7 7.99539e-06
-13.6 1.01811e-05
-13.5 1.29629e-05
-13.4 1.65029e-05
-13.3 2.10074e-05
-13.2 2.67383e-05
-13.1 3.40288e-05
-13 4.3302e-05
-12.9 5.50958e-05
-12.8 7.00933e-05
-12.7 8.91624e-05
-12.6 0.000113405
-12.5 0.000149096
-12.4 0.000186741
-12.3 0.000230572
-12.2 0.000281082
-12.1 0.000338746
-12 0.000404021
-11.9 0.000477346
-11.8 0.000559132
-11.7 0.000649764
-11.6 0.000749596
-11.5 0.000858949
-11.4 0.000978108
-11.3 0.00110732
-11.2 0.00124679
-11.1 0.00139669
-11 0.00155713
-10.9 0.00172819
-10.8 0.00190991
-10.7 0.00210227
-10.6 0.0023052
-10.5 0.0025186
-10.4 0.0027423
-10.3 0.0029761
-10.2 0.00321974
-10.1 0.00347292
-10 0.00373529
-9.9 0.00400646
-9.8 0.00428598
-9.7 0.00457338
-9.6 0.00486813
-9.5 0.00516965
-9.4 0.00547736
-9.3 0.00579061
-9.2 0.00610871
-9.1 0.00643097
-9 0.00675665
-8.9 0.00708498
-8.8 0.00741516
-8.7 0.00774639
-8.6 0.00807784
-8.5 0.00840866
-8.4 0.00873797
-8.3 0.00906492
-8.2 0.00938862
-8.1 0.00970818
-8 0.0100227
-7.9 0.0103314
-7.8 0.0106332
-7.7 0.0109274
-7.6 0.0112131
-7.5 0.0114894
-7.4 0.0117556
-7.3 0.0120107
-7.2 0.012254
-7.1 0.0124848
-7 0.0127024
-6.9 0.0129059
-6.8 0.0130949
-6.7 0.0132685
-6.6 0.0134263
-6.5 0.0135677
-6.4 0.0136923
-6.3 0.0137994
-6.2 0.0138888
-6.1 0.01396
-6 0.0140128
-5.9 0.0140469
-5.8 0.0140621
-5.7 0.0140583
-5.6 0.0140352
-5.5 0.013993
-5.4 0.0139316
-5.3 0.0138511
-5.2 0.0137516
-5.1 0.0136332
-5 0.0134964
-4.9 0.0133413
-4.8 0.0131683
-4.7 0.0129777
-4.6 0.0127702
-4.5 0.0125462
-4.4 0.0123062
-4.3 0.0120509
-4.2 0.0117809
-4.1 0.011497
-4 0.0112
-3.9 0.0108905
-3.8 0.0105696
-3.7 0.010238
-3.6 0.00989666
-3.5 0.00954659
-3.4 0.00918874
-3.3 0.00882415
-3.2 0.00845383
-3.1 0.00807887
-3 0.00770035
-2.9 0.00731936
-2.8 0.00693702
-2.7 0.00655446
-2.6 0.00617282
-2.5 0.00579322
-2.4 0.00541682
-2.3 0.00504473
-2.2 0.0046781
-2.1 0.00431805
-2 0.00396568
-1.9 0.00362208
-1.8 0.00328833
-1.7 0.00296549
-1.6 0.00265458
-1.5 0.00235659
-1.4 0.00207251
-1.3 0.00180325
-1.2 0.00154973
-1.1 0.00131279
-1 0.00109325
-0.9 0.000891894
-0.8 0.000709433
-0.7 0.000546547
-0.6 0.000403861
-0.5 0.000281945
-0.4 0.000181317
-0.3 0.000102437
-0.2 4.57053e-05
-0.1 1.14657e-05
-2.05669e-14 4.86441e-31
0.1 1.15289e-05
0.2 4.62106e-05
0.3 0.000104141
0.4 0.000185351
0.5 0.00028981
0.6 0.000417423
0.7 0.00056803
0.8 0.000741409
0.9 0.000937275
1 0.00115528
1.1 0.00139502
1.2 0.00165601
1.3 0.00193774
1.4 0.00223961
1.5 0.00256099
1.6 0.00290117
1.7 0.0032594
1.8 0.00363488
1.9 0.00402677
2 0.00443415
2.1 0.00485609
2.2 0.00529161
2.3 0.00573969
2.4 0.00619926
2.5 0.00666923
2.6 0.00714848
2.7 0.00763587
2.8 0.00813021
2.9 0.0086303
3 0.00913495
3.1 0.00964292
3.2 0.010153
3.3 0.0106638
3.4 0.0111743
3.5 0.0116831
3.6 0.012189
3.7 0.0126907
3.8 0.0131871
3.9 0.0136768
4 0.0141587
4.1 0.0146317
4.2 0.0150944
4.3 0.0155459
4.4 0.015985
4.5 0.0164106
4.6 0.0168218
4.7 0.0172174
4.8 0.0175965
4.9 0.0179583
5 0.0183018
5.1 0.0186262
5.2 0.0189309
5.3 0.0192149
5.4 0.0194777
5.5 0.0197188
5.6 0.0199374
5.7 0.0201331
5.8 0.0203056
5.9 0.0204544
6 0.0205793
6.1 0.0206799
6.2 0.0207561
6.3 0.0208079
6.4 0.0208351
6.5 0.0208377
6.6 0.0208159
6.7 0.0207697
6.8 0.0206995
6.9 0.0206054
7 0.0204877
7.1 0.0203469
7.2 0.0201835
7.3 0.0199978
7.4 0.0197905
7.5 0.0195621
7.6 0.0193134
7.7 0.019045
7.8 0.0187577
7.9 0.0184523
8 0.0181297
8.1 0.0177906
8.2 0.0174361
8.3 0.017067
8.4 0.0166844
8.5 0.0162893
8.6 0.0158826
8.7 0.0154654
8.8 0.0150389
8.9 0.014604
9 0.0141618
9.1 0.0137135
9.2 0.0132601
9.3 0.0128027
9.4 0.0123425
9.5 0.0118804
9.6 0.0114176
9.7 0.0109551
9.8 0.010494
9.9 0.0100352
10 0.00957972
10.1 0.00912859
10.2 0.00868268
10.3 0.00824291
10.4 0.00781013
10.5 0.00738516
10.6 0.00696877
10.7 0.0065617
10.8 0.00616464
10.9 0.00577822
11 0.00540303
11.1 0.00503961
11.2 0.00468844
11.3 0.00434996
11.4 0.00402452
11.5 0.00371245
11.6 0.00341402
11.7 0.00312941
11.8 0.00285879
11.9 0.00260223
12 0.00235977
12.1 0.00213139
12.2 0.00191701
12.3 0.00171649
12.4 0.00152966
12.5 0.00135626
12.6 0.00117694
12.7 0.00105285
12.8 0.000953812
12.9 0.000875743
13 0.000815475
13.1 0.000770616
13.2 0.000739427
13.3 0.000720734
13.4 0.000713868
13.5 0.00071864
13.6 0.000735336
13.7 0.000764738
13.8 0.000808176
13.9 0.000867611
14 0.000945758
14.1 0.00104625
14.2 0.00117387
14.3 0.00133484
14.4 0.00153723
14.5 0.00179147
14.6 0.00212059
14.7 0.0024517
14.8 0.00282116
14.9 0.00323196
15 0.00368715
15.1 0.00418992
15.2 0.00474357
15.3 0.00535148
15.4 0.00601715
15.5 0.00674417
15.6 0.00753622
15.7 0.00839706
15.8 0.00933054
15.9 0.0103406
16 0.0114312
16.1 0.0126065
16.2 0.0138704
16.3 0.0152274
16.4 0.0166814
16.5 0.0182368
16.6 0.0198979
16.7 0.021669
16.8 0.0235544
16.9 0.0255584
17 0.0276854
17.1 0.0299396
17.2 0.0323254
17.3 0.034847
17.4 0.0375086
17.5 0.0403144
17.6 0.0432685
17.7 0.0463749
17.8 0.0496376
17.9 0.0530604
18 0.0566472
18.1 0.0604015
18.2 0.0643268
18.3 0.0684267
18.4 0.0727042
18.5 0.0771626
18.6 0.0818047
18.7 0.0866333
18.8 0.0916509
18.9 0.09686
19 0.102263
19.1 0.107861
19.2 0.113656
19.3 0.119651
19.4 0.125845
19.5 0.13224
19.6 0.138837
19.7 0.145636
19.8 0.152637
19.9 0.159841
20 0.167247
20.1 0.174853
20.2 0.18266
20.3 0.190666
20.4 0.198869
20.5 0.207267
20.6 0.215858
20.7 0.22464
20.8 0.233609
20.9 0.242762
21 0.252096
21.1 0.261606
21.2 0.271289
21.3 0.281139
21.4 0.291152
21.5 0.301322
21.6 0.311644
21.7 0.322111
21.8 0.332718
21.9 0.343458
22 0.354323
22.1 0.365306
22.2 0.3764
22.3 0.387597
22.4 0.398889
22.5 0.410266
22.6 0.42172
22.7 0.433243
22.8 0.444824
22.9 0.456454
23 0.468123
23.1 0.479822
23.2 0.491539
23.3 0.503263
23.4 0.514986
23.5 0.526694
23.6 0.538378
23.7 0.550025
23.8 0.561626
23.9 0.573167
24 0.584637
24.1 0.596025
24.2 0.607318
24.3 0.618505
24.4 0.629574
24.5 0.640513
24.6 0.65131
24.7 0.661952
24.8 0.672429
24.9 0.682727
25 0.692836
25.1 0.702743
25.2 0.712437
25.3 0.721907
25.4 0.73114
25.5 0.740126
25.6 0.748854
25.7 0.757313
25.8 0.765492
25.9 0.773381
26 0.780969
26.1 0.788248
26.2 0.795207
26.3 0.801838
26.4 0.808131
26.5 0.814077
26.6 0.819669
26.7 0.824898
26.8 0.829758
26.9 0.834241
27 0.838341
27.1 0.84205
27.2 0.845365
27.3 0.848278
27.4 0.850787
27.5 0.852885
27.6 0.85457
27.7 0.855837
27.8 0.856685
27.9 0.85711
28 0.857111
28.1 0.856687
28.2 0.855837
28.3 0.85456
28.4 0.852858
28.5 0.85073
28.6 0.848179
28.7 0.845206
28.8 0.841813
28.9 0.838005
29 0.833783
29.1 0.829153
29.2 0.824119
29.3 0.818687
29.4 0.812861
29.5 0.806649
29.6 0.800056
29.7 0.79309
29.8 0.785759
29.9 0.778071
30 0.770035
30.1 0.761659
30.2 0.752953
30.3 0.743927
30.4 0.734591
30.5 0.724956
30.6 0.715033
30.7 0.704834
30.8 0.694371
30.9 0.683654
31 0.672697
31.1 0.661513
31.2 0.650114
31.3 0.638514
31.4 0.626725
31.5 0.614762
31.6 0.602638
31.7 0.590367
31.8 0.577963
31.9 0.56544
32 0.552812
32.1 0.540094
32.2 0.527299
32.3 0.514442
32.4 0.501537
32.5 0.488599
32.6 0.47564
32.7 0.462676
32.8 0.449721
32.9 0.436787
33 0.423888
33.1 0.411039
33.2 0.398251
33.3 0.385539
33.4 0.372913
33.5 0.360388
33.6 0.347975
33.7 0.335686
33.8 0.323531
33.9 0.311523
34 0.299672
34.1 0.287988
34.2 0.276482
34.3 0.265161
34.4 0.254037
34.5 0.243116
34.6 0.232408
34.7 0.221919
34.8 0.211658
34.9 0.20163
35 0.191841
35.1 0.182298
35.2 0.173005
35.3 0.163967
35.4 0.155188
35.5 0.146671
35.6 0.13842
35.7 0.130436
35.8 0.122722
35.9 0.115278
36 0.108106
36.1 0.101206
36.2 0.0945782
36.3 0.0882209
36.4 0.0821332
36.5 0.0763133
36.6 0.070759
36.7 0.0654675
36.8 0.0604357
36.9 0.05566
37 0.0511361
37.1 0.0468597
37.2 0.0428259
37.3 0.0390293
37.4 0.0354643
37.5 0.032125
37.6 0.029005
37.7 0.0260978
37.8 0.0233964
37.9 0.0208938
38 0.0185826
38.1 0.0164552
38.2 0.0145039
38.3 0.0127208
38.4 0.0110979
38.5 0.00962705
38.6 0.00830015
38.7 0.00710896
38.8 0.00604524
38.9 0.0051008
39 0.00426748
39.1 0.00353718
39.2 0.00290192
39.3 0.00235387
39.4 0.00188533
39.5 0.00144014
39.6 0.00112017
39.7 0.000871275
39.8 0.000677677
39.9 0.00052709
40 0.00040996
40.1 0.000318855
40.2 0.000247993
40.3 0.000192876
40.4 0.000150008
40.5 0.000116666
40.6 9.07336e-05
40.7 7.05647e-05
40.8 5.48784e-05
40.9 4.26786e-05
41 3.31905e-05
41.1 2.58114e-05
41.2 2.00727e-05
41.3 1.56097e-05
41.4 1.21388e-05
41.5 9.43962e-06
41.6 7.34053e-06
41.7 5.70815e-06
41.8 4.43872e-06
41.9 3.45156e-06
42 2.68392e-06
42.1 2.08697e-06
42.2 1.62278e-06
42.3 1.26182e-06
42.4 9.81142e-07
42.5 7.62887e-07
42.6 5.93177e-07
42.7 4.61215e-07
42.8 3.58606e-07
42.9 2.78822e-07
43 2.16786e-07
43.1 1.68551e-07
43.2 1.31047e-07
43.3 1.01887e-07
43.4 7.92144e-08
43.5 6.15865e-08
43.6 4.78809e-08
43.7 3.7225e-08
43.8 2.89403e-08
43.9 2.24991e-08
44 1.74914e-08
44.1 1.35981e-08
44.2 1.05713e-08
44.3 8.21815e-09
44.4 6.38873e-09
