-17.5 -2.77143e-05
-17.4 -3.13237e-05
-17.3 -3.54021e-05
-17.2 -4.00102e-05
-17.1 -4.52165e-05
-17 -5.10985e-05
-16.9 -5.77438e-05
-16.8 -6.52509e-05
-16.7 -7.37314e-05
-16.6 -8.33111e-05
-16.5 -9.4132e-05
-16.4 -0.000106355
-16.3 -0.00012016
-16.2 -0.000135752
-16.1 -0.000153361
-16 -0.000173248
-15.9 -0.000195706
-15.8 -0.000221066
-15.7 -0.000249703
-15.6 -0.000282038
-15.5 -0.000318547
-15.4 -0.000359767
-15.3 -0.000406303
-15.2 -0.00045884
-15.1 -0.000518147
-15 -0.000585095
-14.9 -0.000660663
-14.8 -0.000745958
-14.7 -0.000842226
-14.6 -0.000950874
-14.5 -0.00107349
-14.4 -0.00121185
-14.3 -0.00136799
-14.2 -0.00154417
-14.1 -0.00174294
-14 -0.00196721
-13.9 -0.00222022
-13.8 -0.00250565
-13.7 -0.00282761
-13.6 -0.00319078
-13.5 -0.0036004
-13.4 -0.00406238
-13.3 -0.00458338
-13.2 -0.00517091
-13.1 -0.00583342
-13 -0.00658043
-12.9 -0.00742266
-12.8 -0.00837218
-12.7 -0.00944258
-12.6 -0.0106492
-12.5 -0.0122105
-12.4 -0.0136653
-12.3 -0.0151846
-12.2 -0.0167655
-12.1 -0.018405
-12 -0.0201003
-11.9 -0.0218483
-11.8 -0.023646
-11.7 -0.0254905
-11.6 -0.0273788
-11.5 -0.0293078
-11.4 -0.0312747
-11.3 -0.0332764
-11.2 -0.0353099
-11.1 -0.0373723
-11 -0.0394605
-10.9 -0.0415716
-10.8 -0.0437026
-10.7 -0.0458505
-10.6 -0.0480125
-10.5 -0.0501856
-10.4 -0.052367
-10.3 -0.0545536
-10.2 -0.0567427
-10.1 -0.0589315
-10 -0.061117
-9.9 -0.0632966
-9.8 -0.0654674
-9.7 -0.0676268
-9.6 -0.069772
-9.5 -0.0719003
-9.4 -0.0740092
-9.3 -0.076096
-9.2 -0.0781583
-9.1 -0.0801933
-9 -0.0821988
-8.9 -0.0841723
-8.8 -0.0861113
-8.7 -0.0880136
-8.6 -0.0898768
-8.5 -0.0916987
-8.4 -0.0934771
-8.3 -0.0952099
-8.2 -0.0968949
-8.1 -0.0985301
-8 -0.100114
-7.9 -0.101643
-7.8 -0.103118
-7.7 -0.104534
-7.6 -0.105892
-7.5 -0.107189
-7.4 -0.108423
-7.3 -0.109593
-7.2 -0.110698
-7.1 -0.111736
-7 -0.112705
-6.9 -0.113604
-6.8 -0.114433
-6.7 -0.115189
-6.6 -0.115872
-6.5 -0.116481
-6.4 -0.117014
-6.3 -0.117471
-6.2 -0.117851
-6.1 -0.118153
-6 -0.118376
-5.9 -0.11852
-5.8 -0.118584
-5.7 -0.118568
-5.6 -0.11847
-5.5 -0.118292
-5.4 -0.118032
-5.3 -0.117691
-5.2 -0.117267
-5.1 -0.116761
-5 -0.116174
-4.9 -0.115504
-4.8 -0.114753
-4.7 -0.11392
-4.6 -0.113005
-4.5 -0.11201
-4.4 -0.110933
-4.3 -0.109776
-4.2 -0.10854
-4.1 -0.107224
-4 -0.10583
-3.9 -0.104358
-3.8 -0.102808
-3.7 -0.101183
-3.6 -0.0994819
-3.5 -0.0977066
-3.4 -0.0958579
-3.3 -0.0939369
-3.2 -0.0919447
-3.1 -0.0898825
-3 -0.0877516
-2.9 -0.0855532
-2.8 -0.0832888
-2.7 -0.0809596
-2.6 -0.0785673
-2.5 -0.0761132
-2.4 -0.073599
-2.3 -0.0710263
-2.2 -0.0683967
-2.1 -0.0657119
-2 -0.0629736
-1.9 -0.0601837
-1.8 -0.057344
-1.7 -0.0544563
-1.6 -0.0515226
-1.5 -0.0485448
-1.4 -0.0455248
-1.3 -0.0424647
-1.2 -0.0393666
-1.1 -0.0362324
-1 -0.0330644
-0.9 -0.0298646
-0.8 -0.0266352
-0.7 -0.0233783
-0.6 -0.0200963
-0.5 -0.0167912
-0.4 -0.0134654
-0.3 -0.0101211
-0.2 -0.00676057
-0.1 -0.0033861
-2.05669e-14 -6.97453e-16
0.1 0.00339542
0.2 0.00679784
0.3 0.0102049
0.4 0.0136144
0.5 0.0170238
0.6 0.0204309
0.7 0.0238334
0.8 0.0272288
0.9 0.0306149
1 0.0339894
1.1 0.0373499
1.2 0.0406941
1.3 0.0440198
1.4 0.0473246
1.5 0.0506062
1.6 0.0538625
1.7 0.0570912
1.8 0.06029
1.9 0.0634568
2 0.0665894
2.1 0.0696857
2.2 0.0727435
2.3 0.0757607
2.4 0.0787354
2.5 0.0816654
2.6 0.0845487
2.7 0.0873835
2.8 0.0901677
2.9 0.0928994
3 0.0955769
3.1 0.0981984
3.2 0.100762
3.3 0.103266
3.4 0.105709
3.5 0.108088
3.6 0.110404
3.7 0.112653
3.8 0.114835
3.9 0.116948
4 0.118991
4.1 0.120961
4.2 0.122859
4.3 0.124683
4.4 0.126432
4.5 0.128104
4.6 0.129699
4.7 0.131215
4.8 0.132652
4.9 0.134008
5 0.135284
5.1 0.136478
5.2 0.137589
5.3 0.138618
5.4 0.139563
5.5 0.140423
5.6 0.1412
5.7 0.141891
5.8 0.142498
5.9 0.143019
6 0.143455
6.1 0.143805
6.2 0.14407
6.3 0.144249
6.4 0.144344
6.5 0.144353
6.6 0.144277
6.7 0.144117
6.8 0.143873
6.9 0.143546
7 0.143135
7.1 0.142643
7.2 0.142068
7.3 0.141414
7.4 0.140679
7.5 0.139865
7.6 0.138973
7.7 0.138004
7.8 0.136959
7.9 0.135839
8 0.134646
8.1 0.133381
8.2 0.132046
8.3 0.130641
8.4 0.129168
8.5 0.127629
8.6 0.126026
8.7 0.12436
8.8 0.122633
8.9 0.120847
9 0.119003
9.1 0.117105
9.2 0.115152
9.3 0.113149
9.4 0.111097
9.5 0.108997
9.6 0.106853
9.7 0.104667
9.8 0.10244
9.9 0.100176
10 0.0978761
10.1 0.0955436
10.2 0.0931809
10.3 0.0907905
10.4 0.088375
10.5 0.085937
10.6 0.0834792
10.7 0.0810044
10.8 0.0785152
10.9 0.0760146
11 0.0735053
11.1 0.0709902
11.2 0.0684722
11.3 0.0659542
11.4 0.0634391
11.5 0.0609299
11.6 0.0584296
11.7 0.0559412
11.8 0.0534676
11.9 0.0510121
12 0.0485775
12.1 0.046167
12.2 0.0437837
12.3 0.0414306
12.4 0.0391108
12.5 0.0368275
12.6 0.0343066
12.7 0.0324476
12.8 0.0308838
12.9 0.029593
13 0.0285565
13.1 0.02776
13.2 0.0271924
13.3 0.0268465
13.4 0.0267183
13.5 0.0268075
13.6 0.0271171
13.7 0.0276539
13.8 0.0284284
13.9 0.0294552
14 0.0307532
14.1 0.0323458
14.2 0.0342618
14.3 0.0365355
14.4 0.0392075
14.5 0.0423257
14.6 0.0460498
14.7 0.0495146
14.8 0.0531146
14.9 0.0568503
15 0.0607219
15.1 0.0647296
15.2 0.0688736
15.3 0.0731538
15.4 0.0775703
15.5 0.0821229
15.6 0.0868114
15.7 0.0916355
15.8 0.0965947
15.9 0.101689
16 0.106917
16.1 0.112278
16.2 0.117773
16.3 0.123399
16.4 0.129156
16.5 0.135044
16.6 0.14106
16.7 0.147204
16.8 0.153474
16.9 0.15987
17 0.166389
17.1 0.173031
17.2 0.179793
17.3 0.186673
17.4 0.193671
17.5 0.200784
17.6 0.208011
17.7 0.215348
17.8 0.222795
17.9 0.230348
18 0.238007
18.1 0.245767
18.2 0.253627
18.3 0.261585
18.4 0.269637
18.5 0.277782
18.6 0.286015
18.7 0.294335
18.8 0.302739
18.9 0.311223
19 0.319785
19.1 0.328422
19.2 0.33713
19.3 0.345905
19.4 0.354746
19.5 0.363648
19.6 0.372608
19.7 0.381623
19.8 0.390688
19.9 0.399801
20 0.408958
20.1 0.418155
20.2 0.427388
20.3 0.436653
20.4 0.445947
20.5 0.455266
20.6 0.464606
20.7 0.473962
20.8 0.483331
20.9 0.492709
21 0.502092
21.1 0.511475
21.2 0.520854
21.3 0.530226
21.4 0.539585
21.5 0.548928
21.6 0.558251
21.7 0.567549
21.8 0.576817
21.9 0.586053
22 0.59525
22.1 0.604406
22.2 0.613515
22.3 0.622573
22.4 0.631576
22.5 0.64052
22.6 0.6494
22.7 0.658212
22.8 0.666951
22.9 0.675614
23 0.684196
23.1 0.692692
23.2 0.701098
23.3 0.709411
23.4 0.717625
23.5 0.725737
23.6 0.733742
23.7 0.741637
23.8 0.749417
23.9 0.757078
24 0.764616
24.1 0.772026
24.2 0.779306
24.3 0.786451
24.4 0.793457
24.5 0.800321
24.6 0.807038
24.7 0.813604
24.8 0.820017
24.9 0.826273
25 0.832368
25.1 0.838298
25.2 0.84406
25.3 0.849651
25.4 0.855067
25.5 0.860306
25.6 0.865363
25.7 0.870237
25.8 0.874924
25.9 0.879421
26 0.883725
26.1 0.887833
26.2 0.891744
26.3 0.895454
26.4 0.898961
26.5 0.902262
26.6 0.905356
26.7 0.908239
26.8 0.910911
26.9 0.913368
27 0.915609
27.1 0.917633
27.2 0.919437
27.3 0.92102
27.4 0.922381
27.5 0.923518
27.6 0.924429
27.7 0.925115
27.8 0.925573
27.9 0.925802
28 0.925803
28.1 0.925574
28.2 0.925115
28.3 0.924424
28.4 0.923503
28.5 0.92235
28.6 0.920966
28.7 0.919351
28.8 0.917504
28.9 0.915426
29 0.913117
29.1 0.910579
29.2 0.90781
29.3 0.904813
29.4 0.901588
29.5 0.898136
29.6 0.894458
29.7 0.890556
29.8 0.886431
29.9 0.882083
30 0.877516
30.1 0.872731
30.2 0.867728
30.3 0.862512
30.4 0.857083
30.5 0.851444
30.6 0.845597
30.7 0.839544
30.8 0.833289
30.9 0.826834
31 0.820181
31.1 0.813335
31.2 0.806297
31.3 0.799071
31.4 0.79166
31.5 0.784068
31.6 0.776298
31.7 0.768353
31.8 0.760239
31.9 0.751957
32 0.743513
32.1 0.734911
32.2 0.726153
32.3 0.717246
32.4 0.708193
32.5 0.698998
32.6 0.689667
32.7 0.680203
32.8 0.670612
32.9 0.660898
33 0.651067
33.1 0.641123
33.2 0.631071
33.3 0.620917
33.4 0.610666
33.5 0.600323
33.6 0.589894
33.7 0.579384
33.8 0.568798
33.9 0.558143
34 0.547423
34.1 0.536645
34.2 0.525815
34.3 0.514938
34.4 0.504021
34.5 0.493068
34.6 0.482087
34.7 0.471083
34.8 0.460063
34.9 0.449032
35 0.437997
35.1 0.426964
35.2 0.415939
35.3 0.404929
35.4 0.393939
35.5 0.382977
35.6 0.372048
35.7 0.361159
35.8 0.350317
35.9 0.339526
36 0.328795
36.1 0.31813
36.2 0.307536
36.3 0.29702
36.4 0.286589
36.5 0.276249
36.6 0.266006
36.7 0.255866
36.8 0.245837
36.9 0.235924
37 0.226133
37.1 0.216471
37.2 0.206944
37.3 0.197558
37.4 0.18832
37.5 0.179234
37.6 0.170309
37.7 0.161548
37.8 0.152959
37.9 0.144547
38 0.136318
38.1 0.128278
38.2 0.120432
38.3 0.112786
38.4 0.105346
38.5 0.0981175
38.6 0.0911052
38.7 0.0843146
38.8 0.0777512
38.9 0.0714199
39 0.0653259
39.1 0.0594742
39.2 0.0538695
39.3 0.0485167
39.4 0.0434204
39.5 0.0379491
39.6 0.0334689
39.7 0.0295174
39.8 0.0260322
39.9 0.0229584
40 0.0202475
40.1 0.0178565
40.2 0.0157478
40.3 0.013888
40.4 0.0122478
40.5 0.0108012
40.6 0.00952542
40.7 0.00840028
40.8 0.007408
40.9 0.00653289
41 0.00576112
41.1 0.00508049
41.2 0.00448025
41.3 0.00395091
41.4 0.00348408
41.5 0.0030724
41.6 0.00270934
41.7 0.00238917
41.8 0.00210683
41.9 0.00185784
42 0.00163827
42.1 0.00144464
42.2 0.00127388
42.3 0.00112331
42.4 0.000990526
42.5 0.000873434
42.6 0.00077018
42.7 0.000679128
42.8 0.000598837
42.9 0.000528036
43 0.000465603
43.1 0.00041055
43.2 0.000362004
43.3 0.000319197
43.4 0.00028145
43.5 0.000248166
43.6 0.000218817
43.7 0.000192938
43.8 0.000170118
43.9 0.000149997
44 0.000132255
44.1 0.000116611
44.2 0.000102817
44.3 9.0654e-05
44.4 7.99296e-05
