-17.5 5.63703e-06
-17.4 6.01007e-06
-17.3 6.4078e-06
-17.2 6.83185e-06
-17.1 7.28397e-06
-17 7.766e-06
-16.9 8.27993e-06
-16.8 8.82787e-06
-16.7 9.41208e-06
-16.6 1.00349e-05
-16.5 1.0699e-05
-16.4 1.14071e-05
-16.3 1.21619e-05
-16.2 1.29668e-05
-16.1 1.38249e-05
-16 1.47398e-05
-15.9 1.57152e-05
-15.8 1.67552e-05
-15.7 1.7864e-05
-15.6 1.90462e-05
-15.5 2.03066e-05
-15.4 2.16505e-05
-15.3 2.30832e-05
-15.2 2.46108e-05
-15.1 2.62395e-05
-15 2.7976e-05
-14.9 2.98273e-05
-14.8 3.18012e-05
-14.7 3.39057e-05
-14.6 3.61495e-05
-14.5 3.85418e-05
-14.4 4.10924e-05
-14.3 4.38118e-05
-14.2 4.67111e-05
-14.1 4.98023e-05
-14 5.30981e-05
-13.9 5.6612e-05
-13.8 6.03584e-05
-13.7 6.43528e-05
-13.6 6.86114e-05
-13.5 7.3152e-05
-13.4 7.79929e-05
-13.3 8.31543e-05
-13.2 8.86572e-05
-13.1 9.45243e-05
-13 0.00010078
-12.9 0.000107449
-12.8 0.00011456
-12.7 0.000122141
-12.6 0.000130224
-12.5 0.00014
-12.4 0.000148702
-12.3 0.000157386
-12.2 0.000166053
-12.1 0.0001747
-12 0.000183328
-11.9 0.000191934
-11.8 0.000200519
-11.7 0.00020908
-11.6 0.000217618
-11.5 0.000226131
-11.4 0.000234618
-11.3 0.000243078
-11.2 0.000251511
-11.1 0.000259915
-11 0.000268289
-10.9 0.000276632
-10.8 0.000284944
-10.7 0.000293223
-10.6 0.000301468
-10.5 0.00030968
-10.4 0.000317855
-10.3 0.000325995
-10.2 0.000334097
-10.1 0.000342161
-10 0.000350186
-9.9 0.000358171
-9.8 0.000366115
-9.7 0.000374017
-9.6 0.000381876
-9.5 0.000389692
-9.4 0.000397463
-9.3 0.000405188
-9.2 0.000412868
-9.1 0.0004205
-9 0.000428084
-8.9 0.000435619
-8.8 0.000443105
-8.7 0.000450539
-8.6 0.000457923
-8.5 0.000465254
-8.4 0.000472531
-8.3 0.000479755
-8.2 0.000486924
-8.1 0.000494037
-8 0.000501094
-7.9 0.000508093
-7.8 0.000515035
-7.7 0.000521917
-7.6 0.00052874
-7.5 0.000535502
-7.4 0.000542204
-7.3 0.000548843
-7.2 0.000555419
-7.1 0.000561932
-7 0.000568381
-6.9 0.000574765
-6.8 0.000581083
-6.7 0.000587335
-6.6 0.000593519
-6.5 0.000599636
-6.4 0.000605684
-6.3 0.000611663
-6.2 0.000617572
-6.1 0.000623411
-6 0.000629178
-5.9 0.000634873
-5.8 0.000640496
-5.7 0.000646045
-5.6 0.000651521
-5.5 0.000656922
-5.4 0.000662248
-5.3 0.000667499
-5.2 0.000672673
-5.1 0.00067777
-5 0.00068279
-4.9 0.000687731
-4.8 0.000692594
-4.7 0.000697378
-4.6 0.000702082
-4.5 0.000706706
-4.4 0.000711249
-4.3 0.000715711
-4.2 0.000720091
-4.1 0.000724389
-4 0.000728604
-3.9 0.000732736
-3.8 0.000736784
-3.7 0.000740747
-3.6 0.000744626
-3.5 0.00074842
-3.4 0.000752129
-3.3 0.000755751
-3.2 0.000759287
-3.1 0.000762736
-3 0.000766098
-2.9 0.000769373
-2.8 0.000772559
-2.7 0.000775657
-2.6 0.000778667
-2.5 0.000781587
-2.4 0.000784419
-2.3 0.00078716
-2.2 0.000789812
-2.1 0.000792373
-2 0.000794844
-1.9 0.000797224
-1.8 0.000799512
-1.7 0.00080171
-1.6 0.000803815
-1.5 0.000805829
-1.4 0.000807751
-1.3 0.00080958
-1.2 0.000811317
-1.1 0.000812961
-1 0.000814513
-0.9 0.000815971
-0.8 0.000817335
-0.7 0.000818607
-0.6 0.000819785
-0.5 0.000820869
-0.4 0.000821859
-0.3 0.000822755
-0.2 0.000823558
-0.1 0.000824266
-2.05669e-14 0.00082488
0.1 0.0008254
0.2 0.000825825
0.3 0.000826156
0.4 0.000826392
0.5 0.000826534
0.6 0.000826582
0.7 0.000826535
0.8 0.000826394
0.9 0.000826158
1 0.000825827
1.1 0.000825403
1.2 0.000824884
1.3 0.00082427
1.4 0.000823563
1.5 0.000822761
1.6 0.000821865
1.7 0.000820876
1.8 0.000819792
1.9 0.000818615
2 0.000817344
2.1 0.00081598
2.2 0.000814523
2.3 0.000812972
2.4 0.000811329
2.5 0.000809592
2.6 0.000807764
2.7 0.000805843
2.8 0.000803829
2.9 0.000801724
3 0.000799528
3.1 0.000797239
3.2 0.00079486
3.3 0.00079239
3.4 0.000789829
3.5 0.000787178
3.6 0.000784437
3.7 0.000781607
3.8 0.000778687
3.9 0.000775678
4 0.00077258
4.1 0.000769394
4.2 0.000766121
4.3 0.000762759
4.4 0.000759311
4.5 0.000755775
4.6 0.000752153
4.7 0.000748446
4.8 0.000744652
4.9 0.000740774
5 0.000736811
5.1 0.000732763
5.2 0.000728632
5.3 0.000724418
5.4 0.000720121
5.5 0.000715741
5.6 0.00071128
5.7 0.000706737
5.8 0.000702114
5.9 0.00069741
6 0.000692627
6.1 0.000687764
6.2 0.000682823
6.3 0.000677804
6.4 0.000672707
6.5 0.000667534
6.6 0.000662284
6.7 0.000656958
6.8 0.000651558
6.9 0.000646082
7 0.000640534
7.1 0.000634911
7.2 0.000629217
7.3 0.00062345
7.4 0.000617612
7.5 0.000611703
7.6 0.000605725
7.7 0.000599677
7.8 0.000593561
7.9 0.000587377
8 0.000581126
8.1 0.000574808
8.2 0.000568424
8.3 0.000561976
8.4 0.000555464
8.5 0.000548887
8.6 0.000542249
8.7 0.000535548
8.8 0.000528786
8.9 0.000521963
9 0.000515081
9.1 0.00050814
9.2 0.000501141
9.3 0.000494085
9.4 0.000486972
9.5 0.000479804
9.6 0.00047258
9.7 0.000465303
9.8 0.000457972
9.9 0.000450589
10 0.000443155
10.1 0.00043567
10.2 0.000428135
10.3 0.000420551
10.4 0.00041292
10.5 0.00040524
10.6 0.000397515
10.7 0.000389744
10.8 0.000381929
10.9 0.00037407
11 0.000366168
11.1 0.000358225
11.2 0.00035024
11.3 0.000342215
11.4 0.000334152
11.5 0.00032605
11.6 0.000317911
11.7 0.000309735
11.8 0.000301524
11.9 0.000293279
12 0.000285
12.1 0.000276688
12.2 0.000268345
12.3 0.000259971
12.4 0.000251568
12.5 0.000243136
12.6 0.000233734
12.7 0.000226416
12.8 0.000220028
12.9 0.000214544
13 0.000209942
13.1 0.000206201
13.2 0.000203308
13.3 0.00020125
13.4 0.000200018
13.5 0.000199608
13.6 0.000200018
13.7 0.00020125
13.8 0.000203308
13.9 0.000206201
14 0.000209942
14.1 0.000214544
14.2 0.000220028
14.3 0.000226416
14.4 0.000233734
14.5 0.000242011
14.6 0.000251568
14.7 0.000259971
14.8 0.000268345
14.9 0.000276688
15 0.000285
15.1 0.000293279
15.2 0.000301524
15.3 0.000309735
15.4 0.000317911
15.5 0.00032605
15.6 0.000334152
15.7 0.000342215
15.8 0.00035024
15.9 0.000358225
16 0.000366168
16.1 0.00037407
16.2 0.000381929
16.3 0.000389744
16.4 0.000397515
16.5 0.00040524
16.6 0.00041292
16.7 0.000420551
16.8 0.000428135
16.9 0.00043567
17 0.000443155
17.1 0.000450589
17.2 0.000457972
17.3 0.000465303
17.4 0.00047258
17.5 0.000479804
17.6 0.000486972
17.7 0.000494085
17.8 0.000501141
17.9 0.00050814
18 0.000515081
18.1 0.000521963
18.2 0.000528786
18.3 0.000535548
18.4 0.000542249
18.5 0.000548887
18.6 0.000555464
18.7 0.000561976
18.8 0.000568424
18.9 0.000574808
19 0.000581126
19.1 0.000587377
19.2 0.000593561
19.3 0.000599677
19.4 0.000605725
19.5 0.000611703
19.6 0.000617612
19.7 0.00062345
19.8 0.000629217
19.9 0.000634911
20 0.000640534
20.1 0.000646082
20.2 0.000651558
20.3 0.000656958
20.4 0.000662284
20.5 0.000667534
20.6 0.000672707
20.7 0.000677804
20.8 0.000682823
20.9 0.000687764
21 0.000692627
21.1 0.00069741
21.2 0.000702114
21.3 0.000706737
21.4 0.00071128
21.5 0.000715741
21.6 0.000720121
21.7 0.000724418
21.8 0.000728632
21.9 0.000732763
22 0.000736811
22.1 0.000740774
22.2 0.000744652
22.3 0.000748446
22.4 0.000752153
22.5 0.000755775
22.6 0.000759311
22.7 0.000762759
22.8 0.000766121
22.9 0.000769394
23 0.00077258
23.1 0.000775678
23.2 0.000778687
23.3 0.000781607
23.4 0.000784437
23.5 0.000787178
23.6 0.000789829
23.7 0.00079239
23.8 0.00079486
23.9 0.000797239
24 0.000799528
24.1 0.000801724
24.2 0.000803829
24.3 0.000805843
24.4 0.000807764
24.5 0.000809592
24.6 0.000811329
24.7 0.000812972
24.8 0.000814523
24.9 0.00081598
25 0.000817344
25.1 0.000818615
25.2 0.000819792
25.3 0.000820876
25.4 0.000821865
25.5 0.000822761
25.6 0.000823563
25.7 0.00082427
25.8 0.000824884
25.9 0.000825403
26 0.000825827
26.1 0.000826158
26.2 0.000826394
26.3 0.000826535
26.4 0.000826582
26.5 0.000826534
26.6 0.000826392
26.7 0.000826156
26.8 0.000825825
26.9 0.0008254
27 0.00082488
27.1 0.000824266
27.2 0.000823558
27.3 0.000822755
27.4 0.000821859
27.5 0.000820869
27.6 0.000819785
27.7 0.000818607
27.8 0.000817335
27.9 0.000815971
28 0.000814513
28.1 0.000812961
28.2 0.000811317
28.3 0.00080958
28.4 0.000807751
28.5 0.000805829
28.6 0.000803815
28.7 0.00080171
28.8 0.000799512
28.9 0.000797224
29 0.000794844
29.1 0.000792373
29.2 0.000789812
29.3 0.00078716
29.4 0.000784419
29.5 0.000781587
29.6 0.000778667
29.7 0.000775657
29.8 0.000772559
29.9 0.000769373
30 0.000766098
30.1 0.000762736
30.2 0.000759287
30.3 0.000755751
30.4 0.000752129
30.5 0.00074842
30.6 0.000744626
30.7 0.000740747
30.8 0.000736784
30.9 0.000732736
31 0.000728604
31.1 0.000724389
31.2 0.000720091
31.3 0.000715711
31.4 0.000711249
31.5 0.000706706
31.6 0.000702082
31.7 0.000697378
31.8 0.000692594
31.9 0.000687731
32 0.00068279
32.1 0.00067777
32.2 0.000672673
32.3 0.000667499
32.4 0.000662248
32.5 0.000656922
32.6 0.000651521
32.7 0.000646045
32.8 0.000640496
32.9 0.000634873
33 0.000629178
33.1 0.000623411
33.2 0.000617572
33.3 0.000611663
33.4 0.000605684
33.5 0.000599636
33.6 0.000593519
33.7 0.000587335
33.8 0.000581083
33.9 0.000574765
34 0.000568381
34.1 0.000561932
34.2 0.000555419
34.3 0.000548843
34.4 0.000542204
34.5 0.000535502
34.6 0.00052874
34.7 0.000521917
34.8 0.000515035
34.9 0.000508093
35 0.000501094
35.1 0.000494037
35.2 0.000486924
35.3 0.000479755
35.4 0.000472531
35.5 0.000465254
35.6 0.000457923
35.7 0.000450539
35.8 0.000443105
35.9 0.000435619
36 0.000428084
36.1 0.0004205
36.2 0.000412868
36.3 0.000405188
36.4 0.000397463
36.5 0.000389692
36.6 0.000381876
36.7 0.000374017
36.8 0.000366115
36.9 0.000358171
37 0.000350186
37.1 0.000342161
37.2 0.000334097
37.3 0.000325995
37.4 0.000317855
37.5 0.00030968
37.6 0.000301468
37.7 0.000293223
37.8 0.000284944
37.9 0.000276632
38 0.000268289
38.1 0.000259915
38.2 0.000251511
38.3 0.000243078
38.4 0.000234618
38.5 0.000226131
38.6 0.000217618
38.7 0.00020908
38.8 0.000200519
38.9 0.000191934
39 0.000183328
39.1 0.0001747
39.2 0.000166053
39.3 0.000157386
39.4 0.000148702
39.5 0.000138842
39.6 0.000130224
39.7 0.000122141
39.8 0.00011456
39.9 0.000107449
40 0.00010078
40.1 9.45243e-05
40.2 8.86572e-05
40.3 8.31543e-05
40.4 7.79929e-05
40.5 7.3152e-05
40.6 6.86114e-05
40.7 6.43528e-05
40.8 6.03584e-05
40.9 5.6612e-05
41 5.30981e-05
41.1 4.98023e-05
41.2 4.67111e-05
41.3 4.38118e-05
41.4 4.10924e-05
41.5 3.85418e-05
41.6 3.61495e-05
41.7 3.39057e-05
41.8 3.18012e-05
41.9 2.98273e-05
42 2.7976e-05
42.1 2.62395e-05
42.2 2.46108e-05
42.3 2.30832e-05
42.4 2.16505e-05
42.5 2.03066e-05
42.6 1.90462e-05
42.7 1.7864e-05
42.8 1.67552e-05
42.9 1.57152e-05
43 1.47398e-05
43.1 1.38249e-05
43.2 1.29668e-05
43.3 1.21619e-05
43.4 1.14071e-05
43.5 1.0699e-05
43.6 1.00349e-05
43.7 9.41208e-06
43.8 8.82787e-06
43.9 8.27993e-06
44 7.766e-06
44.1 7.28397e-06
44.2 6.83185e-06
44.3 6.4078e-06
44.4 6.01007e-06
