-17.5 -0.000708718
-17.4 -0.000786928
-17.3 -0.00087374
-17.2 -0.000970095
-17.1 -0.00107704
-17 -0.00119574
-16.9 -0.00132746
-16.8 -0.00147365
-16.7 -0.00163589
-16.6 -0.00181591
-16.5 -0.00201568
-16.4 -0.00223733
-16.3 -0.00248327
-16.2 -0.00275614
-16.1 -0.00305888
-16 -0.00339475
-15.9 -0.00376734
-15.8 -0.00418066
-15.7 -0.00463914
-15.6 -0.00514769
-15.5 -0.00571175
-15.4 -0.00633736
-15.3 -0.0070312
-15.2 -0.00780066
-15.1 -0.00865396
-15 -0.00960018
-14.9 -0.0106494
-14.8 -0.0118127
-14.7 -0.0131026
-14.6 -0.0145325
-14.5 -0.0161178
-14.4 -0.0178752
-14.3 -0.0198233
-14.2 -0.0219825
-14.1 -0.0243758
-14 -0.0270282
-13.9 -0.0299677
-13.8 -0.0332253
-13.7 -0.036835
-13.6 -0.0408346
-13.5 -0.0452661
-13.4 -0.0501758
-13.3 -0.055615
-13.2 -0.0616402
-13.1 -0.0683143
-13 -0.0757066
-12.9 -0.0838938
-12.8 -0.0929609
-12.7 -0.103002
-12.6 -0.11412
-12.5 -0.126896
-12.4 -0.139889
-12.3 -0.153046
-12.2 -0.166292
-12.1 -0.179552
-12 -0.192751
-11.9 -0.205816
-11.8 -0.218677
-11.7 -0.231265
-11.6 -0.243513
-11.5 -0.255357
-11.4 -0.266737
-11.3 -0.277595
-11.2 -0.287878
-11.1 -0.297534
-11 -0.30652
-10.9 -0.314792
-10.8 -0.322312
-10.7 -0.329048
-10.6 -0.334972
-10.5 -0.340059
-10.4 -0.344289
-10.3 -0.347649
-10.2 -0.350129
-10.1 -0.351723
-10 -0.352431
-9.9 -0.352257
-9.8 -0.35121
-9.7 -0.349303
-9.6 -0.346553
-9.5 -0.342982
-9.4 -0.338614
-9.3 -0.333478
-9.2 -0.327607
-9.1 -0.321037
-9 -0.313806
-8.9 -0.305956
-8.8 -0.29753
-8.7 -0.288574
-8.6 -0.279137
-8.5 -0.269269
-8.4 -0.259019
-8.3 -0.248441
-8.2 -0.237586
-8.1 -0.226509
-8 -0.215261
-7.9 -0.203897
-7.8 -0.192469
-7.7 -0.181029
-7.6 -0.169628
-7.5 -0.158314
-7.4 -0.147137
-7.3 -0.136142
-7.2 -0.125374
-7.1 -0.114875
-7 -0.104684
-6.9 -0.0948383
-6.8 -0.0853722
-6.7 -0.0763169
-6.6 -0.0677008
-6.5 -0.059549
-6.4 -0.0518834
-6.3 -0.0447227
-6.2 -0.0380822
-6.1 -0.0319738
-6 -0.0264062
-5.9 -0.0213845
-5.8 -0.0169107
-5.7 -0.0129834
-5.6 -0.00959807
-5.5 -0.00674705
-5.4 -0.00441969
-5.3 -0.00260245
-5.2 -0.00127907
-5.1 -0.000430688
-5 -3.60415e-05
-4.9 -7.16181e-05
-4.8 -0.000511856
-4.7 -0.00132934
-4.6 -0.00249502
-4.5 -0.00397841
-4.4 -0.00574782
-4.3 -0.00777057
-4.2 -0.0100132
-4.1 -0.0124418
-4 -0.0150221
-3.9 -0.0177198
-3.8 -0.0205007
-3.7 -0.0233311
-3.6 -0.0261776
-3.5 -0.0290081
-3.4 -0.0317909
-3.3 -0.0344961
-3.2 -0.0370948
-3.1 -0.0395596
-3 -0.0418652
-2.9 -0.0439878
-2.8 -0.0459056
-2.7 -0.0475992
-2.6 -0.0490511
-2.5 -0.0502461
-2.4 -0.0511717
-2.3 -0.0518174
-2.2 -0.0521754
-2.1 -0.0522403
-2 -0.0520092
-1.9 -0.0514816
-1.8 -0.0506595
-1.7 -0.0495473
-1.6 -0.0481515
-1.5 -0.0464813
-1.4 -0.0445475
-1.3 -0.0423635
-1.2 -0.0399441
-1.1 -0.0373062
-1 -0.0344684
-0.9 -0.0314506
-0.8 -0.028274
-0.7 -0.0249612
-0.6 -0.0215356
-0.5 -0.0180215
-0.4 -0.0144435
-0.3 -0.010827
-0.2 -0.0071973
-0.1 -0.0035799
-2.05669e-14 -7.30705e-16
0.1 0.00351756
0.2 0.00694852
0.3 0.0102694
0.4 0.0134577
0.5 0.0164921
0.6 0.0193523
0.7 0.02202
0.8 0.024478
0.9 0.0267111
1 0.028706
1.1 0.0304514
1.2 0.0319381
1.3 0.0331589
1.4 0.0341091
1.5 0.0347864
1.6 0.0351906
1.7 0.035324
1.8 0.0351914
1.9 0.0347998
2 0.0341588
2.1 0.0332802
2.2 0.032178
2.3 0.0308685
2.4 0.0293701
2.5 0.0277033
2.6 0.0258902
2.7 0.023955
2.8 0.0219233
2.9 0.0198222
3 0.01768
3.1 0.0155263
3.2 0.0133915
3.3 0.0113065
3.4 0.0093032
3.5 0.00741333
3.6 0.00566892
3.7 0.00410183
3.8 0.00274356
3.9 0.00162501
4 0.00077631
4.1 0.000226555
4.2 3.61046e-06
4.3 0.0001339
4.4 0.000642203
4.5 0.00155146
4.6 0.00288257
4.7 0.00465425
4.8 0.00688283
4.9 0.00958214
5 0.0127633
5.1 0.0164347
5.2 0.0206019
5.3 0.0252672
5.4 0.0304302
5.5 0.0360872
5.6 0.0422313
5.7 0.0488524
5.8 0.0559374
5.9 0.06347
6 0.0714306
6.1 0.0797966
6.2 0.0885425
6.3 0.0976399
6.4 0.107058
6.5 0.116762
6.6 0.126716
6.7 0.136881
6.8 0.147217
6.9 0.15768
7 0.168226
7.1 0.17881
7.2 0.189383
7.3 0.199897
7.4 0.210304
7.5 0.220554
7.6 0.230596
7.7 0.240382
7.8 0.249861
7.9 0.258986
8 0.267708
8.1 0.275981
8.2 0.283759
8.3 0.291
8.4 0.297663
8.5 0.303707
8.6 0.309098
8.7 0.313801
8.8 0.317786
8.9 0.321026
9 0.323497
9.1 0.325179
9.2 0.326057
9.3 0.326118
9.4 0.325354
9.5 0.323762
9.6 0.321341
9.7 0.318098
9.8 0.314042
9.9 0.309187
10 0.30355
10.1 0.297156
10.2 0.290032
10.3 0.282209
10.4 0.273723
10.5 0.264614
10.6 0.254926
10.7 0.244707
10.8 0.234009
10.9 0.222885
11 0.211394
11.1 0.199597
11.2 0.187556
11.3 0.175337
11.4 0.163009
11.5 0.150639
11.6 0.138299
11.7 0.126061
11.8 0.113995
11.9 0.102176
12 0.0906747
12.1 0.0795632
12.2 0.0689124
12.3 0.058792
12.4 0.0492699
12.5 0.0404121
12.6 0.0321392
12.7 0.0251635
12.8 0.0191272
12.9 0.0139782
13 0.00967429
13.1 0.00618262
13.2 0.0034795
13.3 0.00155028
13.4 0.000389296
13.5 1.66379e-27
13.6 0.000395106
13.7 0.0015969
13.8 0.00363766
13.9 0.00656019
14 0.0104185
14.1 0.0152785
14.2 0.0212192
14.3 0.0283337
14.4 0.0367305
14.5 0.046535
14.6 0.0580113
14.7 0.0702636
14.8 0.0835987
14.9 0.0979745
15 0.113343
15.1 0.129652
15.2 0.146842
15.3 0.164849
15.4 0.183604
15.5 0.203035
15.6 0.223064
15.7 0.24361
15.8 0.264588
15.9 0.285909
16 0.307482
16.1 0.329216
16.2 0.351013
16.3 0.372778
16.4 0.394414
16.5 0.415822
16.6 0.436903
16.7 0.457562
16.8 0.477699
16.9 0.497222
17 0.516036
17.1 0.53405
17.2 0.551176
17.3 0.56733
17.4 0.582431
17.5 0.596403
17.6 0.609174
17.7 0.620676
17.8 0.63085
17.9 0.639639
18 0.646994
18.1 0.652872
18.2 0.657239
18.3 0.660063
18.4 0.661325
18.5 0.66101
18.6 0.65911
18.7 0.655628
18.8 0.650571
18.9 0.643955
19 0.635807
19.1 0.626156
19.2 0.615043
19.3 0.602515
19.4 0.588627
19.5 0.573439
19.6 0.557022
19.7 0.539449
19.8 0.520802
19.9 0.501171
20 0.480646
20.1 0.459328
20.2 0.43732
20.3 0.414729
20.4 0.391666
20.5 0.368248
20.6 0.344592
20.7 0.320817
20.8 0.297046
20.9 0.273401
21 0.250007
21.1 0.226986
21.2 0.204461
21.3 0.182554
21.4 0.161384
21.5 0.141068
21.6 0.121721
21.7 0.103453
21.8 0.0863694
21.9 0.0705727
22 0.0561586
22.1 0.0432174
22.2 0.0318331
22.3 0.0220829
22.4 0.0140369
22.5 0.00775728
22.6 0.00329859
22.7 0.000706869
22.8 1.95996e-05
22.9 0.00126539
23 0.00446378
23.1 0.00962506
23.2 0.0167501
23.3 0.0258305
23.4 0.036848
23.5 0.0497752
23.6 0.0645752
23.7 0.0812016
23.8 0.099599
23.9 0.119703
24 0.14144
24.1 0.164729
24.2 0.18948
24.3 0.215595
24.4 0.24297
24.5 0.271492
24.6 0.301044
24.7 0.331501
24.8 0.362733
24.9 0.394608
25 0.426985
25.1 0.459724
25.2 0.492679
25.3 0.525704
25.4 0.558651
25.5 0.591369
25.6 0.62371
25.7 0.655526
25.8 0.686668
25.9 0.716993
26 0.746357
26.1 0.774622
26.2 0.801654
26.3 0.827322
26.4 0.851503
26.5 0.874079
26.6 0.894938
26.7 0.913978
26.8 0.931102
26.9 0.946223
27 0.959262
27.1 0.970152
27.2 0.978832
27.3 0.985254
27.4 0.98938
27.5 0.99118
27.6 0.99064
27.7 0.987752
27.8 0.982522
27.9 0.974967
28 0.965115
28.1 0.953004
28.2 0.938686
28.3 0.92222
28.4 0.903679
28.5 0.883144
28.6 0.860709
28.7 0.836474
28.8 0.810552
28.9 0.783063
29 0.754134
29.1 0.723902
29.2 0.69251
29.3 0.660109
29.4 0.626853
29.5 0.592905
29.6 0.558428
29.7 0.523591
29.8 0.488567
29.9 0.453529
30 0.418652
30.1 0.384111
30.2 0.350082
30.3 0.316737
30.4 0.284248
30.5 0.252784
30.6 0.22251
30.7 0.193585
30.8 0.166164
30.9 0.140396
31 0.116422
31.1 0.0943759
31.2 0.074384
31.3 0.0565625
31.4 0.0410185
31.5 0.0278489
31.6 0.0171397
31.7 0.008966
31.8 0.00339105
31.9 0.000466249
32 0.000230666
32.1 0.0027108
32.2 0.00792038
32.3 0.0158602
32.4 0.0265181
32.5 0.039869
32.6 0.0558745
32.7 0.0744837
32.8 0.0956329
32.9 0.119246
33 0.145234
33.1 0.173497
33.2 0.203924
33.3 0.236391
33.4 0.270766
33.5 0.306906
33.6 0.344659
33.7 0.383863
33.8 0.42435
33.9 0.465945
34 0.508465
34.1 0.551724
34.2 0.595528
34.3 0.639682
34.4 0.683988
34.5 0.728245
34.6 0.772252
34.7 0.815807
34.8 0.85871
34.9 0.900762
35 0.941769
35.1 0.981538
35.2 1.01988
35.3 1.05662
35.4 1.09158
35.5 1.12459
35.6 1.1555
35.7 1.18415
35.8 1.2104
35.9 1.23414
36 1.25522
36.1 1.27356
36.2 1.28906
36.3 1.30164
36.4 1.31123
36.5 1.31777
36.6 1.32123
36.7 1.32159
36.8 1.31883
36.9 1.31296
37 1.30399
37.1 1.29197
37.2 1.27694
37.3 1.25896
37.4 1.23812
37.5 1.21449
37.6 1.1882
37.7 1.15936
37.8 1.12809
37.9 1.09455
38 1.05889
38.1 1.02127
38.2 0.981868
38.3 0.940875
38.4 0.898482
38.5 0.854891
38.6 0.81031
38.7 0.764954
38.8 0.719041
38.9 0.672795
39 0.62644
39.1 0.580204
39.2 0.534315
39.3 0.489
39.4 0.444485
39.5 0.399519
39.6 0.358662
39.7 0.321982
39.8 0.28905
39.9 0.259486
40 0.232943
40.1 0.209115
40.2 0.187722
40.3 0.168517
40.4 0.151276
40.5 0.135798
40.6 0.121903
40.7 0.109429
40.8 0.0982312
40.9 0.0881785
41 0.079154
41.1 0.0710528
41.2 0.0637803
41.3 0.0572518
41.4 0.0513912
41.5 0.0461304
41.6 0.0414078
41.7 0.0371685
41.8 0.033363
41.9 0.0299469
42 0.0268805
42.1 0.0241279
42.2 0.0216571
42.3 0.0194392
42.4 0.0174483
42.5 0.0156613
42.6 0.0140571
42.7 0.0126173
42.8 0.0113248
42.9 0.0101647
43 0.00912338
43.1 0.00818869
43.2 0.00734972
43.3 0.00659667
43.4 0.00592075
43.5 0.00531405
43.6 0.0047695
43.7 0.00428073
43.8 0.00384203
43.9 0.00344827
44 0.00309484
44.1 0.00277763
44.2 0.00249292
44.3 0.00223738
44.4 0.00200802
