-17.5 5.02282e-07
-17.4 6.19256e-07
-17.3 7.63421e-07
-17.2 9.41085e-07
-17.1 1.16002e-06
-17 1.42978e-06
-16.9 1.76216e-06
-16.8 2.17166e-06
-16.7 2.67612e-06
-16.6 3.29753e-06
-16.5 4.06295e-06
-16.4 5.00566e-06
-16.3 6.16665e-06
-16.2 7.59633e-06
-16.1 9.35677e-06
-16 1.15243e-05
-15.9 1.41928e-05
-15.8 1.74779e-05
-15.7 2.15216e-05
-15.6 2.64987e-05
-15.5 3.26241e-05
-15.4 4.01622e-05
-15.3 4.94377e-05
-15.2 6.08504e-05
-15.1 7.48911e-05
-15 9.21635e-05
-14.9 0.000113409
-14.8 0.00013954
-14.7 0.000171677
-14.6 0.000211195
-14.5 0.000259785
-14.4 0.000319523
-14.3 0.000392961
-14.2 0.000483231
-14.1 0.000594178
-14 0.000730524
-13.9 0.000898066
-13.8 0.00110392
-13.7 0.00135681
-13.6 0.00166747
-13.5 0.00204902
-13.4 0.00251761
-13.3 0.00309302
-13.2 0.00379951
-13.1 0.00466684
-13 0.00573149
-12.9 0.00703818
-12.8 0.00864173
-12.7 0.0106093
-12.6 0.0130233
-12.5 0.0161027
-12.4 0.0195689
-12.3 0.0234231
-12.2 0.027653
-12.1 0.0322388
-12 0.0371528
-11.9 0.0423604
-11.8 0.0478198
-11.7 0.0534835
-11.6 0.0592985
-11.5 0.0652072
-11.4 0.0711485
-11.3 0.0770589
-11.2 0.0828735
-11.1 0.0885268
-11 0.0939544
-10.9 0.0990937
-10.8 0.103885
-10.7 0.108273
-10.6 0.112206
-10.5 0.11564
-10.4 0.118535
-10.3 0.12086
-10.2 0.12259
-10.1 0.123709
-10 0.124208
-9.9 0.124085
-9.8 0.123349
-9.7 0.122013
-9.6 0.120099
-9.5 0.117636
-9.4 0.114659
-9.3 0.111208
-9.2 0.107327
-9.1 0.103065
-9 0.0984742
-8.9 0.0936088
-8.8 0.0885239
-8.7 0.083275
-8.6 0.0779176
-8.5 0.0725056
-8.4 0.0670909
-8.3 0.0617228
-8.2 0.0564472
-8.1 0.0513062
-8 0.0463375
-7.9 0.0415742
-7.8 0.0370445
-7.7 0.0327715
-7.6 0.0287735
-7.5 0.0250634
-7.4 0.0216493
-7.3 0.0185347
-7.2 0.0157187
-7.1 0.0131963
-7 0.0109587
-6.9 0.00899431
-6.8 0.00728841
-6.7 0.00582427
-6.6 0.0045834
-6.5 0.00354608
-6.4 0.00269188
-6.3 0.00200012
-6.2 0.00145025
-6.1 0.00102232
-6 0.000697285
-5.9 0.000457296
-5.8 0.000285971
-5.7 0.000168569
-5.6 9.2123e-05
-5.5 4.55227e-05
-5.4 1.95337e-05
-5.3 6.77275e-06
-5.2 1.63601e-06
-5.1 1.85492e-07
-5 1.29899e-09
-4.9 5.12915e-09
-4.8 2.61997e-07
-4.7 1.76715e-06
-4.6 6.22515e-06
-4.5 1.58278e-05
-4.4 3.30374e-05
-4.3 6.03817e-05
-4.2 0.000100265
-4.1 0.000154799
-4 0.000225665
-3.9 0.000313992
-3.8 0.00042028
-3.7 0.000544339
-3.6 0.000685269
-3.5 0.000841467
-3.4 0.00101066
-3.3 0.00118998
-3.2 0.00137602
-3.1 0.00156497
-3 0.0017527
-2.9 0.00193492
-2.8 0.00210733
-2.7 0.00226568
-2.6 0.00240601
-2.5 0.00252468
-2.4 0.00261854
-2.3 0.00268505
-2.2 0.00272228
-2.1 0.00272905
-2 0.00270496
-1.9 0.00265036
-1.8 0.00256639
-1.7 0.00245493
-1.6 0.00231857
-1.5 0.00216051
-1.4 0.00198448
-1.3 0.00179466
-1.2 0.00159553
-1.1 0.00139175
-1 0.00118807
-0.9 0.000989137
-0.8 0.00079942
-0.7 0.000623063
-0.6 0.000463784
-0.5 0.000324773
-0.4 0.000208615
-0.3 0.000117223
-0.2 5.18011e-05
-0.1 1.28157e-05
-2.05669e-14 5.3393e-31
0.1 1.23732e-05
0.2 4.82819e-05
0.3 0.000105461
0.4 0.00018111
0.5 0.000271988
0.6 0.000374513
0.7 0.000484879
0.8 0.000599171
0.9 0.000713483
1 0.000824036
1.1 0.000927289
1.2 0.00102004
1.3 0.00109951
1.4 0.00116343
1.5 0.00121009
1.6 0.00123838
1.7 0.00124779
1.8 0.00123843
1.9 0.00121103
2 0.00116682
2.1 0.00110757
2.2 0.00103542
2.3 0.000952863
2.4 0.000862604
2.5 0.000767471
2.6 0.000670304
2.7 0.000573843
2.8 0.000480631
2.9 0.000392919
3 0.000312583
3.1 0.000241066
3.2 0.000179331
3.3 0.000127838
3.4 8.65496e-05
3.5 5.49575e-05
3.6 3.21367e-05
3.7 1.6825e-05
3.8 7.5271e-06
3.9 2.64066e-06
4 6.02658e-07
4.1 5.13272e-08
4.2 1.30354e-11
4.3 1.79293e-08
4.4 4.12425e-07
4.5 2.40702e-06
4.6 8.30921e-06
4.7 2.1662e-05
4.8 4.73734e-05
4.9 9.18173e-05
5 0.000162902
5.1 0.000270101
5.2 0.000424437
5.3 0.000638433
5.4 0.000926
5.5 0.00130229
5.6 0.00178348
5.7 0.00238656
5.8 0.003129
5.9 0.00402844
6 0.00510232
6.1 0.0063675
6.2 0.00783978
6.3 0.00953356
6.4 0.0114613
6.5 0.0136333
6.6 0.0160568
6.7 0.0187364
6.8 0.0216727
6.9 0.0248629
7 0.0283001
7.1 0.0319729
7.2 0.0358658
7.3 0.0399589
7.4 0.0442278
7.5 0.0486439
7.6 0.0531745
7.7 0.0577834
7.8 0.0624307
7.9 0.0670738
8 0.0716676
8.1 0.0761655
8.2 0.0805194
8.3 0.0846813
8.4 0.0886031
8.5 0.0922381
8.6 0.0955414
8.7 0.0984708
8.8 0.100988
8.9 0.103057
9 0.10465
9.1 0.105742
9.2 0.106313
9.3 0.106353
9.4 0.105855
9.5 0.104822
9.6 0.10326
9.7 0.101187
9.8 0.0986224
9.9 0.0955963
10 0.0921428
10.1 0.0883018
10.2 0.0841184
10.3 0.0796417
10.4 0.0749241
10.5 0.0700204
10.6 0.0649873
10.7 0.0598817
10.8 0.0547601
10.9 0.0496777
11 0.0446875
11.1 0.0398388
11.2 0.0351772
11.3 0.0307432
11.4 0.0265718
11.5 0.0226921
11.6 0.0191267
11.7 0.0158913
11.8 0.012995
11.9 0.0104399
12 0.0082219
12.1 0.0063303
12.2 0.00474892
12.3 0.0034565
12.4 0.00242752
12.5 0.00163314
12.6 0.00103293
12.7 0.000633204
12.8 0.000365849
12.9 0.00019539
13 9.35918e-05
13.1 3.82248e-05
13.2 1.2107e-05
13.3 2.40336e-06
13.4 1.51551e-07
13.5 2.7682e-54
13.6 1.56109e-07
13.7 2.5501e-06
13.8 1.32326e-05
13.9 4.3036e-05
14 0.000108544
14.1 0.000233432
14.2 0.000450256
14.3 0.000802801
14.4 0.00134913
14.5 0.00216551
14.6 0.00336532
14.7 0.00493697
14.8 0.00698874
14.9 0.009599
15 0.0128467
15.1 0.0168096
15.2 0.0215625
15.3 0.0271751
15.4 0.0337105
15.5 0.0412233
15.6 0.0497577
15.7 0.0593459
15.8 0.0700066
15.9 0.0817437
16 0.0945454
16.1 0.108383
16.2 0.12321
16.3 0.138964
16.4 0.155562
16.5 0.172908
16.6 0.190885
16.7 0.209363
16.8 0.228197
16.9 0.24723
17 0.266293
17.1 0.285209
17.2 0.303795
17.3 0.321864
17.4 0.339226
17.5 0.355697
17.6 0.371093
17.7 0.385239
17.8 0.397971
17.9 0.409138
18 0.418601
18.1 0.426242
18.2 0.431962
18.3 0.435684
18.4 0.437351
18.5 0.436934
18.6 0.434426
18.7 0.429848
18.8 0.423242
18.9 0.414679
19 0.40425
19.1 0.392071
19.2 0.378278
19.3 0.363025
19.4 0.346481
19.5 0.328833
19.6 0.310273
19.7 0.291005
19.8 0.271235
19.9 0.251172
20 0.231021
20.1 0.210982
20.2 0.191248
20.3 0.172
20.4 0.153403
20.5 0.135607
20.6 0.118743
20.7 0.102923
20.8 0.0882363
20.9 0.0747483
21 0.0625035
21.1 0.0515226
21.2 0.0418043
21.3 0.0333259
21.4 0.0260447
21.5 0.0199002
21.6 0.014816
21.7 0.0107025
21.8 0.00745968
21.9 0.0049805
22 0.00315379
22.1 0.00186774
22.2 0.00101335
22.3 0.000487656
22.4 0.000197033
22.5 6.01754e-05
22.6 1.08807e-05
22.7 4.99664e-07
22.8 3.84146e-10
22.9 1.60122e-06
23 1.99254e-05
23.1 9.26418e-05
23.2 0.000280567
23.3 0.000667213
23.4 0.00135777
23.5 0.00247757
23.6 0.00416995
23.7 0.0065937
23.8 0.00991995
23.9 0.0143288
24 0.0200053
24.1 0.0271357
24.2 0.0359026
24.3 0.0464813
24.4 0.0590343
24.5 0.0737079
24.6 0.0906273
24.7 0.109893
24.8 0.131575
24.9 0.155715
25 0.182316
25.1 0.211346
25.2 0.242733
25.3 0.276365
25.4 0.31209
25.5 0.349717
25.6 0.389014
25.7 0.429714
25.8 0.471513
25.9 0.514078
26 0.557049
26.1 0.600039
26.2 0.642648
26.3 0.684462
26.4 0.725057
26.5 0.764014
26.6 0.800914
26.7 0.835355
26.8 0.86695
26.9 0.895337
27 0.920184
27.1 0.941195
27.2 0.958113
27.3 0.970726
27.4 0.978872
27.5 0.982439
27.6 0.981367
27.7 0.975654
27.8 0.96535
27.9 0.950561
28 0.931447
28.1 0.908217
28.2 0.881131
28.3 0.850489
28.4 0.816635
28.5 0.779944
28.6 0.74082
28.7 0.699689
28.8 0.656995
28.9 0.613187
29 0.568718
29.1 0.524034
29.2 0.479571
29.3 0.435744
29.4 0.392945
29.5 0.351536
29.6 0.311841
29.7 0.274148
29.8 0.238698
29.9 0.205689
30 0.17527
30.1 0.147542
30.2 0.122557
30.3 0.100322
30.4 0.0807972
30.5 0.0639
30.6 0.0495107
30.7 0.0374751
30.8 0.0276104
30.9 0.0197109
31 0.013554
31.1 0.0089068
31.2 0.00553297
31.3 0.00319932
31.4 0.00168252
31.5 0.000775561
31.6 0.00029377
31.7 8.03891e-05
31.8 1.14992e-05
31.9 2.17388e-07
32 5.32067e-08
32.1 7.34843e-06
32.2 6.27324e-05
32.3 0.000251547
32.4 0.000703212
32.5 0.00158953
32.6 0.00312196
32.7 0.00554782
32.8 0.00914564
32.9 0.0142195
33 0.0210929
33.1 0.0301013
33.2 0.0415849
33.3 0.0558808
33.4 0.0733144
33.5 0.0941914
33.6 0.118789
33.7 0.147351
33.8 0.180073
33.9 0.217105
34 0.258537
34.1 0.304399
34.2 0.354653
34.3 0.409193
34.4 0.46784
34.5 0.530341
34.6 0.596372
34.7 0.66554
34.8 0.737382
34.9 0.811372
35 0.886928
35.1 0.963416
35.2 1.04016
35.3 1.11645
35.4 1.19155
35.5 1.26471
35.6 1.33518
35.7 1.40221
35.8 1.46508
35.9 1.52309
36 1.57559
36.1 1.62197
36.2 1.66168
36.3 1.69427
36.4 1.71932
36.5 1.73652
36.6 1.74566
36.7 1.7466
36.8 1.73932
36.9 1.72386
37 1.7004
37.1 1.66919
37.2 1.63058
37.3 1.58499
37.4 1.53293
37.5 1.475
37.6 1.41182
37.7 1.34411
37.8 1.27259
37.9 1.19804
38 1.12124
38.1 1.04299
38.2 0.964065
38.3 0.885245
38.4 0.80727
38.5 0.730838
38.6 0.656602
38.7 0.585154
38.8 0.51702
38.9 0.452652
39 0.392427
39.1 0.336637
39.2 0.285493
39.3 0.239121
39.4 0.197567
39.5 0.159616
39.6 0.128639
39.7 0.103672
39.8 0.0835501
39.9 0.0673328
40 0.0542626
40.1 0.0437289
40.2 0.0352397
40.3 0.0283981
40.4 0.0228846
40.5 0.0184412
40.6 0.0148604
40.7 0.0119748
40.8 0.00964938
40.9 0.00777545
41 0.00626536
41.1 0.00504849
41.2 0.00406792
41.3 0.00327777
41.4 0.00264106
41.5 0.00212801
41.6 0.0017146
41.7 0.00138149
41.8 0.00111309
41.9 0.000896819
42 0.000722562
42.1 0.000582157
42.2 0.00046903
42.3 0.000377882
42.4 0.000304444
42.5 0.000245275
42.6 0.000197603
42.7 0.000159195
42.8 0.000128251
42.9 0.000103321
43 8.3236e-05
43.1 6.70546e-05
43.2 5.40184e-05
43.3 4.35161e-05
43.4 3.50552e-05
43.5 2.82392e-05
43.6 2.27482e-05
43.7 1.83247e-05
43.8 1.47612e-05
43.9 1.18905e-05
44 9.57806e-06
44.1 7.71524e-06
44.2 6.21465e-06
44.3 5.00587e-06
44.4 4.03216e-06
