-17.5 -3.44625e-05
-17.4 -3.64185e-05
-17.3 -3.84855e-05
-17.2 -4.06698e-05
-17.1 -4.29781e-05
-17 -4.54174e-05
-16.9 -4.79952e-05
-16.8 -5.07192e-05
-16.7 -5.35979e-05
-16.6 -5.66399e-05
-16.5 -5.98546e-05
-16.4 -6.32518e-05
-16.3 -6.68418e-05
-16.2 -7.06355e-05
-16.1 -7.46445e-05
-16 -7.88811e-05
-15.9 -8.33582e-05
-15.8 -8.80893e-05
-15.7 -9.3089e-05
-15.6 -9.83724e-05
-15.5 -0.000103956
-15.4 -0.000109856
-15.3 -0.000116091
-15.2 -0.00012268
-15.1 -0.000129643
-15 -0.000137001
-14.9 -0.000144777
-14.8 -0.000152994
-14.7 -0.000161677
-14.6 -0.000170853
-14.5 -0.000180551
-14.4 -0.000190798
-14.3 -0.000201627
-14.2 -0.000213071
-14.1 -0.000225164
-14 -0.000237944
-13.9 -0.000251449
-13.8 -0.00026572
-13.7 -0.000280801
-13.6 -0.000296739
-13.5 -0.000313581
-13.4 -0.000331379
-13.3 -0.000350187
-13.2 -0.000370062
-13.1 -0.000391066
-13 -0.000413261
-12.9 -0.000436717
-12.8 -0.000461503
-12.7 -0.000487697
-12.6 -0.000515377
-12.5 -0.000545631
-12.4 -0.000575188
-12.3 -0.000604071
-12.2 -0.000632245
-12.1 -0.000659677
-12 -0.000686336
-11.9 -0.00071219
-11.8 -0.000737209
-11.7 -0.000761363
-11.6 -0.000784624
-11.5 -0.000806965
-11.4 -0.000828359
-11.3 -0.000848782
-11.2 -0.000868209
-11.1 -0.000886618
-11 -0.000903987
-10.9 -0.000920297
-10.8 -0.000935526
-10.7 -0.000949659
-10.6 -0.000962677
-10.5 -0.000974567
-10.4 -0.000985314
-10.3 -0.000994905
-10.2 -0.00100333
-10.1 -0.00101058
-10 -0.00101664
-9.9 -0.00102151
-9.8 -0.00102518
-9.7 -0.00102765
-9.6 -0.00102891
-9.5 -0.00102897
-9.4 -0.00102782
-9.3 -0.00102547
-9.2 -0.00102191
-9.1 -0.00101715
-9 -0.0010112
-8.9 -0.00100407
-8.8 -0.000995757
-8.7 -0.000986276
-8.6 -0.000975639
-8.5 -0.000963858
-8.4 -0.000950946
-8.3 -0.000936919
-8.2 -0.000921793
-8.1 -0.000905585
-8 -0.000888316
-7.9 -0.000870005
-7.8 -0.000850674
-7.7 -0.000830345
-7.6 -0.000809042
-7.5 -0.00078679
-7.4 -0.000763615
-7.3 -0.000739545
-7.2 -0.000714607
-7.1 -0.000688832
-7 -0.000662248
-6.9 -0.000634888
-6.8 -0.000606783
-6.7 -0.000577966
-6.6 -0.000548472
-6.5 -0.000518334
-6.4 -0.000487589
-6.3 -0.000456271
-6.2 -0.000424419
-6.1 -0.000392068
-6 -0.000359258
-5.9 -0.000326027
-5.8 -0.000292413
-5.7 -0.000258456
-5.6 -0.000224196
-5.5 -0.000189673
-5.4 -0.000154928
-5.3 -0.00012
-5.2 -8.49326e-05
-5.1 -4.97652e-05
-5 -1.45394e-05
-4.9 2.07035e-05
-4.8 5.5922e-05
-4.7 9.1075e-05
-4.6 0.000126121
-4.5 0.000161019
-4.4 0.000195729
-4.3 0.000230209
-4.2 0.000264418
-4.1 0.000298318
-4 0.000331868
-3.9 0.000365029
-3.8 0.000397761
-3.7 0.000430027
-3.6 0.000461789
-3.5 0.000493009
-3.4 0.000523651
-3.3 0.000553678
-3.2 0.000583057
-3.1 0.000611751
-3 0.000639728
-2.9 0.000666955
-2.8 0.000693399
-2.7 0.000719031
-2.6 0.000743819
-2.5 0.000767734
-2.4 0.000790749
-2.3 0.000812837
-2.2 0.000833971
-2.1 0.000854128
-2 0.000873282
-1.9 0.000891413
-1.8 0.000908498
-1.7 0.000924517
-1.6 0.000939452
-1.5 0.000953285
-1.4 0.000966
-1.3 0.000977583
-1.2 0.000988018
-1.1 0.000997295
-1 0.0010054
-0.9 0.00101233
-0.8 0.00101807
-0.7 0.00102262
-0.6 0.00102597
-0.5 0.00102811
-0.4 0.00102905
-0.3 0.00102878
-0.2 0.0010273
-0.1 0.00102462
-2.05669e-14 0.00102074
0.1 0.00101566
0.2 0.00100939
0.3 0.00100194
0.4 0.000993311
0.5 0.000983517
0.6 0.000972569
0.7 0.000960481
0.8 0.000947267
0.9 0.000932941
1 0.000917521
1.1 0.000901025
1.2 0.000883473
1.3 0.000864884
1.4 0.000845281
1.5 0.000824686
1.6 0.000803124
1.7 0.000780621
1.8 0.000757201
1.9 0.000732894
2 0.000707727
2.1 0.00068173
2.2 0.000654934
2.3 0.000627369
2.4 0.000599069
2.5 0.000570066
2.6 0.000540394
2.7 0.000510089
2.8 0.000479185
2.9 0.00044772
3 0.000415729
3.1 0.000383251
3.2 0.000350323
3.3 0.000316984
3.4 0.000283274
3.5 0.000249231
3.6 0.000214896
3.7 0.000180309
3.8 0.000145511
3.9 0.000110541
4 7.54427e-05
4.1 4.02554e-05
4.2 5.02095e-06
4.3 -3.02194e-05
4.4 -6.54243e-05
4.5 -0.000100553
4.6 -0.000135563
4.7 -0.000170414
4.8 -0.000205065
4.9 -0.000239476
5 -0.000273606
5.1 -0.000307416
5.2 -0.000340864
5.3 -0.000373913
5.4 -0.000406523
5.5 -0.000438657
5.6 -0.000470276
5.7 -0.000501343
5.8 -0.000531823
5.9 -0.000561678
6 -0.000590875
6.1 -0.000619379
6.2 -0.000647157
6.3 -0.000674175
6.4 -0.000700403
6.5 -0.00072581
6.6 -0.000750365
6.7 -0.00077404
6.8 -0.000796807
6.9 -0.00081864
7 -0.000839513
7.1 -0.000859401
7.2 -0.000878281
7.3 -0.000896131
7.4 -0.00091293
7.5 -0.000928658
7.6 -0.000943297
7.7 -0.00095683
7.8 -0.000969241
7.9 -0.000980515
8 -0.000990639
8.1 -0.000999601
8.2 -0.00100739
8.3 -0.001014
8.4 -0.00101942
8.5 -0.00102364
8.6 -0.00102666
8.7 -0.00102848
8.8 -0.00102909
8.9 -0.0010285
9 -0.0010267
9.1 -0.00102369
9.2 -0.00101949
9.3 -0.00101409
9.4 -0.0010075
9.5 -0.000999725
9.6 -0.00099078
9.7 -0.000980673
9.8 -0.000969416
9.9 -0.000957023
10 -0.000943506
10.1 -0.000928883
10.2 -0.000913171
10.3 -0.000896388
10.4 -0.000878553
10.5 -0.000859688
10.6 -0.000839815
10.7 -0.000818957
10.8 -0.000797138
10.9 -0.000774385
11 -0.000750723
11.1 -0.00072618
11.2 -0.000700786
11.3 -0.000674571
11.4 -0.000647564
11.5 -0.000619797
11.6 -0.000591304
11.7 -0.000562117
11.8 -0.00053227
11.9 -0.0005018
12 -0.000470741
12.1 -0.00043913
12.2 -0.000407004
12.3 -0.0003744
12.4 -0.000341358
12.5 -0.000307915
12.6 -0.000273503
12.7 -0.000241054
12.8 -0.000209339
12.9 -0.000178263
13 -0.00014773
13.1 -0.000117647
13.2 -8.79227e-05
13.3 -5.84667e-05
13.4 -2.91889e-05
13.5 -6.0119e-17
13.6 2.91889e-05
13.7 5.84667e-05
13.8 8.79227e-05
13.9 0.000117647
14 0.00014773
14.1 0.000178263
14.2 0.000209339
14.3 0.000241054
14.4 0.000273503
14.5 0.000306786
14.6 0.000341358
14.7 0.0003744
14.8 0.000407004
14.9 0.00043913
15 0.000470741
15.1 0.0005018
15.2 0.00053227
15.3 0.000562117
15.4 0.000591304
15.5 0.000619797
15.6 0.000647564
15.7 0.000674571
15.8 0.000700786
15.9 0.00072618
16 0.000750723
16.1 0.000774385
16.2 0.000797138
16.3 0.000818957
16.4 0.000839815
16.5 0.000859688
16.6 0.000878553
16.7 0.000896388
16.8 0.000913171
16.9 0.000928883
17 0.000943506
17.1 0.000957023
17.2 0.000969416
17.3 0.000980673
17.4 0.00099078
17.5 0.000999725
17.6 0.0010075
17.7 0.00101409
17.8 0.00101949
17.9 0.00102369
18 0.0010267
18.1 0.0010285
18.2 0.00102909
18.3 0.00102848
18.4 0.00102666
18.5 0.00102364
18.6 0.00101942
18.7 0.001014
18.8 0.00100739
18.9 0.000999601
19 0.000990639
19.1 0.000980515
19.2 0.000969241
19.3 0.00095683
19.4 0.000943297
19.5 0.000928658
19.6 0.00091293
19.7 0.000896131
19.8 0.000878281
19.9 0.000859401
20 0.000839513
20.1 0.00081864
20.2 0.000796807
20.3 0.00077404
20.4 0.000750365
20.5 0.00072581
20.6 0.000700403
20.7 0.000674175
20.8 0.000647157
20.9 0.000619379
21 0.000590875
21.1 0.000561678
21.2 0.000531823
21.3 0.000501343
21.4 0.000470276
21.5 0.000438657
21.6 0.000406523
21.7 0.000373913
21.8 0.000340864
21.9 0.000307416
22 0.000273606
22.1 0.000239476
22.2 0.000205065
22.3 0.000170414
22.4 0.000135563
22.5 0.000100553
22.6 6.54243e-05
22.7 3.02194e-05
22.8 -5.02095e-06
22.9 -4.02554e-05
23 -7.54427e-05
23.1 -0.000110541
23.2 -0.000145511
23.3 -0.000180309
23.4 -0.000214896
23.5 -0.000249231
23.6 -0.000283274
23.7 -0.000316984
23.8 -0.000350323
23.9 -0.000383251
24 -0.000415729
24.1 -0.00044772
24.2 -0.000479185
24.3 -0.000510089
24.4 -0.000540394
24.5 -0.000570066
24.6 -0.000599069
24.7 -0.000627369
24.8 -0.000654934
24.9 -0.00068173
25 -0.000707727
25.1 -0.000732894
25.2 -0.000757201
25.3 -0.000780621
25.4 -0.000803124
25.5 -0.000824686
25.6 -0.000845281
25.7 -0.000864884
25.8 -0.000883473
25.9 -0.000901025
26 -0.000917521
26.1 -0.000932941
26.2 -0.000947267
26.3 -0.000960481
26.4 -0.000972569
26.5 -0.000983517
26.6 -0.000993311
26.7 -0.00100194
26.8 -0.00100939
26.9 -0.00101566
27 -0.00102074
27.1 -0.00102462
27.2 -0.0010273
27.3 -0.00102878
27.4 -0.00102905
27.5 -0.00102811
27.6 -0.00102597
27.7 -0.00102262
27.8 -0.00101807
27.9 -0.00101233
28 -0.0010054
28.1 -0.000997295
28.2 -0.000988018
28.3 -0.000977583
28.4 -0.000966
28.5 -0.000953285
28.6 -0.000939452
28.7 -0.000924517
28.8 -0.000908498
28.9 -0.000891413
29 -0.000873282
29.1 -0.000854128
29.2 -0.000833971
29.3 -0.000812837
29.4 -0.000790749
29.5 -0.000767734
29.6 -0.000743819
29.7 -0.000719031
29.8 -0.000693399
29.9 -0.000666955
30 -0.000639728
30.1 -0.000611751
30.2 -0.000583057
30.3 -0.000553678
30.4 -0.000523651
30.5 -0.000493009
30.6 -0.000461789
30.7 -0.000430027
30.8 -0.000397761
30.9 -0.000365029
31 -0.000331868
31.1 -0.000298318
31.2 -0.000264418
31.3 -0.000230209
31.4 -0.000195729
31.5 -0.000161019
31.6 -0.000126121
31.7 -9.1075e-05
31.8 -5.5922e-05
31.9 -2.07035e-05
32 1.45394e-05
32.1 4.97652e-05
32.2 8.49326e-05
32.3 0.00012
32.4 0.000154928
32.5 0.000189673
32.6 0.000224196
32.7 0.000258456
32.8 0.000292413
32.9 0.000326027
33 0.000359258
33.1 0.000392068
33.2 0.000424419
33.3 0.000456271
33.4 0.000487589
33.5 0.000518334
33.6 0.000548472
33.7 0.000577966
33.8 0.000606783
33.9 0.000634888
34 0.000662248
34.1 0.000688832
34.2 0.000714607
34.3 0.000739545
34.4 0.000763615
34.5 0.00078679
34.6 0.000809042
34.7 0.000830345
34.8 0.000850674
34.9 0.000870005
35 0.000888316
35.1 0.000905585
35.2 0.000921793
35.3 0.000936919
35.4 0.000950946
35.5 0.000963858
35.6 0.000975639
35.7 0.000986276
35.8 0.000995757
35.9 0.00100407
36 0.0010112
36.1 0.00101715
36.2 0.00102191
36.3 0.00102547
36.4 0.00102782
36.5 0.00102897
36.6 0.00102891
36.7 0.00102765
36.8 0.00102518
36.9 0.00102151
37 0.00101664
37.1 0.00101058
37.2 0.00100333
37.3 0.000994905
37.4 0.000985314
37.5 0.000974567
37.6 0.000962677
37.7 0.000949659
37.8 0.000935526
37.9 0.000920297
38 0.000903987
38.1 0.000886618
38.2 0.000868209
38.3 0.000848782
38.4 0.000828359
38.5 0.000806965
38.6 0.000784624
38.7 0.000761363
38.8 0.000737209
38.9 0.00071219
39 0.000686336
39.1 0.000659677
39.2 0.000632245
39.3 0.000604071
39.4 0.000575188
39.5 0.000544628
39.6 0.000515377
39.7 0.000487697
39.8 0.000461503
39.9 0.000436717
40 0.000413261
40.1 0.000391066
40.2 0.000370062
40.3 0.000350187
40.4 0.000331379
40.5 0.000313581
40.6 0.000296739
40.7 0.000280801
40.8 0.00026572
40.9 0.000251449
41 0.000237944
41.1 0.000225164
41.2 0.000213071
41.3 0.000201627
41.4 0.000190798
41.5 0.000180551
41.6 0.000170853
41.7 0.000161677
41.8 0.000152994
41.9 0.000144777
42 0.000137001
42.1 0.000129643
42.2 0.00012268
42.3 0.000116091
42.4 0.000109856
42.5 0.000103956
42.6 9.83724e-05
42.7 9.3089e-05
42.8 8.80893e-05
42.9 8.33582e-05
43 7.88811e-05
43.1 7.46445e-05
43.2 7.06355e-05
43.3 6.68418e-05
43.4 6.32518e-05
43.5 5.98546e-05
43.6 5.66399e-05
43.7 5.35979e-05
43.8 5.07192e-05
43.9 4.79952e-05
44 4.54174e-05
44.1 4.29781e-05
44.2 4.06698e-05
44.3 3.84855e-05
44.4 3.64185e-05
