-17.5 1.21793e-09
-17.4 1.55507e-09
-17.3 1.98539e-09
-17.2 2.53462e-09
-17.1 3.23557e-09
-17 4.13009e-09
-16.9 5.27155e-09
-16.8 6.728e-09
-16.7 8.58624e-09
-16.6 1.09569e-08
-16.5 1.39812e-08
-16.4 1.78388e-08
-16.3 2.27592e-08
-16.2 2.90345e-08
-16.1 3.70373e-08
-16 4.72422e-08
-15.9 6.02542e-08
-15.8 7.6844e-08
-15.7 9.79936e-08
-15.6 1.24954e-07
-15.5 1.59319e-07
-15.4 2.03118e-07
-15.3 2.58936e-07
-15.2 3.30065e-07
-15.1 4.20697e-07
-15 5.36168e-07
-14.9 6.83272e-07
-14.8 8.70658e-07
-14.7 1.10933e-06
-14.6 1.4133e-06
-14.5 1.8004e-06
-14.4 2.2933e-06
-14.3 2.92086e-06
-14.2 3.71978e-06
-14.1 4.73677e-06
-14 6.03118e-06
-13.9 7.67855e-06
-13.8 9.77486e-06
-13.7 1.24422e-05
-13.6 1.58356e-05
-13.5 2.01525e-05
-13.4 2.56432e-05
-13.3 3.26264e-05
-13.2 4.15066e-05
-13.1 5.27976e-05
-13 6.71524e-05
-12.9 8.53998e-05
-12.8 0.000108593
-12.7 0.000138067
-12.6 0.00017552
-12.5 0.000235179
-12.4 0.000293183
-12.3 0.000360473
-12.2 0.000437751
-12.1 0.000525696
-12 0.000624956
-11.9 0.000736143
-11.8 0.000859831
-11.7 0.000996546
-11.6 0.00114677
-11.5 0.00131093
-11.4 0.00148939
-11.3 0.00168247
-11.2 0.00189041
-11.1 0.00211341
-11 0.00235157
-10.9 0.00260495
-10.8 0.00287353
-10.7 0.00315721
-10.6 0.00345583
-10.5 0.00376917
-10.4 0.00409691
-10.3 0.00443868
-10.2 0.00479403
-10.1 0.00516245
-10 0.00554335
-9.9 0.00593608
-9.8 0.00633994
-9.7 0.00675413
-9.6 0.00717784
-9.5 0.00761016
-9.4 0.00805016
-9.3 0.00849684
-9.2 0.00894916
-9.1 0.00940603
-9 0.00986634
-8.9 0.0103289
-8.8 0.0107926
-8.7 0.0112562
-8.6 0.0117184
-8.5 0.012178
-8.4 0.0126337
-8.3 0.0130843
-8.2 0.0135284
-8.1 0.0139649
-8 0.0143924
-7.9 0.0148097
-7.8 0.0152156
-7.7 0.0156087
-7.6 0.0159881
-7.5 0.0163523
-7.4 0.0167005
-7.3 0.0170314
-7.2 0.017344
-7.1 0.0176373
-7 0.0179103
-6.9 0.0181622
-6.8 0.0183921
-6.7 0.0185992
-6.6 0.0187829
-6.5 0.0189424
-6.4 0.0190773
-6.3 0.0191869
-6.2 0.0192708
-6.1 0.0193287
-6 0.0193604
-5.9 0.0193655
-5.8 0.019344
-5.7 0.0192959
-5.6 0.0192211
-5.5 0.0191198
-5.4 0.0189922
-5.3 0.0188386
-5.2 0.0186592
-5.1 0.0184547
-5 0.0182255
-4.9 0.0179721
-4.8 0.0176952
-4.7 0.0173957
-4.6 0.0170742
-4.5 0.0167317
-4.4 0.0163692
-4.3 0.0159875
-4.2 0.0155879
-4.1 0.0151714
-4 0.0147392
-3.9 0.0142925
-3.8 0.0138326
-3.7 0.0133608
-3.6 0.0128785
-3.5 0.012387
-3.4 0.0118877
-3.3 0.0113822
-3.2 0.0108718
-3.1 0.010358
-3 0.00984224
-2.9 0.00932611
-2.8 0.00881104
-2.7 0.00829852
-2.6 0.00779002
-2.5 0.007287
-2.4 0.00679092
-2.3 0.00630318
-2.2 0.00582519
-2.1 0.0053583
-2 0.00490385
-1.9 0.00446313
-1.8 0.00403737
-1.7 0.00362777
-1.6 0.00323548
-1.5 0.0028616
-1.4 0.00250714
-1.3 0.00217309
-1.2 0.00186034
-1.1 0.00156973
-1 0.00130203
-0.9 0.00105794
-0.8 0.00083808
-0.7 0.000642989
-0.6 0.000473135
-0.5 0.000328906
-0.4 0.000210608
-0.3 0.000118466
-0.2 5.26238e-05
-0.1 1.31422e-05
-2.05669e-14 5.55037e-31
0.1 1.30942e-05
0.2 5.22399e-05
0.3 0.000117172
0.4 0.000207545
0.5 0.000322935
0.6 0.000462842
0.7 0.00062669
0.8 0.00081383
0.9 0.00102354
1 0.00125504
1.1 0.00150746
1.2 0.0017799
1.3 0.00207138
1.4 0.00238086
1.5 0.00270726
1.6 0.00304944
1.7 0.00340622
1.8 0.00377639
1.9 0.00415868
2 0.00455179
2.1 0.00495441
2.2 0.0053652
2.3 0.00578277
2.4 0.00620576
2.5 0.00663277
2.6 0.0070624
2.7 0.00749324
2.8 0.0079239
2.9 0.00835299
3 0.00877912
3.1 0.00920094
3.2 0.00961709
3.3 0.0100263
3.4 0.0104272
3.5 0.0108185
3.6 0.0111991
3.7 0.0115678
3.8 0.0119235
3.9 0.0122649
4 0.0125912
4.1 0.0129014
4.2 0.0131944
4.3 0.0134696
4.4 0.0137259
4.5 0.0139628
4.6 0.0141796
4.7 0.0143756
4.8 0.0145504
4.9 0.0147035
5 0.0148344
5.1 0.014943
5.2 0.015029
5.3 0.0150921
5.4 0.0151324
5.5 0.0151499
5.6 0.0151446
5.7 0.0151166
5.8 0.0150661
5.9 0.0149936
6 0.0148992
6.1 0.0147835
6.2 0.0146469
6.3 0.01449
6.4 0.0143134
6.5 0.0141178
6.6 0.0139039
6.7 0.0136724
6.8 0.0134243
6.9 0.0131605
7 0.0128817
7.1 0.012589
7.2 0.0122834
7.3 0.0119659
7.4 0.0116376
7.5 0.0112995
7.6 0.0109527
7.7 0.0105983
7.8 0.0102374
7.9 0.00987125
8 0.00950082
8.1 0.00912728
8.2 0.00875173
8.3 0.00837525
8.4 0.00799893
8.5 0.00762382
8.6 0.00725093
8.7 0.00688129
8.8 0.00651583
8.9 0.00615551
9 0.0058012
9.1 0.00545374
9.2 0.00511394
9.3 0.00478254
9.4 0.00446024
9.5 0.00414767
9.6 0.00384543
9.7 0.00355402
9.8 0.00327392
9.9 0.00300552
10 0.00274917
10.1 0.00250514
10.2 0.00227364
10.3 0.00205481
10.4 0.00184874
10.5 0.00165545
10.6 0.00147488
10.7 0.00130694
10.8 0.00115147
10.9 0.00100823
11 0.000876952
11.1 0.000757307
11.2 0.000648912
11.3 0.000551342
11.4 0.000464127
11.5 0.000386759
11.6 0.000318695
11.7 0.000259363
11.8 0.000208166
11.9 0.000164485
12 0.00012769
12.1 9.71392e-05
12.2 7.21896e-05
12.3 5.22011e-05
12.4 3.65434e-05
12.5 2.46023e-05
12.6 1.41898e-05
12.7 8.59974e-06
12.8 4.91851e-06
12.9 2.60367e-06
13 1.23779e-06
13.1 5.02417e-07
13.2 1.58363e-07
13.3 3.1328e-08
13.4 1.97137e-09
13.5 5.08972e-54
13.6 2.03066e-09
13.7 3.32407e-08
13.8 1.73087e-07
13.9 5.65655e-07
14 1.43555e-06
14.1 3.1106e-06
14.2 6.05327e-06
14.3 1.09031e-05
14.4 1.85336e-05
14.5 3.01276e-05
14.6 5.06607e-05
14.7 7.45597e-05
14.8 0.000106238
14.9 0.000147298
15 0.000199516
15.1 0.000264842
15.2 0.000345408
15.3 0.000443526
15.4 0.000561695
15.5 0.000702599
15.6 0.000869113
15.7 0.0010643
15.8 0.00129141
15.9 0.00155389
16 0.00185537
16.1 0.00219967
16.2 0.0025908
16.3 0.00303294
16.4 0.00353047
16.5 0.00408794
16.6 0.00471005
16.7 0.0054017
16.8 0.00616794
16.9 0.00701396
17 0.00794511
17.1 0.0089669
17.2 0.0100849
17.3 0.0113049
17.4 0.0126328
17.5 0.0140745
17.6 0.0156361
17.7 0.0173237
17.8 0.0191434
17.9 0.0211017
18 0.0232048
18.1 0.025459
18.2 0.0278707
18.3 0.0304462
18.4 0.0331919
18.5 0.0361142
18.6 0.0392192
18.7 0.0425133
18.8 0.0460025
18.9 0.049693
19 0.0535906
19.1 0.0577012
19.2 0.0620304
19.3 0.0665838
19.4 0.0713667
19.5 0.0763843
19.6 0.0816415
19.7 0.087143
19.8 0.0928933
19.9 0.0988965
20 0.105157
20.1 0.111677
20.2 0.118462
20.3 0.125513
20.4 0.132834
20.5 0.140426
20.6 0.148292
20.7 0.156433
20.8 0.16485
20.9 0.173544
21 0.182515
21.1 0.191763
21.2 0.201288
21.3 0.211087
21.4 0.221161
21.5 0.231505
21.6 0.242119
21.7 0.252999
21.8 0.264141
21.9 0.275541
22 0.287195
22.1 0.299097
22.2 0.311242
22.3 0.323624
22.4 0.336236
22.5 0.349071
22.6 0.362121
22.7 0.375378
22.8 0.388832
22.9 0.402476
23 0.416298
23.1 0.430289
23.2 0.444438
23.3 0.458733
23.4 0.473164
23.5 0.487717
23.6 0.50238
23.7 0.517139
23.8 0.531983
23.9 0.546896
24 0.561864
24.1 0.576873
24.2 0.591908
24.3 0.606953
24.4 0.621992
24.5 0.637011
24.6 0.651993
24.7 0.666921
24.8 0.681779
24.9 0.69655
25 0.711217
25.1 0.725764
25.2 0.740172
25.3 0.754426
25.4 0.768506
25.5 0.782398
25.6 0.796082
25.7 0.809542
25.8 0.82276
25.9 0.835721
26 0.848406
26.1 0.860799
26.2 0.872884
26.3 0.884643
26.4 0.896062
26.5 0.907125
26.6 0.917815
26.7 0.928119
26.8 0.93802
26.9 0.947506
27 0.956562
27.1 0.965174
27.2 0.97333
27.3 0.981018
27.4 0.988225
27.5 0.99494
27.6 1.00115
27.7 1.00685
27.8 1.01203
27.9 1.01668
28 1.02079
28.1 1.02436
28.2 1.02737
28.3 1.02982
28.4 1.03171
28.5 1.03304
28.6 1.03379
28.7 1.03396
28.8 1.03357
28.9 1.03259
29 1.03104
29.1 1.0289
29.2 1.0262
29.3 1.02291
29.4 1.01906
29.5 1.01464
29.6 1.00966
29.7 1.00412
29.8 0.99803
29.9 0.991395
30 0.984224
30.1 0.976525
30.2 0.968308
30.3 0.959583
30.4 0.95036
30.5 0.940652
30.6 0.930469
30.7 0.919826
30.8 0.908736
30.9 0.897213
31 0.885272
31.1 0.872928
31.2 0.860198
31.3 0.847098
31.4 0.833644
31.5 0.819855
31.6 0.805748
31.7 0.791342
31.8 0.776655
31.9 0.761706
32 0.746514
32.1 0.7311
32.2 0.715483
32.3 0.699682
32.4 0.683719
32.5 0.667613
32.6 0.651384
32.7 0.635053
32.8 0.61864
32.9 0.602166
33 0.585651
33.1 0.569114
33.2 0.552576
33.3 0.536057
33.4 0.519576
33.5 0.503151
33.6 0.486803
33.7 0.47055
33.8 0.454409
33.9 0.438399
34 0.422537
34.1 0.406839
34.2 0.391323
34.3 0.376004
34.4 0.360896
34.5 0.346016
34.6 0.331376
34.7 0.31699
34.8 0.302871
34.9 0.28903
35 0.27548
35.1 0.26223
35.2 0.24929
35.3 0.23667
35.4 0.224377
35.5 0.212419
35.6 0.200803
35.7 0.189535
35.8 0.178619
35.9 0.16806
36 0.157861
36.1 0.148026
36.2 0.138555
36.3 0.129451
36.4 0.120712
36.5 0.11234
36.6 0.104331
36.7 0.0966848
36.8 0.0893981
36.9 0.0824674
37 0.0758885
37.1 0.0696564
37.2 0.0637656
37.3 0.0582099
37.4 0.0529826
37.5 0.0480761
37.6 0.0434827
37.7 0.0391939
37.8 0.0352007
37.9 0.0314938
38 0.0280634
38.1 0.0248993
38.2 0.0219911
38.3 0.019328
38.4 0.016899
38.5 0.0146928
38.6 0.012698
38.7 0.010903
38.8 0.00929635
38.9 0.00786625
39 0.0066011
39.1 0.00548931
39.2 0.00451939
39.3 0.00367999
39.4 0.00295997
39.5 0.00222784
39.6 0.00173371
39.7 0.00134916
39.8 0.0010499
39.9 0.000817002
40 0.000635762
40.1 0.000494721
40.2 0.000384965
40.3 0.000299555
40.4 0.000233091
40.5 0.000181372
40.6 0.000141127
40.7 0.00010981
40.8 8.54422e-05
40.9 6.64808e-05
41 5.17266e-05
41.1 4.02464e-05
41.2 3.13138e-05
41.3 2.43634e-05
41.4 1.89555e-05
41.5 1.47478e-05
41.6 1.1474e-05
41.7 8.92686e-06
41.8 6.94507e-06
41.9 5.40318e-06
42 4.20356e-06
42.1 3.27024e-06
42.2 2.54412e-06
42.3 1.9792e-06
42.4 1.53971e-06
42.5 1.19779e-06
42.6 9.31795e-07
42.7 7.2486e-07
42.8 5.63875e-07
42.9 4.38639e-07
43 3.41214e-07
43.1 2.65425e-07
43.2 2.06468e-07
43.3 1.60604e-07
43.4 1.24928e-07
43.5 9.7175e-08
43.6 7.55868e-08
43.7 5.8794e-08
43.8 4.57315e-08
43.9 3.55708e-08
44 2.76673e-08
44.1 2.15197e-08
44.2 1.67379e-08
44.3 1.30185e-08
44.4 1.01255e-08
