-17.5 -7.68366e-06
-17.4 -8.19113e-06
-17.3 -8.73211e-06
-17.2 -9.30883e-06
-17.1 -9.92364e-06
-17 -1.0579e-05
-16.9 -1.12777e-05
-16.8 -1.20226e-05
-16.7 -1.28166e-05
-16.6 -1.36631e-05
-16.5 -1.45655e-05
-16.4 -1.55275e-05
-16.3 -1.6553e-05
-16.2 -1.76462e-05
-16.1 -1.88117e-05
-16 -2.00541e-05
-15.9 -2.13786e-05
-15.8 -2.27906e-05
-15.7 -2.42958e-05
-15.6 -2.59004e-05
-15.5 -2.7611e-05
-15.4 -2.94346e-05
-15.3 -3.13786e-05
-15.2 -3.3451e-05
-15.1 -3.56603e-05
-15 -3.80155e-05
-14.9 -4.05262e-05
-14.8 -4.32028e-05
-14.7 -4.60562e-05
-14.6 -4.9098e-05
-14.5 -5.23407e-05
-14.4 -5.57975e-05
-14.3 -5.94827e-05
-14.2 -6.34113e-05
-14.1 -6.75993e-05
-14 -7.20639e-05
-13.9 -7.68234e-05
-13.8 -8.18972e-05
-13.7 -8.73062e-05
-13.6 -9.30723e-05
-13.5 -9.92193e-05
-13.4 -0.000105772
-13.3 -0.000112758
-13.2 -0.000120205
-13.1 -0.000128144
-13 -0.000136608
-12.9 -0.00014563
-12.8 -0.000155248
-12.7 -0.000165501
-12.6 -0.000176432
-12.5 -0.000190579
-12.4 -0.000202188
-12.3 -0.00021377
-12.2 -0.000225324
-12.1 -0.000236849
-12 -0.000248344
-11.9 -0.000259805
-11.8 -0.000271234
-11.7 -0.000282626
-11.6 -0.000293982
-11.5 -0.0003053
-11.4 -0.000316578
-11.3 -0.000327815
-11.2 -0.000339009
-11.1 -0.000350159
-11 -0.000361264
-10.9 -0.000372321
-10.8 -0.00038333
-10.7 -0.000394289
-10.6 -0.000405197
-10.5 -0.000416052
-10.4 -0.000426853
-10.3 -0.000437599
-10.2 -0.000448287
-10.1 -0.000458917
-10 -0.000469488
-9.9 -0.000479997
-9.8 -0.000490444
-9.7 -0.000500827
-9.6 -0.000511145
-9.5 -0.000521396
-9.4 -0.00053158
-9.3 -0.000541694
-9.2 -0.000551738
-9.1 -0.00056171
-9 -0.000571609
-8.9 -0.000581433
-8.8 -0.000591182
-8.7 -0.000600854
-8.6 -0.000610448
-8.5 -0.000619962
-8.4 -0.000629396
-8.3 -0.000638748
-8.2 -0.000648016
-8.1 -0.000657201
-8 -0.0006663
-7.9 -0.000675312
-7.8 -0.000684236
-7.7 -0.000693071
-7.6 -0.000701816
-7.5 -0.00071047
-7.4 -0.000719031
-7.3 -0.000727498
-7.2 -0.000735871
-7.1 -0.000744149
-7 -0.000752329
-6.9 -0.000760411
-6.8 -0.000768395
-6.7 -0.000776278
-6.6 -0.000784061
-6.5 -0.000791741
-6.4 -0.000799319
-6.3 -0.000806792
-6.2 -0.000814161
-6.1 -0.000821423
-6 -0.000828579
-5.9 -0.000835627
-5.8 -0.000842566
-5.7 -0.000849395
-5.6 -0.000856114
-5.5 -0.000862721
-5.4 -0.000869217
-5.3 -0.000875599
-5.2 -0.000881867
-5.1 -0.00088802
-5 -0.000894058
-4.9 -0.000899979
-4.8 -0.000905784
-4.7 -0.00091147
-4.6 -0.000917038
-4.5 -0.000922487
-4.4 -0.000927815
-4.3 -0.000933023
-4.2 -0.000938109
-4.1 -0.000943074
-4 -0.000947915
-3.9 -0.000952633
-3.8 -0.000957228
-3.7 -0.000961697
-3.6 -0.000966042
-3.5 -0.000970261
-3.4 -0.000974353
-3.3 -0.000978319
-3.2 -0.000982157
-3.1 -0.000985868
-3 -0.00098945
-2.9 -0.000992904
-2.8 -0.000996228
-2.7 -0.000999423
-2.6 -0.00100249
-2.5 -0.00100542
-2.4 -0.00100823
-2.3 -0.0010109
-2.2 -0.00101344
-2.1 -0.00101585
-2 -0.00101812
-1.9 -0.00102027
-1.8 -0.00102228
-1.7 -0.00102416
-1.6 -0.0010259
-1.5 -0.00102751
-1.4 -0.00102899
-1.3 -0.00103034
-1.2 -0.00103155
-1.1 -0.00103262
-1 -0.00103356
-0.9 -0.00103437
-0.8 -0.00103504
-0.7 -0.00103558
-0.6 -0.00103598
-0.5 -0.00103625
-0.4 -0.00103638
-0.3 -0.00103638
-0.2 -0.00103624
-0.1 -0.00103597
-2.05669e-14 -0.00103557
0.1 -0.00103502
0.2 -0.00103435
0.3 -0.00103354
0.4 -0.00103259
0.5 -0.00103151
0.6 -0.0010303
0.7 -0.00102895
0.8 -0.00102747
0.9 -0.00102586
1 -0.00102411
1.1 -0.00102223
1.2 -0.00102021
1.3 -0.00101806
1.4 -0.00101578
1.5 -0.00101337
1.6 -0.00101083
1.7 -0.00100815
1.8 -0.00100534
1.9 -0.0010024
2 -0.000999336
2.1 -0.000996138
2.2 -0.00099281
2.3 -0.000989353
2.4 -0.000985767
2.5 -0.000982053
2.6 -0.000978211
2.7 -0.000974242
2.8 -0.000970146
2.9 -0.000965923
3 -0.000961575
3.1 -0.000957102
3.2 -0.000952504
3.3 -0.000947783
3.4 -0.000942938
3.5 -0.00093797
3.6 -0.000932881
3.7 -0.000927669
3.8 -0.000922338
3.9 -0.000916886
4 -0.000911315
4.1 -0.000905625
4.2 -0.000899817
4.3 -0.000893892
4.4 -0.000887851
4.5 -0.000881695
4.6 -0.000875424
4.7 -0.000869038
4.8 -0.00086254
4.9 -0.00085593
5 -0.000849208
5.1 -0.000842375
5.2 -0.000835433
5.3 -0.000828382
5.4 -0.000821224
5.5 -0.000813958
5.6 -0.000806587
5.7 -0.000799111
5.8 -0.00079153
5.9 -0.000783847
6 -0.000776062
6.1 -0.000768175
6.2 -0.000760189
6.3 -0.000752104
6.4 -0.000743921
6.5 -0.000735641
6.6 -0.000727265
6.7 -0.000718795
6.8 -0.000710231
6.9 -0.000701575
7 -0.000692828
7.1 -0.00068399
7.2 -0.000675063
7.3 -0.000666049
7.4 -0.000656948
7.5 -0.000647761
7.6 -0.00063849
7.7 -0.000629136
7.8 -0.0006197
7.9 -0.000610184
8 -0.000600588
8.1 -0.000590914
8.2 -0.000581163
8.3 -0.000571336
8.4 -0.000561435
8.5 -0.000551461
8.6 -0.000541415
8.7 -0.000531299
8.8 -0.000521113
8.9 -0.00051086
9 -0.000500541
9.1 -0.000490156
9.2 -0.000479707
9.3 -0.000469196
9.4 -0.000458624
9.5 -0.000447992
9.6 -0.000437302
9.7 -0.000426555
9.8 -0.000415753
9.9 -0.000404896
10 -0.000393987
10.1 -0.000383026
10.2 -0.000372016
10.3 -0.000360957
10.4 -0.000349851
10.5 -0.0003387
10.6 -0.000327505
10.7 -0.000316267
10.8 -0.000304987
10.9 -0.000293669
11 -0.000282312
11.1 -0.000270918
11.2 -0.000259489
11.3 -0.000248026
11.4 -0.000236531
11.5 -0.000225005
11.6 -0.00021345
11.7 -0.000201867
11.8 -0.000190258
11.9 -0.000178624
12 -0.000166967
12.1 -0.000155288
12.2 -0.000143589
12.3 -0.000131871
12.4 -0.000120136
12.5 -0.000108385
12.6 -9.40783e-05
12.7 -8.268e-05
12.8 -7.162e-05
12.9 -6.08531e-05
13 -5.03352e-05
13.1 -4.00232e-05
13.2 -2.9875e-05
13.3 -1.9849e-05
13.4 -9.90423e-06
13.5 -7.03376e-17
13.6 9.90423e-06
13.7 1.9849e-05
13.8 2.9875e-05
13.9 4.00232e-05
14 5.03352e-05
14.1 6.08531e-05
14.2 7.162e-05
14.3 8.268e-05
14.4 9.40783e-05
14.5 0.000105862
14.6 0.000120136
14.7 0.000131871
14.8 0.000143589
14.9 0.000155288
15 0.000166967
15.1 0.000178624
15.2 0.000190258
15.3 0.000201867
15.4 0.00021345
15.5 0.000225005
15.6 0.000236531
15.7 0.000248026
15.8 0.000259489
15.9 0.000270918
16 0.000282312
16.1 0.000293669
16.2 0.000304987
16.3 0.000316267
16.4 0.000327505
16.5 0.0003387
16.6 0.000349851
16.7 0.000360957
16.8 0.000372016
16.9 0.000383026
17 0.000393987
17.1 0.000404896
17.2 0.000415753
17.3 0.000426555
17.4 0.000437302
17.5 0.000447992
17.6 0.000458624
17.7 0.000469196
17.8 0.000479707
17.9 0.000490156
18 0.000500541
18.1 0.00051086
18.2 0.000521113
18.3 0.000531299
18.4 0.000541415
18.5 0.000551461
18.6 0.000561435
18.7 0.000571336
18.8 0.000581163
18.9 0.000590914
19 0.000600588
19.1 0.000610184
19.2 0.0006197
19.3 0.000629136
19.4 0.00063849
19.5 0.000647761
19.6 0.000656948
19.7 0.000666049
19.8 0.000675063
19.9 0.00068399
20 0.000692828
20.1 0.000701575
20.2 0.000710231
20.3 0.000718795
20.4 0.000727265
20.5 0.000735641
20.6 0.000743921
20.7 0.000752104
20.8 0.000760189
20.9 0.000768175
21 0.000776062
21.1 0.000783847
21.2 0.00079153
21.3 0.000799111
21.4 0.000806587
21.5 0.000813958
21.6 0.000821224
21.7 0.000828382
21.8 0.000835433
21.9 0.000842375
22 0.000849208
22.1 0.00085593
22.2 0.00086254
22.3 0.000869038
22.4 0.000875424
22.5 0.000881695
22.6 0.000887851
22.7 0.000893892
22.8 0.000899817
22.9 0.000905625
23 0.000911315
23.1 0.000916886
23.2 0.000922338
23.3 0.000927669
23.4 0.000932881
23.5 0.00093797
23.6 0.000942938
23.7 0.000947783
23.8 0.000952504
23.9 0.000957102
24 0.000961575
24.1 0.000965923
24.2 0.000970146
24.3 0.000974242
24.4 0.000978211
24.5 0.000982053
24.6 0.000985767
24.7 0.000989353
24.8 0.00099281
24.9 0.000996138
25 0.000999336
25.1 0.0010024
25.2 0.00100534
25.3 0.00100815
25.4 0.00101083
25.5 0.00101337
25.6 0.00101578
25.7 0.00101806
25.8 0.00102021
25.9 0.00102223
26 0.00102411
26.1 0.00102586
26.2 0.00102747
26.3 0.00102895
26.4 0.0010303
26.5 0.00103151
26.6 0.00103259
26.7 0.00103354
26.8 0.00103435
26.9 0.00103502
27 0.00103557
27.1 0.00103597
27.2 0.00103624
27.3 0.00103638
27.4 0.00103638
27.5 0.00103625
27.6 0.00103598
27.7 0.00103558
27.8 0.00103504
27.9 0.00103437
28 0.00103356
28.1 0.00103262
28.2 0.00103155
28.3 0.00103034
28.4 0.00102899
28.5 0.00102751
28.6 0.0010259
28.7 0.00102416
28.8 0.00102228
28.9 0.00102027
29 0.00101812
29.1 0.00101585
29.2 0.00101344
29.3 0.0010109
29.4 0.00100823
29.5 0.00100542
29.6 0.00100249
29.7 0.000999423
29.8 0.000996228
29.9 0.000992904
30 0.00098945
30.1 0.000985868
30.2 0.000982157
30.3 0.000978319
30.4 0.000974353
30.5 0.000970261
30.6 0.000966042
30.7 0.000961697
30.8 0.000957228
30.9 0.000952633
31 0.000947915
31.1 0.000943074
31.2 0.000938109
31.3 0.000933023
31.4 0.000927815
31.5 0.000922487
31.6 0.000917038
31.7 0.00091147
31.8 0.000905784
31.9 0.000899979
32 0.000894058
32.1 0.00088802
32.2 0.000881867
32.3 0.000875599
32.4 0.000869217
32.5 0.000862721
32.6 0.000856114
32.7 0.000849395
32.8 0.000842566
32.9 0.000835627
33 0.000828579
33.1 0.000821423
33.2 0.000814161
33.3 0.000806792
33.4 0.000799319
33.5 0.000791741
33.6 0.000784061
33.7 0.000776278
33.8 0.000768395
33.9 0.000760411
34 0.000752329
34.1 0.000744149
34.2 0.000735871
34.3 0.000727498
34.4 0.000719031
34.5 0.00071047
34.6 0.000701816
34.7 0.000693071
34.8 0.000684236
34.9 0.000675312
35 0.0006663
35.1 0.000657201
35.2 0.000648016
35.3 0.000638748
35.4 0.000629396
35.5 0.000619962
35.6 0.000610448
35.7 0.000600854
35.8 0.000591182
35.9 0.000581433
36 0.000571609
36.1 0.00056171
36.2 0.000551738
36.3 0.000541694
36.4 0.00053158
36.5 0.000521396
36.6 0.000511145
36.7 0.000500827
36.8 0.000490444
36.9 0.000479997
37 0.000469488
37.1 0.000458917
37.2 0.000448287
37.3 0.000437599
37.4 0.000426853
37.5 0.000416052
37.6 0.000405197
37.7 0.000394289
37.8 0.00038333
37.9 0.000372321
38 0.000361264
38.1 0.000350159
38.2 0.000339009
38.3 0.000327815
38.4 0.000316578
38.5 0.0003053
38.6 0.000293982
38.7 0.000282626
38.8 0.000271234
38.9 0.000259805
39 0.000248344
39.1 0.000236849
39.2 0.000225324
39.3 0.00021377
39.4 0.000202188
39.5 0.000188085
39.6 0.000176432
39.7 0.000165501
39.8 0.000155248
39.9 0.00014563
40 0.000136608
40.1 0.000128144
40.2 0.000120205
40.3 0.000112758
40.4 0.000105772
40.5 9.92193e-05
40.6 9.30723e-05
40.7 8.73062e-05
40.8 8.18972e-05
40.9 7.68234e-05
41 7.20639e-05
41.1 6.75993e-05
41.2 6.34113e-05
41.3 5.94827e-05
41.4 5.57975e-05
41.5 5.23407e-05
41.6 4.9098e-05
41.7 4.60562e-05
41.8 4.32028e-05
41.9 4.05262e-05
42 3.80155e-05
42.1 3.56603e-05
42.2 3.3451e-05
42.3 3.13786e-05
42.4 2.94346e-05
42.5 2.7611e-05
42.6 2.59004e-05
42.7 2.42958e-05
42.8 2.27906e-05
42.9 2.13786e-05
43 2.00541e-05
43.1 1.88117e-05
43.2 1.76462e-05
43.3 1.6553e-05
43.4 1.55275e-05
43.5 1.45655e-05
43.6 1.36631e-05
43.7 1.28166e-05
43.8 1.20226e-05
43.9 1.12777e-05
44 1.0579e-05
44.1 9.92364e-06
44.2 9.30883e-06
44.3 8.73211e-06
44.4 8.19113e-06
