-17.5 -3.48989e-05
-17.4 -3.94343e-05
-17.3 -4.45577e-05
-17.2 -5.0345e-05
-17.1 -5.68821e-05
-17 -6.42658e-05
-16.9 -7.26054e-05
-16.8 -8.20244e-05
-16.7 -9.2662e-05
-16.6 -0.000104675
-16.5 -0.000118242
-16.4 -0.000133562
-16.3 -0.000150861
-16.2 -0.000170395
-16.1 -0.000192451
-16 -0.000217353
-15.9 -0.000245467
-15.8 -0.000277207
-15.7 -0.000313039
-15.6 -0.000353488
-15.5 -0.000399148
-15.4 -0.000450686
-15.3 -0.000508858
-15.2 -0.000574513
-15.1 -0.000648612
-15 -0.000732235
-14.9 -0.000826603
-14.8 -0.00093309
-14.7 -0.00105325
-14.6 -0.00118882
-14.5 -0.00134179
-14.4 -0.00151436
-14.3 -0.00170905
-14.2 -0.00192867
-14.1 -0.00217641
-14 -0.00245585
-13.9 -0.00277102
-13.8 -0.00312648
-13.7 -0.00352735
-13.6 -0.0039794
-13.5 -0.00448915
-13.4 -0.00506392
-13.3 -0.00571196
-13.2 -0.00644256
-13.1 -0.0072662
-13 -0.00819466
-12.9 -0.0092412
-12.8 -0.0104208
-12.7 -0.0117502
-12.6 -0.0132484
-12.5 -0.0153355
-12.4 -0.0171226
-12.3 -0.0189861
-12.2 -0.0209225
-12.1 -0.0229281
-12 -0.0249991
-11.9 -0.027132
-11.8 -0.0293229
-11.7 -0.0315681
-11.6 -0.033864
-11.5 -0.0362067
-11.4 -0.0385926
-11.3 -0.0410179
-11.2 -0.0434789
-11.1 -0.0459718
-11 -0.048493
-10.9 -0.0510387
-10.8 -0.0536053
-10.7 -0.056189
-10.6 -0.0587863
-10.5 -0.0613936
-10.4 -0.0640071
-10.3 -0.0666234
-10.2 -0.0692389
-10.1 -0.0718502
-10 -0.0744537
-9.9 -0.077046
-9.8 -0.0796237
-9.7 -0.0821835
-9.6 -0.0847221
-9.5 -0.0872363
-9.4 -0.0897227
-9.3 -0.0921783
-9.2 -0.0946
-9.1 -0.0969847
-9 -0.0993295
-8.9 -0.101631
-8.8 -0.103887
-8.7 -0.106095
-8.6 -0.108251
-8.5 -0.110354
-8.4 -0.1124
-8.3 -0.114386
-8.2 -0.116312
-8.1 -0.118173
-8 -0.119968
-7.9 -0.121695
-7.8 -0.123351
-7.7 -0.124935
-7.6 -0.126444
-7.5 -0.127876
-7.4 -0.12923
-7.3 -0.130504
-7.2 -0.131696
-7.1 -0.132805
-7 -0.133829
-6.9 -0.134767
-6.8 -0.135617
-6.7 -0.136379
-6.6 -0.137051
-6.5 -0.137632
-6.4 -0.13812
-6.3 -0.138517
-6.2 -0.138819
-6.1 -0.139028
-6 -0.139142
-5.9 -0.13916
-5.8 -0.139083
-5.7 -0.13891
-5.6 -0.13864
-5.5 -0.138274
-5.4 -0.137812
-5.3 -0.137254
-5.2 -0.136599
-5.1 -0.135848
-5 -0.135002
-4.9 -0.13406
-4.8 -0.133023
-4.7 -0.131893
-4.6 -0.130668
-4.5 -0.129351
-4.4 -0.127942
-4.3 -0.126442
-4.2 -0.124852
-4.1 -0.123172
-4 -0.121405
-3.9 -0.119551
-3.8 -0.117612
-3.7 -0.115589
-3.6 -0.113483
-3.5 -0.111297
-3.4 -0.109031
-3.3 -0.106687
-3.2 -0.104268
-3.1 -0.101774
-3 -0.0992081
-2.9 -0.0965718
-2.8 -0.0938671
-2.7 -0.0910962
-2.6 -0.0882611
-2.5 -0.0853639
-2.4 -0.082407
-2.3 -0.0793926
-2.2 -0.0763229
-2.1 -0.0732004
-2 -0.0700275
-1.9 -0.0668066
-1.8 -0.0635403
-1.7 -0.060231
-1.6 -0.0568813
-1.5 -0.0534939
-1.4 -0.0500714
-1.3 -0.0466164
-1.2 -0.0431316
-1.1 -0.0396198
-1 -0.0360837
-0.9 -0.032526
-0.8 -0.0289496
-0.7 -0.0253572
-0.6 -0.0217517
-0.5 -0.0181358
-0.4 -0.0145123
-0.3 -0.0108842
-0.2 -0.00725423
-0.1 -0.00362521
-2.05669e-14 -7.45008e-16
0.1 0.00361858
0.2 0.00722772
0.3 0.0108246
0.4 0.0144064
0.5 0.0179704
0.6 0.0215138
0.7 0.0250338
0.8 0.0285277
0.9 0.0319928
1 0.0354265
1.1 0.0388261
1.2 0.0421889
1.3 0.0455124
1.4 0.0487941
1.5 0.0520313
1.6 0.0552217
1.7 0.0583629
1.8 0.0614523
1.9 0.0644878
2 0.067467
2.1 0.0703876
2.2 0.0732475
2.3 0.0760446
2.4 0.0787767
2.5 0.0814418
2.6 0.0840381
2.7 0.0865635
2.8 0.0890163
2.9 0.0913947
3 0.093697
3.1 0.0959215
3.2 0.0980668
3.3 0.100131
3.4 0.102113
3.5 0.104012
3.6 0.105826
3.7 0.107554
3.8 0.109195
3.9 0.110747
4 0.112211
4.1 0.113584
4.2 0.114867
4.3 0.116058
4.4 0.117158
4.5 0.118164
4.6 0.119078
4.7 0.119898
4.8 0.120625
4.9 0.121258
5 0.121797
5.1 0.122242
5.2 0.122593
5.3 0.12285
5.4 0.123014
5.5 0.123085
5.6 0.123063
5.7 0.122949
5.8 0.122744
5.9 0.122448
6 0.122062
6.1 0.121587
6.2 0.121024
6.3 0.120374
6.4 0.119639
6.5 0.118818
6.6 0.117915
6.7 0.116929
6.8 0.115863
6.9 0.114719
7 0.113498
7.1 0.112201
7.2 0.110831
7.3 0.109389
7.4 0.107878
7.5 0.106299
7.6 0.104655
7.7 0.102948
7.8 0.10118
7.9 0.0993542
8 0.0974722
8.1 0.0955368
8.2 0.0935507
8.3 0.0915164
8.4 0.0894367
8.5 0.0873145
8.6 0.0851524
8.7 0.0829535
8.8 0.0807207
8.9 0.0784571
9 0.0761656
9.1 0.0738495
9.2 0.0715118
9.3 0.0691559
9.4 0.066785
9.5 0.0644024
9.6 0.0620115
9.7 0.0596156
9.8 0.0572182
9.9 0.0548227
10 0.0524326
10.1 0.0500514
10.2 0.0476827
10.3 0.04533
10.4 0.042997
10.5 0.0406872
10.6 0.0384042
10.7 0.0361517
10.8 0.0339333
10.9 0.0317526
11 0.0296134
11.1 0.0275192
11.2 0.0254738
11.3 0.0234807
11.4 0.0215436
11.5 0.0196662
11.6 0.017852
11.7 0.0161048
11.8 0.0144279
11.9 0.0128252
12 0.0113
12.1 0.00985592
12.2 0.00849645
12.3 0.00722503
12.4 0.00604511
12.5 0.00496007
12.6 0.00376693
12.7 0.00293253
12.8 0.00221777
12.9 0.00161359
13 0.00111256
13.1 0.000708814
13.2 0.000397948
13.3 0.000176997
13.4 4.44001e-05
13.5 2.25604e-27
13.6 4.50628e-05
13.7 0.00018232
13.8 0.000416037
13.9 0.0007521
14 0.00119814
14.1 0.00176369
14.2 0.00246034
14.3 0.00330198
14.4 0.00430506
14.5 0.00548886
14.6 0.00711763
14.7 0.0086348
14.8 0.0103072
14.9 0.0121366
15 0.014125
15.1 0.016274
15.2 0.0185852
15.3 0.0210601
15.4 0.0237001
15.5 0.0265066
15.6 0.0294807
15.7 0.0326236
15.8 0.0359362
15.9 0.0394194
16 0.043074
16.1 0.0469006
16.2 0.0508999
16.3 0.0550722
16.4 0.0594178
16.5 0.063937
16.6 0.0686298
16.7 0.0734963
16.8 0.0785362
16.9 0.0837494
17 0.0891354
17.1 0.0946937
17.2 0.100424
17.3 0.106325
17.4 0.112396
17.5 0.118636
17.6 0.125044
17.7 0.131619
17.8 0.13836
17.9 0.145264
18 0.152331
18.1 0.159559
18.2 0.166945
18.3 0.174488
18.4 0.182187
18.5 0.190037
18.6 0.198038
18.7 0.206188
18.8 0.214482
18.9 0.222919
19 0.231496
19.1 0.240211
19.2 0.249059
19.3 0.258038
19.4 0.267146
19.5 0.276377
19.6 0.28573
19.7 0.2952
19.8 0.304784
19.9 0.314478
20 0.324279
20.1 0.334181
20.2 0.344183
20.3 0.354278
20.4 0.364463
20.5 0.374734
20.6 0.385087
20.7 0.395516
20.8 0.406017
20.9 0.416586
21 0.427218
21.1 0.437908
21.2 0.448651
21.3 0.459443
21.4 0.470277
21.5 0.48115
21.6 0.492056
21.7 0.50299
21.8 0.513946
21.9 0.52492
22 0.535906
22.1 0.546898
22.2 0.557891
22.3 0.56888
22.4 0.579859
22.5 0.590822
22.6 0.601765
22.7 0.612681
22.8 0.623564
22.9 0.63441
23 0.645212
23.1 0.655964
23.2 0.666662
23.3 0.677299
23.4 0.687869
23.5 0.698367
23.6 0.708787
23.7 0.719124
23.8 0.729371
23.9 0.739524
24 0.749576
24.1 0.759521
24.2 0.769355
24.3 0.779072
24.4 0.788665
24.5 0.79813
24.6 0.807461
24.7 0.816652
24.8 0.825699
24.9 0.834596
25 0.843337
25.1 0.851918
25.2 0.860333
25.3 0.868577
25.4 0.876645
25.5 0.884532
25.6 0.892234
25.7 0.899745
25.8 0.907061
25.9 0.914178
26 0.921089
26.1 0.927793
26.2 0.934282
26.3 0.940555
26.4 0.946606
26.5 0.952431
26.6 0.958027
26.7 0.963389
26.8 0.968515
26.9 0.973399
27 0.97804
27.1 0.982433
27.2 0.986575
27.3 0.990463
27.4 0.994095
27.5 0.997467
27.6 1.00058
27.7 1.00342
27.8 1.006
27.9 1.00831
28 1.01034
28.1 1.01211
28.2 1.01359
28.3 1.0148
28.4 1.01573
28.5 1.01638
28.6 1.01675
28.7 1.01684
28.8 1.01664
28.9 1.01616
29 1.0154
29.1 1.01435
29.2 1.01301
29.3 1.01139
29.4 1.00949
29.5 1.00729
29.6 1.00482
29.7 1.00206
29.8 0.999014
29.9 0.995688
30 0.992081
30.1 0.988193
30.2 0.984027
30.3 0.979583
30.4 0.974864
30.5 0.969872
30.6 0.964608
30.7 0.959076
30.8 0.953277
30.9 0.947213
31 0.940889
31.1 0.934306
31.2 0.927469
31.3 0.920379
31.4 0.913041
31.5 0.905459
31.6 0.897635
31.7 0.889574
31.8 0.88128
31.9 0.872758
32 0.864011
32.1 0.855044
32.2 0.845862
32.3 0.83647
32.4 0.826873
32.5 0.817076
32.6 0.807084
32.7 0.796902
32.8 0.786537
32.9 0.775994
33 0.765278
33.1 0.754397
33.2 0.743355
33.3 0.732159
33.4 0.720816
33.5 0.709332
33.6 0.697713
33.7 0.685966
33.8 0.674099
33.9 0.662117
34 0.650028
34.1 0.63784
34.2 0.625558
34.3 0.613191
34.4 0.600746
34.5 0.588231
34.6 0.575652
34.7 0.563019
34.8 0.550337
34.9 0.537615
35 0.524862
35.1 0.512084
35.2 0.49929
35.3 0.486487
35.4 0.473684
35.5 0.460889
35.6 0.448111
35.7 0.435356
35.8 0.422633
35.9 0.409951
36 0.397318
36.1 0.384742
36.2 0.37223
36.3 0.359793
36.4 0.347437
36.5 0.335171
36.6 0.323003
36.7 0.310942
36.8 0.298995
36.9 0.287171
37 0.275479
37.1 0.263925
37.2 0.252519
37.3 0.241267
37.4 0.230179
37.5 0.219263
37.6 0.208525
37.7 0.197974
37.8 0.187618
37.9 0.177465
38 0.167521
38.1 0.157795
38.2 0.148294
38.3 0.139025
38.4 0.129996
38.5 0.121214
38.6 0.112685
38.7 0.104418
38.8 0.0964176
38.9 0.0886919
39 0.0812471
39.1 0.0740899
39.2 0.0672264
39.3 0.060663
39.4 0.0544056
39.5 0.0471999
39.6 0.0416378
39.7 0.0367309
39.8 0.0324021
39.9 0.0285833
40 0.0252143
40.1 0.0222423
40.2 0.0196205
40.3 0.0173077
40.4 0.0152673
40.5 0.0134674
40.6 0.0118797
40.7 0.010479
40.8 0.0092435
40.9 0.00815357
41 0.00719212
41.1 0.00634401
41.2 0.00559587
41.3 0.00493593
41.4 0.00435379
41.5 0.00384029
41.6 0.00338733
41.7 0.00298779
41.8 0.00263535
41.9 0.00232447
42 0.00205026
42.1 0.00180838
42.2 0.00159503
42.3 0.00140684
42.4 0.00124085
42.5 0.00109444
42.6 0.000965295
42.7 0.000851387
42.8 0.000750916
42.9 0.000662298
43 0.000584135
43.1 0.000515194
43.2 0.000454387
43.3 0.000400755
43.4 0.000353451
43.5 0.000311729
43.6 0.000274931
43.7 0.000242475
43.8 0.000213849
43.9 0.000188602
44 0.000166335
44.1 0.000146696
44.2 0.000129375
44.3 0.000114099
44.4 0.000100626
