0 26 26 24 24
1 26.8759 26.8759 26.5156 28.1792
2 27.84 27.84 29.0718 32.3989
3 28.8924 28.8924 31.6684 36.6592
4 30.033 30.033 34.3056 40.9599
5 31.2619 31.2619 36.9834 45.3013
6 32.579 32.579 39.7016 49.6831
7 33.9843 33.9843 42.4604 54.1054
8 35.4778 35.4778 45.2597 58.5683
9 37.0596 37.0596 48.0995 63.0717
10 38.7296 38.7296 50.9799 67.6156
11 40.4879 40.4879 53.9008 72.2001
12 42.3344 42.3344 56.8622 76.8251
13 44.2691 44.2691 59.8641 81.4906
14 46.2921 46.2921 62.9066 86.1966
15 48.4033 48.4033 65.9895 90.9432
16 50.6027 50.6027 69.113 95.7303
17 52.8904 52.8904 72.2771 100.558
18 55.2663 55.2663 75.4816 105.426
19 57.7305 57.7305 78.7267 110.335
20 60.2828 60.2828 82.0123 115.284
