1.94843e-314 4 0
1 2.38413 0
2 0.863687 0
3 -0.561338 0
4 -1.89094 0
5 -3.12513 0
6 -4.26389 0
7 -5.30724 0
8 -6.25516 0
9 -7.10766 0
10 -7.86474 0
11 -8.52641 0
12 -9.09265 0
13 -9.56347 0
14 -9.93887 0
15 -10.2189 0
16 -10.4034 0
17 -10.4926 0
18 -10.4863 0
19 -10.3846 0
20 -10.1875 0
21 -9.89491 0
22 -9.50695 0
23 -9.02357 0
24 -8.44477 0
25 -7.77055 0
26 -7.0009 0
27 -6.13584 0
28 -5.17536 0
29 -4.11946 0
30 -2.96813 0
31 -1.72139 0
32 -0.379223 0
33 1.05836 0
34 2.59137 0
35 4.21979 0
36 5.94364 0
37 7.7629 0
38 9.67759 0
39 11.6877 0
40 13.7932 0
41 15.9942 0
42 18.2905 0
43 20.6823 0
44 23.1695 0
45 25.7522 0
46 28.4302 0
47 31.2037 0
48 34.0726 0
49 37.0369 0
50 40.0966 0
51 43.2518 0
52 46.5023 0
53 49.8483 0
54 53.2897 0
55 56.8266 0
56 60.4588 0
57 64.1865 0
58 68.0096 0
59 71.9281 0
60 75.942 0
61 80.0514 0
62 84.2562 0
63 88.5564 0
64 92.952 0
65 97.443 0
66 102.029 0
67 106.711 0
68 111.489 0
69 116.361 0
70 121.329 0
71 126.393 0
72 131.552 0
73 136.806 0
74 142.156 0
75 147.601 0
76 153.142 0
77 158.778 0
78 164.51 0
79 170.337 0
80 176.259 0
81 182.277 0
82 188.39 0
83 194.599 0
84 200.903 0
85 207.302 0
86 213.797 0
87 220.387 0
88 227.073 0
89 233.854 0
90 240.73 0
91 247.702 0
92 254.77 0
93 261.933 0
94 269.191 0
95 276.545 0
96 283.994 0
97 291.538 0
98 299.178 0
99 306.913 0
