-31.5 -1.29143e-07
-31.12 -1.55803e-07
-30.74 -1.87966e-07
-30.36 -2.26769e-07
-29.98 -2.73583e-07
-29.6 -3.3006e-07
-29.22 -3.98197e-07
-28.84 -4.804e-07
-28.46 -5.79572e-07
-28.08 -6.99217e-07
-27.7 -8.43561e-07
-27.32 -1.0177e-06
-26.94 -1.22779e-06
-26.56 -1.48126e-06
-26.18 -1.78704e-06
-25.8 -2.15595e-06
-25.42 -2.60102e-06
-25.04 -3.13797e-06
-24.66 -3.78576e-06
-24.28 -4.56728e-06
-23.9 -5.51014e-06
-23.52 -6.64763e-06
-23.14 -8.01995e-06
-22.76 -9.67556e-06
-22.38 -1.1673e-05
-22 -1.40827e-05
-21.62 -1.69899e-05
-21.24 -2.04972e-05
-20.86 -2.47286e-05
-20.48 -2.98335e-05
-20.1 -3.59922e-05
-19.72 -4.34223e-05
-19.34 -5.23863e-05
-18.96 -6.32007e-05
-18.58 -7.62477e-05
-18.2 -9.1988e-05
-17.82 -0.000110978
-17.44 -0.000133888
-17.06 -0.000161527
-16.68 -0.000194872
-16.3 -0.000235101
-15.92 -0.000283634
-15.54 -0.000342187
-15.16 -0.000412827
-14.78 -0.00049805
-14.4 -0.000600865
-14.02 -0.000724906
-13.64 -0.000874553
-13.26 -0.00105509
-12.88 -0.0012729
-12.5 -0.00153568
-12.12 -0.00180305
-11.74 -0.00202362
-11.36 -0.00219224
-10.98 -0.00230459
-10.6 -0.00235778
-10.22 -0.00235046
-9.84 -0.0022828
-9.46 -0.00215655
-9.08 -0.00197494
-8.7 -0.00174264
-8.32 -0.00146561
-7.94 -0.00115096
-7.56 -0.000806762
-7.18 -0.000441859
-6.8 -6.56147e-05
-6.42 0.000312314
-6.04 0.000682226
-5.66 0.00103463
-5.28 0.00136047
-4.9 0.00165139
-4.52 0.00189993
-4.14 0.00209969
-3.76 0.00224556
-3.38 0.00233379
-3 0.00236212
-2.62 0.00232981
-2.24 0.00223771
-1.86 0.00208816
-1.48 0.00188501
-1.1 0.00163348
-0.72 0.00134002
-0.34 0.00101217
0.04 0.000658332
0.42 0.000287598
0.8 -9.05192e-05
1.18 -0.000466313
1.56 -0.000830136
1.94 -0.00117265
2.32 -0.00148507
2.7 -0.00175936
3.08 -0.0019885
3.46 -0.0021666
3.84 -0.00228908
4.22 -0.0023528
4.6 -0.00235614
4.98 -0.00229899
5.36 -0.00218283
5.74 -0.00201065
6.12 -0.00178685
6.5 -0.00151719
6.88 -0.00120859
7.26 -0.000868958
7.64 -0.000507026
8.02 -0.000132079
8.4 0.000246258
8.78 0.000618274
9.16 0.00097442
9.54 0.00130555
9.92 0.00160318
10.3 0.00185965
10.68 0.00206839
11.06 0.00222403
11.44 0.00232259
11.82 0.00236153
12.2 0.00233986
12.58 0.00226088
12.96 0.00221765
13.34 0.00225276
13.72 0.00236745
14.1 0.00256576
14.48 0.0028547
14.86 0.00316281
15.24 0.00338931
15.62 0.00352882
16 0.00357774
16.38 0.00353484
16.76 0.00340119
17.14 0.00318025
17.52 0.00287767
17.9 0.00250123
18.28 0.00206059
18.66 0.00156705
19.04 0.00103329
19.42 0.000473008
19.8 -9.94156e-05
20.18 -0.000669287
20.56 -0.00122198
20.94 -0.00174331
21.32 -0.00221988
21.7 -0.00263948
22.08 -0.00299133
22.46 -0.00326639
22.84 -0.00345761
23.22 -0.00356008
23.6 -0.00357117
23.98 -0.0034906
24.36 -0.00332042
24.74 -0.00306502
25.12 -0.00273094
25.5 -0.00232676
25.88 -0.00192796
26.26 -0.00159806
26.64 -0.00132462
27.02 -0.00109796
27.4 -0.000910082
27.78 -0.000754355
28.16 -0.000625275
28.54 -0.000518283
28.92 -0.000429598
29.3 -0.000356088
29.68 -0.000295157
30.06 -0.000244652
30.44 -0.000202789
30.82 -0.000168089
31.2 -0.000139327
31.58 -0.000115486
31.96 -9.5725e-05
32.34 -7.93452e-05
32.72 -6.57682e-05
33.1 -5.45145e-05
33.48 -4.51863e-05
33.86 -3.74544e-05
34.24 -3.10454e-05
34.62 -2.57332e-05
35 -2.13299e-05
35.38 -1.76801e-05
35.76 -1.46548e-05
36.14 -1.21472e-05
36.52 -1.00686e-05
36.9 -8.34576e-06
37.28 -6.91769e-06
37.66 -5.73399e-06
38.04 -4.75283e-06
38.42 -3.93956e-06
38.8 -3.26545e-06
39.18 -2.70669e-06
39.56 -2.24354e-06
39.94 -1.85964e-06
40.32 -1.54143e-06
40.7 -1.27767e-06
41.08 -1.05905e-06
41.46 -8.7783e-07
41.84 -7.27622e-07
42.22 -6.03117e-07
42.6 -4.99916e-07
42.98 -4.14374e-07
43.36 -3.43469e-07
43.74 -2.84697e-07
44.12 -2.35982e-07
