-31.5 -2.94892e-09
-31.12 -4.24035e-09
-30.74 -6.09643e-09
-30.36 -8.7636e-09
-29.98 -1.25957e-08
-29.6 -1.81005e-08
-29.22 -2.60069e-08
-28.84 -3.73605e-08
-28.46 -5.36613e-08
-28.08 -7.70607e-08
-27.7 -1.10643e-07
-27.32 -1.58831e-07
-26.94 -2.27961e-07
-26.56 -3.27115e-07
-26.18 -4.69301e-07
-25.8 -6.73148e-07
-25.42 -9.6533e-07
-25.04 -1.38402e-06
-24.66 -1.98386e-06
-24.28 -2.843e-06
-23.9 -4.07319e-06
-23.52 -5.83423e-06
-23.14 -8.35446e-06
-22.76 -1.19602e-05
-22.38 -1.71172e-05
-22 -2.44909e-05
-21.62 -3.50306e-05
-21.24 -5.00905e-05
-20.86 -7.16019e-05
-20.48 -0.000102317
-20.1 -0.000146159
-19.72 -0.000208711
-19.34 -0.000297923
-18.96 -0.000425103
-18.58 -0.000606333
-18.2 -0.000864462
-17.82 -0.00123195
-17.44 -0.00175485
-17.06 -0.00249851
-16.68 -0.00355556
-16.3 -0.00505718
-15.92 -0.00718907
-15.54 -0.0102139
-15.16 -0.0145026
-14.78 -0.0205794
-14.4 -0.0291829
-14.02 -0.0413546
-13.64 -0.0585598
-13.26 -0.0828586
-12.88 -0.117144
-12.5 -0.165471
-12.12 -0.221172
-11.74 -0.269858
-11.36 -0.306454
-10.98 -0.327341
-10.6 -0.330769
-10.22 -0.316933
-9.84 -0.287835
-9.46 -0.246957
-9.08 -0.198795
-8.7 -0.148302
-8.32 -0.100316
-7.94 -0.0590405
-7.56 -0.0276201
-7.18 -0.00786872
-6.8 -0.000164333
-6.42 -0.00351504
-6.04 -0.0157799
-5.66 -0.0340091
-5.28 -0.054856
-4.9 -0.0750082
-4.52 -0.0915849
-4.14 -0.102453
-3.76 -0.106427
-3.38 -0.103336
-3 -0.0939587
-2.62 -0.0798281
-2.24 -0.0629602
-1.86 -0.0455253
-1.48 -0.0295191
-1.1 -0.0164753
-0.72 -0.00725721
-0.34 -0.00195522
0.04 9.73111e-05
0.42 0.000194999
0.8 3.67946e-05
1.18 0.00144028
1.56 0.00603442
1.94 0.0149745
2.32 0.0287205
2.7 0.0469124
3.08 0.0683619
3.46 0.0911683
3.84 0.112944
4.22 0.131128
4.6 0.143341
4.98 0.147746
5.36 0.143357
5.74 0.130256
6.12 0.109683
6.5 0.0839859
6.88 0.05641
7.26 0.0307714
7.64 0.0110247
8.02 0.000785338
8.4 0.00285937
8.78 0.0188395
9.16 0.0488202
9.54 0.0912747
9.92 0.143116
10.3 0.199945
10.68 0.256476
11.06 0.307079
11.44 0.346405
11.82 0.370014
12.2 0.374931
12.58 0.360952
12.96 0.357771
13.34 0.380013
13.72 0.431645
14.1 0.521031
14.48 0.662374
14.86 0.834406
15.24 0.9827
15.62 1.09182
16 1.14961
16.38 1.14885
16.76 1.0883
17.14 0.973072
17.52 0.814383
17.9 0.628597
18.28 0.435682
18.66 0.257211
19.04 0.11411
19.42 0.0243892
19.8 0.00109847
20.18 0.0507409
20.56 0.172331
20.94 0.35722
21.32 0.589739
21.7 0.848612
22.08 1.10902
22.46 1.34511
22.84 1.53271
23.22 1.65194
23.6 1.68945
23.98 1.64006
24.36 1.50756
24.74 1.3046
25.12 1.05161
25.5 0.774919
25.88 0.539976
26.26 0.37644
26.64 0.262377
27.02 0.182839
27.4 0.127387
27.78 0.0887353
28.16 0.0617999
28.54 0.0430328
28.92 0.0299595
29.3 0.0208543
29.68 0.0145138
30.06 0.0100995
30.44 0.00702659
30.82 0.00488791
31.2 0.00339966
31.58 0.0023642
31.96 0.00164388
32.34 0.00114286
32.72 0.000794434
33.1 0.000552158
33.48 0.000383718
33.86 0.000266627
34.24 0.000185243
34.62 0.000128684
35 8.93836e-05
35.38 6.20781e-05
35.76 4.31091e-05
36.14 2.9933e-05
36.52 2.07818e-05
36.9 1.44268e-05
37.28 1.00141e-05
37.66 6.95033e-06
38.04 4.82344e-06
38.42 3.34707e-06
38.8 2.32236e-06
39.18 1.61121e-06
39.56 1.11773e-06
39.94 7.75315e-07
40.32 5.37751e-07
40.7 3.72946e-07
41.08 2.58627e-07
41.46 1.79334e-07
41.84 1.24341e-07
42.22 8.62052e-08
42.6 5.97607e-08
42.98 4.14251e-08
43.36 2.87129e-08
43.74 1.99002e-08
44.12 1.37913e-08
