-31.5 8.69616e-18
-31.12 1.79806e-17
-30.74 3.71664e-17
-30.36 7.68007e-17
-29.98 1.58651e-16
-29.6 3.27628e-16
-29.22 6.76359e-16
-28.84 1.39581e-15
-28.46 2.87954e-15
-28.08 5.93835e-15
-27.7 1.22419e-14
-27.32 2.52272e-14
-26.94 5.19663e-14
-26.56 1.07004e-13
-26.18 2.20243e-13
-25.8 4.53128e-13
-25.42 9.31861e-13
-25.04 1.91552e-12
-24.66 3.93571e-12
-24.28 8.08263e-12
-23.9 1.65909e-11
-23.52 3.40382e-11
-23.14 6.97971e-11
-22.76 1.43045e-10
-22.38 2.93e-10
-22 5.99806e-10
-21.62 1.22714e-09
-21.24 2.50906e-09
-20.86 5.12683e-09
-20.48 1.04688e-08
-20.1 2.13624e-08
-19.72 4.35602e-08
-19.34 8.87579e-08
-18.96 1.80713e-07
-18.58 3.6764e-07
-18.2 7.47295e-07
-17.82 1.51769e-06
-17.44 3.07949e-06
-17.06 6.24256e-06
-16.68 1.2642e-05
-16.3 2.5575e-05
-15.92 5.16828e-05
-15.54 0.000104323
-15.16 0.000210327
-14.78 0.00042351
-14.4 0.000851644
-14.02 0.0017102
-13.64 0.00342924
-13.26 0.00686555
-12.88 0.0137227
-12.5 0.0273807
-12.12 0.0489172
-11.74 0.0728236
-11.36 0.093914
-10.98 0.107152
-10.6 0.109408
-10.22 0.100447
-9.84 0.0828488
-9.46 0.0609878
-9.08 0.0395195
-8.7 0.0219934
-8.32 0.0100633
-7.94 0.00348578
-7.56 0.000762868
-7.18 6.19168e-05
-6.8 2.70052e-08
-6.42 1.23555e-05
-6.04 0.000249007
-5.66 0.00115662
-5.28 0.00300918
-4.9 0.00562623
-4.52 0.0083878
-4.14 0.0104966
-3.76 0.0113266
-3.38 0.0106784
-3 0.00882824
-2.62 0.00637253
-2.24 0.00396399
-1.86 0.00207255
-1.48 0.000871378
-1.1 0.000271437
-0.72 5.26671e-05
-0.34 3.8229e-06
0.04 9.46944e-09
0.42 3.80245e-08
0.8 1.35384e-09
1.18 2.07442e-06
1.56 3.64142e-05
1.94 0.000224235
2.32 0.000824869
2.7 0.00220077
3.08 0.00467335
3.46 0.00831166
3.84 0.0127564
4.22 0.0171946
4.6 0.0205467
4.98 0.0218289
5.36 0.0205512
5.74 0.0169665
6.12 0.0120305
6.5 0.00705362
6.88 0.00318208
7.26 0.000946877
7.64 0.000121544
8.02 6.16755e-07
8.4 8.17602e-06
8.78 0.000354925
9.16 0.00238341
9.54 0.00833106
9.92 0.020482
10.3 0.0399781
10.68 0.06578
11.06 0.0942973
11.44 0.119996
11.82 0.13691
12.2 0.140573
12.58 0.130286
12.96 0.128
13.34 0.14441
13.72 0.186318
14.1 0.271473
14.48 0.438739
14.86 0.696234
15.24 0.965699
15.62 1.19208
16 1.3216
16.38 1.31986
16.76 1.1844
17.14 0.946869
17.52 0.663219
17.9 0.395134
18.28 0.189819
18.66 0.0661574
19.04 0.0130211
19.42 0.000594835
19.8 1.20663e-06
20.18 0.00257464
20.56 0.0296979
20.94 0.127606
21.32 0.347792
21.7 0.720142
22.08 1.22993
22.46 1.80933
22.84 2.34921
23.22 2.72891
23.6 2.85425
23.98 2.68981
24.36 2.27275
24.74 1.70198
25.12 1.10589
25.5 0.600499
25.88 0.291574
26.26 0.141707
26.64 0.0688417
27.02 0.0334299
27.4 0.0162274
27.78 0.00787395
28.16 0.00381922
28.54 0.00185182
28.92 0.000897573
29.3 0.0004349
29.68 0.000210651
30.06 0.000101999
30.44 4.93729e-05
30.82 2.38917e-05
31.2 1.15577e-05
31.58 5.58945e-06
31.96 2.70234e-06
32.34 1.30613e-06
32.72 6.31126e-07
33.1 3.04879e-07
33.48 1.47239e-07
33.86 7.10899e-08
34.24 3.43149e-08
34.62 1.65597e-08
35 7.98942e-09
35.38 3.85369e-09
35.76 1.85839e-09
36.14 8.95984e-10
36.52 4.31884e-10
36.9 2.08133e-10
37.28 1.00281e-10
37.66 4.83071e-11
38.04 2.32655e-11
38.42 1.12028e-11
38.8 5.39335e-12
39.18 2.59601e-12
39.56 1.24931e-12
39.94 6.01113e-13
40.32 2.89176e-13
40.7 1.39089e-13
41.08 6.68877e-14
41.46 3.21607e-14
41.84 1.54608e-14
42.22 7.43133e-15
42.6 3.57134e-15
42.98 1.71604e-15
43.36 8.2443e-16
43.74 3.96017e-16
44.12 1.90199e-16
