-31.5 3.67723e-07
-31.12 4.38112e-07
-30.74 5.21974e-07
-30.36 6.21888e-07
-29.98 7.40928e-07
-29.6 8.82754e-07
-29.22 1.05173e-06
-28.84 1.25305e-06
-28.46 1.4929e-06
-28.08 1.77867e-06
-27.7 2.11913e-06
-27.32 2.52477e-06
-26.94 3.00805e-06
-26.56 3.58384e-06
-26.18 4.26985e-06
-25.8 5.08717e-06
-25.42 6.06094e-06
-25.04 7.22111e-06
-24.66 8.60335e-06
-24.28 1.02502e-05
-23.9 1.22122e-05
-23.52 1.45498e-05
-23.14 1.73349e-05
-22.76 2.06531e-05
-22.38 2.46065e-05
-22 2.93166e-05
-21.62 3.49282e-05
-21.24 4.16141e-05
-20.86 4.95797e-05
-20.48 5.90701e-05
-20.1 7.03771e-05
-19.72 8.38485e-05
-19.34 9.98985e-05
-18.96 0.000119021
-18.58 0.000141803
-18.2 0.000168947
-17.82 0.000201286
-17.44 0.000239815
-17.06 0.00028572
-16.68 0.000340412
-16.3 0.000405572
-15.92 0.000483206
-15.54 0.000575699
-15.16 0.000685898
-14.78 0.00081719
-14.4 0.000973614
-14.02 0.00115998
-13.64 0.00138202
-13.26 0.00164656
-12.88 0.00196174
-12.5 0.00233725
-12.12 0.00270938
-11.74 0.00299896
-11.36 0.00319799
-10.98 0.00330047
-10.6 0.00330329
-10.22 0.00320639
-9.84 0.00301267
-9.46 0.002728
-9.08 0.00236095
-8.7 0.00192263
-8.32 0.00142626
-7.94 0.000886821
-7.56 0.00032061
-7.18 -0.000255281
-6.8 -0.000823465
-6.42 -0.00136679
-6.04 -0.00186884
-5.66 -0.00231447
-5.28 -0.00269022
-4.9 -0.00298474
-4.52 -0.00318915
-4.14 -0.00329727
-3.76 -0.00330584
-3.38 -0.00321459
-3 -0.00302629
-2.62 -0.00274662
-2.24 -0.00238402
-1.86 -0.00194944
-1.48 -0.001456
-1.1 -0.0009186
-0.72 -0.000353466
-0.34 0.00022234
0.04 0.000791433
0.42 0.00133663
0.8 0.00184147
1.18 0.00229071
1.56 0.00267079
1.94 0.00297024
2.32 0.00318
2.7 0.00329375
3.08 0.00330805
3.46 0.00322248
3.84 0.00303961
4.22 0.00276497
4.6 0.00240684
4.98 0.00197605
5.36 0.0014856
5.74 0.000950287
6.12 0.000386287
6.5 -0.000189377
6.88 -0.000759322
7.26 -0.00130634
7.64 -0.00181392
8.02 -0.00226673
8.4 -0.0026511
8.78 -0.00295543
9.16 -0.00317053
9.54 -0.0032899
9.92 -0.00330994
10.3 -0.00323005
10.68 -0.00305263
11.06 -0.00278304
11.44 -0.00242943
11.82 -0.00200247
12.2 -0.00151505
12.58 -0.000982254
12.96 -0.000456889
13.34 5.44251e-05
13.72 0.000567413
14.1 0.00109785
14.48 0.00166205
14.86 0.00222661
15.24 0.00272299
15.62 0.00313715
16 0.00345659
16.38 0.00367167
16.76 0.00377589
17.14 0.0037661
17.52 0.00364261
17.9 0.00340914
18.28 0.00307274
18.66 0.00264357
19.04 0.00213458
19.42 0.00156114
19.8 0.000940562
20.18 0.00029159
20.56 -0.000366186
20.94 -0.00101291
21.32 -0.00162904
21.7 -0.002196
22.08 -0.00269665
22.46 -0.00311588
22.84 -0.00344103
23.22 -0.00366229
23.6 -0.00377298
23.98 -0.00376975
24.36 -0.00365271
24.74 -0.00342538
25.12 -0.00309462
25.5 -0.00267044
25.88 -0.00224068
26.26 -0.00188068
26.64 -0.00157853
27.02 -0.00132492
27.4 -0.00111205
27.78 -0.000933385
28.16 -0.000783425
28.54 -0.000657557
28.92 -0.000551912
29.3 -0.00046324
29.68 -0.000388815
30.06 -0.000326346
30.44 -0.000273915
30.82 -0.000229907
31.2 -0.000192969
31.58 -0.000161966
31.96 -0.000135944
32.34 -0.000114103
32.72 -9.57708e-05
33.1 -8.0384e-05
33.48 -6.74692e-05
33.86 -5.66294e-05
34.24 -4.75312e-05
34.62 -3.98946e-05
35 -3.34851e-05
35.38 -2.81052e-05
35.76 -2.35898e-05
36.14 -1.97998e-05
36.52 -1.66187e-05
36.9 -1.39487e-05
37.28 -1.17076e-05
37.66 -9.82664e-06
38.04 -8.24787e-06
38.42 -6.92274e-06
38.8 -5.81051e-06
39.18 -4.87698e-06
39.56 -4.09343e-06
39.94 -3.43576e-06
40.32 -2.88376e-06
40.7 -2.42045e-06
41.08 -2.03157e-06
41.46 -1.70517e-06
41.84 -1.43121e-06
42.22 -1.20127e-06
42.6 -1.00827e-06
42.98 -8.46279e-07
43.36 -7.10314e-07
43.74 -5.96192e-07
44.12 -5.00406e-07
