-31.5 2.83579e-16
-31.12 5.57682e-16
-30.74 1.0964e-15
-30.36 2.15487e-15
-29.98 4.23385e-15
-29.6 8.31591e-15
-29.22 1.63283e-14
-28.84 3.20499e-14
-28.46 6.28869e-14
-28.08 1.2335e-13
-27.7 2.41857e-13
-27.32 4.74041e-13
-26.94 9.28762e-13
-26.56 1.81895e-12
-26.18 3.56089e-12
-25.8 6.96808e-12
-25.42 1.36295e-11
-25.04 2.66472e-11
-24.66 5.20743e-11
-24.28 1.01716e-10
-23.9 1.98583e-10
-23.52 3.87504e-10
-23.14 7.55759e-10
-22.76 1.47318e-09
-22.38 2.87003e-09
-22 5.58812e-09
-21.62 1.08739e-08
-21.24 2.11465e-08
-20.86 4.10973e-08
-20.48 7.98177e-08
-20.1 1.54912e-07
-19.72 3.00443e-07
-19.34 5.82259e-07
-18.96 1.12755e-06
-18.58 2.18175e-06
-18.2 4.21804e-06
-17.82 8.14775e-06
-17.44 1.57243e-05
-17.06 3.03173e-05
-16.68 5.83954e-05
-16.3 0.000112361
-15.92 0.000215964
-15.54 0.000414622
-15.16 0.000795067
-14.78 0.00152268
-14.4 0.00291232
-14.02 0.00556244
-13.64 0.0106085
-13.26 0.0202007
-12.88 0.038403
-12.5 0.07288
-12.12 0.123723
-11.74 0.174255
-11.36 0.210976
-10.98 0.223601
-10.6 0.209107
-10.22 0.172558
-9.84 0.124671
-9.46 0.0774685
-9.08 0.0400396
-8.7 0.0161655
-8.32 0.00447719
-7.94 0.000609471
-7.56 9.43885e-06
-7.18 3.4221e-06
-6.8 0.000332327
-6.42 0.00224823
-6.04 0.00695554
-5.66 0.0143683
-5.28 0.0228237
-4.9 0.0297844
-4.52 0.0330328
-4.14 0.0316656
-3.76 0.0263919
-3.38 0.019068
-3 0.0117992
-2.62 0.0061061
-2.24 0.00253339
-1.86 0.000780964
-1.48 0.000153863
-1.1 1.34666e-05
-0.72 1.2648e-07
-0.34 4.41566e-09
0.04 9.8117e-09
0.42 8.80059e-06
0.8 0.000115029
1.18 0.00059926
1.56 0.00193544
1.94 0.00457863
2.32 0.00860304
2.7 0.0134109
3.08 0.0177566
3.46 0.0201781
3.84 0.0196744
4.22 0.0162687
4.6 0.0110988
4.98 0.00591043
5.36 0.00218726
5.74 0.000419963
6.12 1.3035e-05
6.5 8.49376e-07
6.88 0.000245951
7.26 0.00239921
7.64 0.00987704
8.02 0.0265409
8.4 0.0544795
8.78 0.0919266
9.16 0.132521
9.54 0.166646
9.92 0.184617
10.3 0.1805
10.68 0.154812
11.06 0.114698
11.44 0.0712587
11.82 0.0351128
12.2 0.0122572
12.58 0.00230264
12.96 0.000114399
13.34 2.44048e-08
13.72 0.000304981
14.1 0.00451419
14.48 0.0250083
14.86 0.084837
15.24 0.199582
15.62 0.369377
16 0.571214
16.38 0.762164
16.76 0.892467
17.14 0.92376
17.52 0.844673
17.9 0.67648
18.28 0.465612
18.66 0.265798
19.04 0.117638
19.42 0.035013
19.8 0.00479566
20.18 4.60152e-05
20.56 0.000118801
20.94 0.00721435
21.32 0.0500348
21.7 0.171164
22.08 0.40296
22.46 0.743205
22.84 1.14318
23.22 1.51602
23.6 1.76413
23.98 1.81517
24.36 1.65113
24.74 1.31704
25.12 0.904563
25.5 0.516866
25.88 0.263884
26.26 0.13484
26.64 0.0688722
27.02 0.0351635
27.4 0.017946
27.78 0.00915537
28.16 0.00466898
28.54 0.00238018
28.92 0.00121295
29.3 0.000617914
29.68 0.000314678
30.06 0.0001602
30.44 8.15301e-05
30.82 4.148e-05
31.2 2.10974e-05
31.58 1.07273e-05
31.96 5.45285e-06
32.34 2.77099e-06
32.72 1.40775e-06
33.1 7.14993e-07
33.48 3.63046e-07
33.86 1.84294e-07
34.24 9.35296e-08
34.62 4.74549e-08
35 2.40718e-08
35.38 1.22077e-08
35.76 6.18953e-09
36.14 3.1375e-09
36.52 1.59006e-09
36.9 8.05659e-10
37.28 4.08127e-10
37.66 2.06704e-10
38.04 1.04668e-10
38.42 5.29901e-11
38.8 2.68218e-11
39.18 1.35737e-11
39.56 6.86797e-12
39.94 3.47438e-12
40.32 1.75731e-12
40.7 8.8867e-13
41.08 4.49322e-13
41.46 2.27144e-13
41.84 1.14808e-13
42.22 5.80188e-14
42.6 2.93155e-14
42.98 1.481e-14
43.36 7.48078e-15
43.74 3.77808e-15
44.12 1.90779e-15
