-31.5 -1.68398e-08
-31.12 -2.36153e-08
-30.74 -3.3112e-08
-30.36 -4.64205e-08
-29.98 -6.5068e-08
-29.6 -9.11916e-08
-29.22 -1.27782e-07
-28.84 -1.79025e-07
-28.46 -2.50773e-07
-28.08 -3.51212e-07
-27.7 -4.9179e-07
-27.32 -6.88506e-07
-26.94 -9.63723e-07
-26.56 -1.34868e-06
-26.18 -1.88703e-06
-25.8 -2.63971e-06
-25.42 -3.69181e-06
-25.04 -5.16209e-06
-24.66 -7.21626e-06
-24.28 -1.00854e-05
-23.9 -1.4092e-05
-23.52 -1.96851e-05
-23.14 -2.74911e-05
-22.76 -3.8382e-05
-22.38 -5.35726e-05
-22 -7.47538e-05
-21.62 -0.000104278
-21.24 -0.000145418
-20.86 -0.000202725
-20.48 -0.00028252
-20.1 -0.000393589
-19.72 -0.000548127
-19.34 -0.000763059
-18.96 -0.00106186
-18.58 -0.00147707
-18.2 -0.00205379
-17.82 -0.00285443
-17.44 -0.00396538
-17.06 -0.00550611
-16.68 -0.00764169
-16.3 -0.0106001
-15.92 -0.0146957
-15.54 -0.0203623
-15.16 -0.0281969
-14.78 -0.0390215
-14.4 -0.053966
-14.02 -0.0745818
-13.64 -0.102997
-13.26 -0.142129
-12.88 -0.195967
-12.5 -0.269963
-12.12 -0.351743
-11.74 -0.417438
-11.36 -0.459321
-10.98 -0.472865
-10.6 -0.457282
-10.22 -0.4154
-9.84 -0.353088
-9.46 -0.278332
-9.08 -0.200099
-8.7 -0.127144
-8.32 -0.0669118
-7.94 -0.0246875
-7.56 -0.00307227
-7.18 -0.00184989
-6.8 -0.0182298
-6.42 -0.0474155
-6.04 -0.0833999
-5.66 -0.119868
-5.28 -0.151075
-4.9 -0.172582
-4.52 -0.181749
-4.14 -0.177948
-3.76 -0.162456
-3.38 -0.138087
-3 -0.108624
-2.62 -0.0781415
-2.24 -0.0503328
-1.86 -0.0279457
-1.48 -0.0124042
-1.1 -0.00366969
-0.72 -0.000355641
-0.34 -6.64505e-05
0.04 9.9054e-05
0.42 0.00296658
0.8 0.0107252
1.18 0.0244798
1.56 0.0439936
1.94 0.0676655
2.32 0.0927526
2.7 0.115805
3.08 0.133254
3.46 0.14205
3.84 0.140266
4.22 0.127549
4.6 0.105351
4.98 0.0768793
5.36 0.0467681
5.74 0.020493
6.12 0.0036104
6.5 0.000921616
6.88 0.0156828
7.26 0.0489817
7.64 0.0993833
8.02 0.162914
8.4 0.233408
8.78 0.303194
9.16 0.364035
9.54 0.408223
9.92 0.429671
10.3 0.424853
10.68 0.393462
11.06 0.338672
11.44 0.266943
11.82 0.187384
12.2 0.110712
12.58 0.0479858
12.96 0.0106957
13.34 0.00015622
13.72 0.0174637
14.1 0.0671877
14.48 0.15814
14.86 0.291268
15.24 0.446746
15.62 0.607764
16 0.755787
16.38 0.87302
16.76 0.944704
17.14 0.961124
17.52 0.919061
17.9 0.822484
18.28 0.682358
18.66 0.515556
19.04 0.342984
19.42 0.187118
19.8 0.0692507
20.18 0.00678345
20.56 0.0108996
20.94 0.0849373
21.32 0.223685
21.7 0.41372
22.08 0.634791
22.46 0.862093
22.84 1.0692
23.22 1.23127
23.6 1.32821
23.98 1.34728
24.36 1.28496
24.74 1.14763
25.12 0.951085
25.5 0.718934
25.88 0.513697
26.26 0.367206
26.64 0.262435
27.02 0.187519
27.4 0.133963
27.78 0.0956837
28.16 0.0683299
28.54 0.0487871
28.92 0.0348275
29.3 0.0248579
29.68 0.0177392
30.06 0.012657
30.44 0.0090294
30.82 0.0064405
31.2 0.00459319
31.58 0.00327525
31.96 0.00233513
32.34 0.00166463
32.72 0.00118649
33.1 0.000845572
33.48 0.000602533
33.86 0.000429294
34.24 0.000305826
34.62 0.000217841
35 0.000155151
35.38 0.000110488
35.76 7.86736e-05
36.14 5.60134e-05
36.52 3.98756e-05
36.9 2.83841e-05
37.28 2.02022e-05
37.66 1.43772e-05
38.04 1.02308e-05
38.42 7.27943e-06
38.8 5.17898e-06
39.18 3.68425e-06
39.56 2.62068e-06
39.94 1.86397e-06
40.32 1.32563e-06
40.7 9.42693e-07
41.08 6.70315e-07
41.46 4.76596e-07
41.84 3.38833e-07
42.22 2.40871e-07
42.6 1.71218e-07
42.98 1.21696e-07
43.36 8.64915e-08
43.74 6.14661e-08
44.12 4.36782e-08
