-31.5 7.00619e-12
-31.12 1.15758e-11
-30.74 1.91201e-11
-30.36 3.15715e-11
-29.98 5.21154e-11
-29.6 8.59996e-11
-29.22 1.41868e-10
-28.84 2.33951e-10
-28.46 3.85669e-10
-28.08 6.35549e-10
-27.7 1.04695e-09
-27.32 1.724e-09
-26.94 2.8378e-09
-26.56 4.66931e-09
-26.18 7.67973e-09
-25.8 1.26257e-08
-25.42 2.07481e-08
-25.04 3.40806e-08
-24.66 5.59545e-08
-24.28 9.1824e-08
-23.9 1.50614e-07
-23.52 2.46919e-07
-23.14 4.04592e-07
-22.76 6.62591e-07
-22.38 1.0845e-06
-22 1.77405e-06
-21.62 2.9003e-06
-21.24 4.73862e-06
-20.86 7.73716e-06
-20.48 1.26248e-05
-20.1 2.05857e-05
-19.72 3.35427e-05
-19.34 5.46144e-05
-18.96 8.8855e-05
-18.58 0.000144446
-18.2 0.000234622
-17.82 0.00038076
-17.44 0.000617362
-17.06 0.00100003
-16.68 0.0016183
-16.3 0.00261609
-15.92 0.00422449
-15.54 0.00681398
-15.16 0.0109776
-14.78 0.0176632
-14.4 0.0283828
-14.02 0.0455446
-13.64 0.0729759
-13.26 0.116748
-12.88 0.186468
-12.5 0.297305
-12.12 0.422551
-11.74 0.489736
-11.36 0.473356
-10.98 0.382606
-10.6 0.255086
-10.22 0.135341
-9.84 0.0529573
-9.46 0.0128557
-9.08 0.00116196
-8.7 8.85619e-07
-8.32 0.000194126
-7.94 0.00422265
-7.56 0.0195971
-7.18 0.049212
-6.8 0.0862691
-6.42 0.117061
-6.04 0.128973
-5.66 0.117759
-5.28 0.0893217
-4.9 0.0554914
-4.52 0.0272317
-4.14 0.00978652
-3.76 0.00217497
-3.38 0.000183632
-3 2.20709e-07
-2.62 1.56122e-05
-2.24 0.000307724
-1.86 0.00112573
-1.48 0.00202092
-1.1 0.00220805
-0.72 0.00145321
-0.34 0.000406491
0.04 5.89224e-06
0.42 0.000570417
0.8 0.00150525
1.18 0.00190818
1.56 0.00144958
1.94 0.00061918
2.32 9.82301e-05
2.7 3.33652e-07
3.08 1.72911e-05
3.46 0.000670725
3.84 0.00454884
4.22 0.0158709
4.6 0.0377524
4.98 0.0685956
5.36 0.100452
5.74 0.121523
6.12 0.122198
6.5 0.101086
6.88 0.0666623
7.26 0.0327277
7.64 0.0102549
8.02 0.00132724
8.4 5.53832e-06
8.78 0.000111122
9.16 0.00428422
9.54 0.0265902
9.92 0.0846617
10.3 0.184979
10.68 0.311177
11.06 0.425155
11.44 0.483314
11.82 0.459758
12.2 0.362128
12.58 0.229538
12.96 0.132695
13.34 0.0745416
13.72 0.0402848
14.1 0.0206373
14.48 0.00979591
14.86 0.00362569
15.24 0.000718723
15.62 2.79956e-05
16 3.17037e-07
16.38 0.000217658
16.76 0.00218085
17.14 0.00846524
17.52 0.0206466
17.9 0.0373695
18.28 0.0540276
18.66 0.0645883
19.04 0.0646735
19.42 0.054051
19.8 0.0369086
20.18 0.0196163
20.56 0.00731373
20.94 0.00148192
21.32 6.43108e-05
21.7 2.78282e-07
22.08 0.000346779
22.46 0.00365709
22.84 0.0143985
23.22 0.0352562
23.6 0.0638084
23.98 0.0920914
24.36 0.109839
24.74 0.109747
25.12 0.0915961
25.5 0.062562
25.88 0.0379891
26.26 0.0231052
26.64 0.0140468
27.02 0.00853631
27.4 0.00518549
27.78 0.00314879
28.16 0.00191132
28.54 0.00115975
28.92 0.000703467
29.3 0.000426552
29.68 0.000258556
30.06 0.000156673
30.44 9.49063e-05
30.82 5.74725e-05
31.2 3.47932e-05
31.58 2.10571e-05
31.96 1.27402e-05
32.34 7.70608e-06
32.72 4.65983e-06
33.1 2.81701e-06
33.48 1.70252e-06
33.86 1.02869e-06
34.24 6.21397e-07
34.62 3.75271e-07
35 2.26577e-07
35.38 1.36768e-07
35.76 8.25381e-08
36.14 4.97996e-08
36.52 3.004e-08
36.9 1.81168e-08
37.28 1.09237e-08
37.66 6.58519e-09
38.04 3.96897e-09
38.42 2.39167e-09
38.8 1.44092e-09
39.18 8.6795e-10
39.56 5.22719e-10
39.94 3.14747e-10
40.32 1.89485e-10
40.7 1.14055e-10
41.08 6.86396e-11
41.46 4.13011e-11
41.84 2.48471e-11
42.22 1.49458e-11
42.6 8.98858e-12
42.98 5.40498e-12
43.36 3.2496e-12
43.74 1.95343e-12
44.12 1.17409e-12
