-31.5 -1.27714e-05
-31.12 -1.45677e-05
-30.74 -1.66167e-05
-30.36 -1.89539e-05
-29.98 -2.16197e-05
-29.6 -2.46605e-05
-29.22 -2.81291e-05
-28.84 -3.20854e-05
-28.46 -3.65983e-05
-28.08 -4.17458e-05
-27.7 -4.76174e-05
-27.32 -5.43148e-05
-26.94 -6.19542e-05
-26.56 -7.06681e-05
-26.18 -8.06076e-05
-25.8 -9.19451e-05
-25.42 -0.000104877
-25.04 -0.000119628
-24.66 -0.000136454
-24.28 -0.000155646
-23.9 -0.000177538
-23.52 -0.000202509
-23.14 -0.000230992
-22.76 -0.000263481
-22.38 -0.00030054
-22 -0.000342811
-21.62 -0.000391028
-21.24 -0.000446026
-20.86 -0.00050876
-20.48 -0.000580317
-20.1 -0.000661939
-19.72 -0.000755041
-19.34 -0.000861238
-18.96 -0.000982371
-18.58 -0.00112054
-18.2 -0.00127815
-17.82 -0.00145792
-17.44 -0.00166298
-17.06 -0.00189688
-16.68 -0.00216367
-16.3 -0.00246799
-15.92 -0.00281512
-15.54 -0.00321107
-15.16 -0.0036627
-14.78 -0.00417786
-14.4 -0.00476548
-14.02 -0.00543575
-13.64 -0.00620029
-13.26 -0.00707237
-12.88 -0.0080671
-12.5 -0.00920174
-12.12 -0.0102034
-11.74 -0.0107567
-11.36 -0.0108426
-10.98 -0.0104571
-10.6 -0.00961708
-10.22 -0.00835904
-9.84 -0.00673765
-9.46 -0.00482339
-9.08 -0.00269948
-8.7 -0.000458223
-8.32 0.00180295
-7.94 0.00398575
-7.56 0.00599531
-7.18 0.00774426
-6.8 0.00915659
-6.42 0.0101709
-6.04 0.0107431
-5.66 0.0108484
-5.28 0.0104821
-4.9 0.00966013
-4.52 0.00841829
-4.14 0.00681054
-3.76 0.00490675
-3.38 0.00278967
-3 0.000551339
-2.62 -0.00171096
-2.24 -0.00389889
-1.86 -0.00591734
-1.48 -0.00767858
-1.1 -0.00910606
-0.72 -0.0101377
-0.34 -0.0107287
0.04 -0.0108534
0.42 -0.0105063
0.8 -0.00970246
1.18 -0.00847693
1.56 -0.00688292
1.94 -0.00498974
2.32 -0.00287966
2.7 -0.000644416
3.08 0.00161884
3.46 0.00381173
3.84 0.00583894
4.22 0.00761234
4.6 0.00905486
4.98 0.0101038
5.36 0.0107135
5.74 0.0108576
6.12 0.0105297
6.5 0.00974408
6.88 0.00853494
7.26 0.0069548
7.64 0.00507236
8.02 0.00296944
8.4 0.000737444
8.78 -0.00152661
9.16 -0.0037243
9.54 -0.00576011
9.92 -0.00754554
10.3 -0.00900299
10.68 -0.0100691
11.06 -0.0106975
11.44 -0.010861
11.82 -0.0105523
12.2 -0.00978498
12.58 -0.00859801
12.96 -0.00738644
13.34 -0.00630298
13.72 -0.00532884
14.1 -0.00444711
14.48 -0.00364252
14.86 -0.00280455
15.24 -0.00184787
15.62 -0.00081088
16 0.000261362
16.38 0.00132224
16.76 0.00232565
17.14 0.00322797
17.52 0.00398997
17.9 0.00457854
18.28 0.0049681
18.66 0.0051417
19.04 0.00509181
19.42 0.0048206
19.8 0.00433984
20.18 0.00367044
20.56 0.0028415
20.94 0.00188905
21.32 0.00085448
21.7 -0.000217228
22.08 -0.00127949
22.46 -0.00228614
22.84 -0.00319342
23.22 -0.00396189
23.6 -0.00455814
23.98 -0.00495627
24.36 -0.00513896
24.74 -0.00509827
25.12 -0.00483597
25.5 -0.00436347
25.88 -0.00382347
26.26 -0.003352
26.64 -0.00293868
27.02 -0.00257632
27.4 -0.00225864
27.78 -0.00198013
28.16 -0.00173597
28.54 -0.00152191
28.92 -0.00133425
29.3 -0.00116972
29.68 -0.00102549
30.06 -0.000899039
30.44 -0.000788181
30.82 -0.000690992
31.2 -0.000605788
31.58 -0.00053109
31.96 -0.000465603
32.34 -0.00040819
32.72 -0.000357858
33.1 -0.000313731
33.48 -0.000275046
33.86 -0.000241131
34.24 -0.000211397
34.62 -0.000185331
35 -0.000162478
35.38 -0.000142443
35.76 -0.000124879
36.14 -0.00010948
36.52 -9.59808e-05
36.9 -8.41456e-05
37.28 -7.37699e-05
37.66 -6.46735e-05
38.04 -5.66988e-05
38.42 -4.97074e-05
38.8 -4.35781e-05
39.18 -3.82046e-05
39.56 -3.34937e-05
39.94 -2.93637e-05
40.32 -2.57429e-05
40.7 -2.25686e-05
41.08 -1.97858e-05
41.46 -1.7346e-05
41.84 -1.52071e-05
42.22 -1.3332e-05
42.6 -1.16881e-05
42.98 -1.02468e-05
43.36 -8.98333e-06
43.74 -7.87562e-06
44.12 -6.9045e-06
