-31.5 -2.64692e-06
-31.12 -3.40232e-06
-30.74 -4.37265e-06
-30.36 -5.61886e-06
-29.98 -7.2191e-06
-29.6 -9.2736e-06
-29.22 -1.19108e-05
-28.84 -1.52954e-05
-28.46 -1.96384e-05
-28.08 -2.52101e-05
-27.7 -3.23566e-05
-27.32 -4.15211e-05
-26.94 -5.3271e-05
-26.56 -6.83323e-05
-26.18 -8.76341e-05
-25.8 -0.000112364
-25.42 -0.000144042
-25.04 -0.000184609
-24.66 -0.000236547
-24.28 -0.000303025
-23.9 -0.00038809
-23.52 -0.000496909
-23.14 -0.000636075
-22.76 -0.000813997
-22.38 -0.0010414
-22 -0.00133194
-21.62 -0.00170303
-21.24 -0.00217684
-20.86 -0.00278157
-20.48 -0.00355313
-20.1 -0.00453715
-19.72 -0.00579161
-19.34 -0.00739016
-18.96 -0.00942629
-18.58 -0.0120186
-18.2 -0.0153174
-17.82 -0.0195131
-17.44 -0.0248468
-17.06 -0.0316233
-16.68 -0.0402281
-16.3 -0.0511478
-15.92 -0.0649961
-15.54 -0.0825468
-15.16 -0.104774
-14.78 -0.132903
-14.4 -0.168472
-14.02 -0.213412
-13.64 -0.270141
-13.26 -0.341684
-12.88 -0.431819
-12.5 -0.545257
-12.12 -0.650039
-11.74 -0.699811
-11.36 -0.688009
-10.98 -0.618551
-10.6 -0.505061
-10.22 -0.367887
-9.84 -0.230125
-9.46 -0.113383
-9.08 -0.0340876
-8.7 -0.000941073
-8.32 -0.0139329
-7.94 -0.0649819
-7.56 -0.13999
-7.18 -0.221838
-6.8 -0.293716
-6.42 -0.342142
-6.04 -0.359128
-5.66 -0.34316
-5.28 -0.298867
-4.9 -0.235566
-4.52 -0.16502
-4.14 -0.0989269
-3.76 -0.0466365
-3.38 -0.0135511
-3 -0.000469797
-2.62 -0.00395122
-2.24 -0.0175421
-1.86 -0.0335519
-1.48 -0.0449547
-1.1 -0.0469899
-0.72 -0.038121
-0.34 -0.0201616
0.04 0.00242739
0.42 0.0238834
0.8 0.0387976
1.18 0.0436828
1.56 0.0380734
1.94 0.0248833
2.32 0.00991111
2.7 0.000577626
3.08 0.00415825
3.46 0.0258984
3.84 0.0674451
4.22 0.12598
4.6 0.1943
4.98 0.261908
5.36 0.316942
5.74 0.348601
6.12 0.349569
6.5 0.317941
6.88 0.25819
7.26 0.180908
7.64 0.101266
8.02 0.0364313
8.4 0.00235336
8.78 0.0105414
9.16 0.0654539
9.54 0.163065
9.92 0.290967
10.3 0.430092
10.68 0.557832
11.06 0.652039
11.44 0.695208
11.82 0.678054
12.2 0.601771
12.58 0.479101
12.96 0.364273
13.34 0.273023
13.72 0.200711
14.1 0.143657
14.48 0.0989743
14.86 0.0602137
15.24 0.026809
15.62 0.00529109
16 0.00056306
16.38 0.0147532
16.76 0.0466996
17.14 0.0920067
17.52 0.143689
17.9 0.193312
18.28 0.232438
18.66 0.254142
19.04 0.25431
19.42 0.232489
19.8 0.192116
20.18 0.140058
20.56 0.0855204
20.94 0.0384957
21.32 0.0080194
21.7 0.000527524
22.08 0.018622
22.46 0.0604738
22.84 0.119994
23.22 0.187766
23.6 0.252603
23.98 0.303466
24.36 0.33142
24.74 0.331281
25.12 0.302648
25.5 0.250124
25.88 0.194908
26.26 0.152004
26.64 0.118519
27.02 0.0923921
27.4 0.0720104
27.78 0.056114
28.16 0.0437186
28.54 0.0340552
28.92 0.026523
29.3 0.0206531
29.68 0.0160797
30.06 0.0125169
30.44 0.00974198
30.82 0.00758106
31.2 0.00589857
31.58 0.0045888
31.96 0.00356935
32.34 0.00277598
32.72 0.00215866
33.1 0.0016784
33.48 0.00130481
33.86 0.00101424
34.24 0.000788287
34.62 0.000612594
35 0.000476001
35.38 0.000369822
35.76 0.000287295
36.14 0.000223158
36.52 0.000173321
36.9 0.000134599
37.28 0.000104517
37.66 8.11492e-05
38.04 6.29998e-05
38.42 4.89047e-05
38.8 3.79594e-05
39.18 2.9461e-05
39.56 2.2863e-05
39.94 1.77411e-05
40.32 1.37654e-05
40.7 1.06796e-05
41.08 8.2849e-06
41.46 6.4266e-06
41.84 4.98469e-06
42.22 3.86598e-06
42.6 2.9981e-06
42.98 2.32486e-06
43.36 1.80266e-06
43.74 1.39765e-06
44.12 1.08355e-06
