-31.5 -0.00307659
-31.12 -0.00329116
-30.74 -0.0035207
-30.36 -0.00376625
-29.98 -0.00402892
-29.6 -0.00430992
-29.22 -0.00461051
-28.84 -0.00493207
-28.46 -0.00527605
-28.08 -0.00564402
-27.7 -0.00603766
-27.32 -0.00645875
-26.94 -0.00690921
-26.56 -0.00739109
-26.18 -0.00790658
-25.8 -0.00845801
-25.42 -0.00904791
-25.04 -0.00967895
-24.66 -0.010354
-24.28 -0.0110761
-23.9 -0.0118486
-23.52 -0.012675
-23.14 -0.013559
-22.76 -0.0145047
-22.38 -0.0155163
-22 -0.0165985
-21.62 -0.0177561
-21.24 -0.0189945
-20.86 -0.0203193
-20.48 -0.0217364
-20.1 -0.0232524
-19.72 -0.0248741
-19.34 -0.0266089
-18.96 -0.0284648
-18.58 -0.03045
-18.2 -0.0325737
-17.82 -0.0348456
-17.44 -0.0372758
-17.06 -0.0398756
-16.68 -0.0426567
-16.3 -0.0456318
-15.92 -0.0488143
-15.54 -0.0522188
-15.16 -0.0558608
-14.78 -0.0597568
-14.4 -0.0639245
-14.02 -0.0683828
-13.64 -0.0731521
-13.26 -0.0782541
-12.88 -0.0837118
-12.5 -0.0895502
-12.12 -0.0930151
-11.74 -0.0912565
-11.36 -0.0843753
-10.98 -0.0727577
-10.6 -0.057056
-10.22 -0.0381515
-9.84 -0.0171054
-9.46 0.00490085
-9.08 0.026632
-8.7 0.0468682
-8.32 0.0644736
-7.94 0.0784597
-7.56 0.0880416
-7.18 0.0926814
-6.8 0.0921186
-6.42 0.0863849
-6.04 0.075802
-5.66 0.060964
-5.28 0.0427039
-4.9 0.0220467
-4.52 0.000151853
-4.14 -0.0217515
-3.76 -0.0424338
-3.38 -0.0607342
-3 -0.0756253
-2.62 -0.0862713
-2.24 -0.0920745
-1.86 -0.0927092
-1.48 -0.0881398
-1.1 -0.0786227
-0.72 -0.0646923
-0.34 -0.0471304
0.04 -0.0269229
0.42 -0.0052041
0.8 0.0168068
1.18 0.0378743
1.56 0.0568158
1.94 0.0725679
2.32 0.0842466
2.7 0.0911961
3.08 0.0930264
3.46 0.0896349
3.84 0.0812117
4.22 0.0682298
4.6 0.0514179
4.98 0.0317197
5.36 0.010241
5.74 -0.0118126
6.12 -0.0332031
6.5 -0.0527298
6.88 -0.0692966
7.26 -0.0819735
7.64 -0.0900488
8.02 -0.0930694
8.4 -0.0908657
8.78 -0.0835612
9.16 -0.0715662
9.54 -0.0555539
9.92 -0.0364231
10.3 -0.0152477
10.68 0.00678355
11.06 0.028434
11.44 0.0484884
11.82 0.0658209
12.2 0.0794587
12.58 0.0887563
12.96 0.0968401
13.34 0.105364
13.72 0.114367
14.1 0.123891
14.48 0.133977
14.86 0.140916
15.24 0.139951
15.62 0.13113
16 0.114948
16.38 0.0923144
16.76 0.0644983
17.14 0.0330617
17.52 -0.000230813
17.9 -0.0335104
18.28 -0.0649088
18.66 -0.0926637
19.04 -0.115217
19.42 -0.131303
19.8 -0.140018
20.18 -0.140873
20.56 -0.133821
20.94 -0.119257
21.32 -0.0979981
21.7 -0.0712385
22.08 -0.04048
22.46 -0.00744915
22.84 0.0259998
23.22 0.0579893
23.6 0.0867236
23.98 0.11059
24.36 0.128248
24.74 0.138707
25.12 0.141381
25.5 0.136117
25.88 0.12724
26.26 0.118944
26.64 0.111189
27.02 0.10394
27.4 0.0971635
27.78 0.0908287
28.16 0.0849069
28.54 0.0793712
28.92 0.0741965
29.3 0.0693591
29.68 0.0648371
30.06 0.0606099
30.44 0.0566583
30.82 0.0529643
31.2 0.0495112
31.58 0.0462832
31.96 0.0432657
32.34 0.0404449
32.72 0.037808
33.1 0.035343
33.48 0.0330388
33.86 0.0308847
34.24 0.0288711
34.62 0.0269888
35 0.0252292
35.38 0.0235844
35.76 0.0220467
36.14 0.0206093
36.52 0.0192657
36.9 0.0180096
37.28 0.0168354
37.66 0.0157378
38.04 0.0147117
38.42 0.0137526
38.8 0.012856
39.18 0.0120178
39.56 0.0112343
39.94 0.0105018
40.32 0.00981713
40.7 0.00917708
41.08 0.00857876
41.46 0.00801945
41.84 0.00749661
42.22 0.00700785
42.6 0.00655096
42.98 0.00612386
43.36 0.0057246
43.74 0.00535137
44.12 0.00500248
