-31.5 -0.000914545
-31.12 -0.00103394
-30.74 -0.00116874
-30.36 -0.00132092
-29.98 -0.00149268
-29.6 -0.0016865
-29.22 -0.00190517
-28.84 -0.00215184
-28.46 -0.00243001
-28.08 -0.00274366
-27.7 -0.00309723
-27.32 -0.0034957
-26.94 -0.00394467
-26.56 -0.00445042
-26.18 -0.00501999
-25.8 -0.00566125
-25.42 -0.00638305
-25.04 -0.00719527
-24.66 -0.00810897
-24.28 -0.00913653
-23.9 -0.0102918
-23.52 -0.0115902
-23.14 -0.013049
-22.76 -0.0146874
-22.38 -0.0165269
-22 -0.0185915
-21.62 -0.0209078
-21.24 -0.0235053
-20.86 -0.0264172
-20.48 -0.0296798
-20.1 -0.033334
-19.72 -0.0374247
-19.34 -0.0420018
-18.96 -0.0471205
-18.58 -0.0528417
-18.2 -0.0592328
-17.82 -0.066368
-17.44 -0.0743288
-17.06 -0.0832051
-16.68 -0.0930951
-16.3 -0.104107
-15.92 -0.116357
-15.54 -0.129975
-15.16 -0.145101
-14.78 -0.161884
-14.4 -0.18049
-14.02 -0.201093
-13.64 -0.223885
-13.26 -0.249065
-12.88 -0.276851
-12.5 -0.307468
-12.12 -0.321637
-11.74 -0.299883
-11.36 -0.248065
-10.98 -0.178286
-10.6 -0.105844
-10.22 -0.0456279
-9.84 -0.0088312
-9.46 -0.00069693
-9.08 -0.0197538
-8.7 -0.0586182
-8.32 -0.106082
-7.94 -0.149924
-7.56 -0.179744
-7.18 -0.189176
-6.8 -0.176995
-6.42 -0.146949
-6.04 -0.106452
-5.66 -0.0645238
-5.28 -0.0295342
-4.9 -0.0073053
-4.52 -3.19697e-07
-4.14 -0.00600806
-3.76 -0.0207667
-3.38 -0.0382419
-3 -0.0526274
-2.62 -0.0598122
-2.24 -0.0582482
-1.86 -0.049036
-1.48 -0.0352665
-1.1 -0.0208567
-0.72 -0.00924259
-0.34 -0.00231653
0.04 8.89323e-05
0.42 3.48897e-05
0.8 0.000693134
1.18 0.00519191
1.56 0.0154461
1.94 0.0313363
2.32 0.0505066
2.7 0.0688767
3.08 0.081756
3.46 0.085268
3.84 0.0776827
4.22 0.0602583
4.6 0.0373029
4.98 0.015369
5.36 0.00172427
5.74 0.00245674
6.12 0.020695
6.5 0.0554347
6.88 0.101337
7.26 0.149637
7.64 0.190023
8.02 0.213081
8.4 0.212733
8.78 0.188044
9.16 0.143902
9.54 0.0903094
9.92 0.0403665
10.3 0.0073452
10.68 0.00150744
11.06 0.0274276
11.44 0.0825008
11.82 0.157073
12.2 0.236265
12.58 0.303973
12.96 0.372796
13.34 0.454253
13.72 0.550446
14.1 0.663823
14.48 0.797236
14.86 0.905092
15.24 0.915571
15.62 0.823838
16 0.648459
16.38 0.428162
16.76 0.213859
17.14 0.0574668
17.52 2.86293e-06
17.9 0.0616548
18.28 0.236233
18.66 0.491459
19.04 0.775276
19.42 1.02696
19.8 1.19066
20.18 1.22839
20.56 1.12935
20.94 0.913479
21.32 0.628028
21.7 0.337789
22.08 0.110978
22.46 0.00382278
22.84 0.0473579
23.22 0.239505
23.6 0.544431
23.98 0.899572
24.36 1.22895
24.74 1.46001
25.12 1.54012
25.5 1.44918
25.88 1.28519
26.26 1.13956
26.64 1.01022
27.02 0.89538
27.4 0.793437
27.78 0.702966
28.16 0.622694
28.54 0.551488
28.92 0.488338
29.3 0.432345
29.68 0.382707
30.06 0.338713
30.44 0.299728
30.82 0.265189
31.2 0.234594
31.58 0.207499
31.96 0.183506
32.34 0.162264
32.72 0.143462
33.1 0.126821
33.48 0.112096
33.86 0.0990674
34.24 0.0875422
34.62 0.0773483
35 0.0683332
35.38 0.0603618
35.76 0.0533141
36.14 0.0470839
36.52 0.0415772
36.9 0.0367105
37.28 0.0324101
37.66 0.0286105
38.04 0.0252537
38.42 0.0222886
38.8 0.0196697
39.18 0.0173568
39.56 0.0153145
39.94 0.0135112
40.32 0.0119192
40.7 0.0105138
41.08 0.00927333
41.46 0.00817852
41.84 0.00721236
42.22 0.00635981
42.6 0.00560758
42.98 0.00494393
43.36 0.00435848
43.74 0.00384207
44.12 0.00338658
