-31.5 8.36392e-07
-31.12 1.06902e-06
-30.74 1.36595e-06
-30.36 1.74482e-06
-29.98 2.22808e-06
-29.6 2.84427e-06
-29.22 3.62968e-06
-28.84 4.63039e-06
-28.46 5.90496e-06
-28.08 7.52768e-06
-27.7 9.59282e-06
-27.32 1.22199e-05
-26.94 1.55604e-05
-26.56 1.98063e-05
-26.18 2.52003e-05
-25.8 3.20498e-05
-25.42 4.07434e-05
-25.04 5.17719e-05
-24.66 6.57554e-05
-24.28 8.34762e-05
-23.9 0.000105921
-23.52 0.000134332
-23.14 0.000170275
-22.76 0.000215719
-22.38 0.000273139
-22 0.000345644
-21.62 0.000437135
-21.24 0.0005525
-20.86 0.000697866
-20.48 0.000880893
-20.1 0.00111116
-19.72 0.00140061
-19.34 0.00176415
-18.96 0.00222034
-18.58 0.00279225
-18.2 0.00350853
-17.82 0.00440471
-17.44 0.00552478
-17.06 0.00692308
-16.68 0.00866669
-16.3 0.0108382
-15.92 0.013539
-15.54 0.0168936
-15.16 0.0210542
-14.78 0.0262065
-14.4 0.0325766
-14.02 0.0404386
-13.64 0.0501243
-13.26 0.0620336
-12.88 0.0766463
-12.5 0.0945364
-12.12 0.10345
-11.74 0.0899298
-11.36 0.0615361
-10.98 0.0317858
-10.6 0.0112029
-10.22 0.00208191
-9.84 7.79901e-05
-9.46 4.85712e-07
-9.08 0.000390212
-8.7 0.0034361
-8.32 0.0112535
-7.94 0.0224771
-7.56 0.0323079
-7.18 0.0357876
-6.8 0.0313271
-6.42 0.021594
-6.04 0.011332
-5.66 0.00416332
-5.28 0.00087227
-4.9 5.33674e-05
-4.52 1.02206e-13
-4.14 3.60968e-05
-3.76 0.000431258
-3.38 0.00146244
-3 0.00276964
-2.62 0.0035775
-2.24 0.00339286
-1.86 0.00240453
-1.48 0.00124372
-1.1 0.000435001
-0.72 8.54254e-05
-0.34 5.36629e-06
0.04 7.90896e-09
0.42 1.21729e-09
0.8 4.80434e-07
1.18 2.6956e-05
1.56 0.000238581
1.94 0.000981961
2.32 0.00255092
2.7 0.004744
3.08 0.00668405
3.46 0.00727063
3.84 0.00603461
4.22 0.00363107
4.6 0.00139151
4.98 0.000236205
5.36 2.97312e-06
5.74 6.03556e-06
6.12 0.000428282
6.5 0.00307301
6.88 0.0102692
7.26 0.0223912
7.64 0.0361086
8.02 0.0454035
8.4 0.0452553
8.78 0.0353607
9.16 0.0207078
9.54 0.00815579
9.92 0.00162945
10.3 5.39519e-05
10.68 2.27239e-06
11.06 0.000752275
11.44 0.00680637
11.82 0.0246719
12.2 0.0558209
12.58 0.0923997
12.96 0.138977
13.34 0.206346
13.72 0.302991
14.1 0.440661
14.48 0.635586
14.86 0.819192
15.24 0.838269
15.62 0.678708
16 0.420499
16.38 0.183323
16.76 0.0457355
17.14 0.00330243
17.52 8.19639e-12
17.9 0.00380132
18.28 0.0558058
18.66 0.241532
19.04 0.601053
19.42 1.05464
19.8 1.41768
20.18 1.50893
20.56 1.27543
20.94 0.834444
21.32 0.394419
21.7 0.114101
22.08 0.012316
22.46 1.46137e-05
22.84 0.00224277
23.22 0.0573626
23.6 0.296406
23.98 0.809229
24.36 1.51033
24.74 2.13163
25.12 2.37197
25.5 2.10013
25.88 1.6517
26.26 1.29859
26.64 1.02055
27.02 0.801705
27.4 0.629543
27.78 0.494161
28.16 0.387748
28.54 0.304139
28.92 0.238474
29.3 0.186922
29.68 0.146465
30.06 0.114726
30.44 0.0898369
30.82 0.0703252
31.2 0.0550345
31.58 0.0430557
31.96 0.0336744
32.34 0.0263297
32.72 0.0205813
33.1 0.0160836
33.48 0.0125655
33.86 0.00981434
34.24 0.00766364
34.62 0.00598276
35 0.00466943
35.38 0.00364354
35.76 0.00284239
36.14 0.00221689
36.52 0.00172866
36.9 0.00134766
37.28 0.00105042
37.66 0.000818559
38.04 0.00063775
38.42 0.00049678
38.8 0.000386895
39.18 0.000301258
39.56 0.000234532
39.94 0.000182552
40.32 0.000142067
40.7 0.00011054
41.08 8.59947e-05
41.46 6.68882e-05
41.84 5.20181e-05
42.22 4.04472e-05
42.6 3.1445e-05
42.98 2.44425e-05
43.36 1.89964e-05
43.74 1.47615e-05
44.12 1.14689e-05
