-31.5 0.346181
-31.12 0.337879
-30.74 0.329678
-30.36 0.321577
-29.98 0.313578
-29.6 0.305679
-29.22 0.297881
-28.84 0.290184
-28.46 0.282587
-28.08 0.275091
-27.7 0.267696
-27.32 0.260402
-26.94 0.253208
-26.56 0.246116
-26.18 0.239124
-25.8 0.232232
-25.42 0.225442
-25.04 0.218752
-24.66 0.212163
-24.28 0.205675
-23.9 0.199287
-23.52 0.193
-23.14 0.186814
-22.76 0.180729
-22.38 0.174745
-22 0.168861
-21.62 0.163078
-21.24 0.157396
-20.86 0.151814
-20.48 0.146334
-20.1 0.140954
-19.72 0.135675
-19.34 0.130496
-18.96 0.125418
-18.58 0.120441
-18.2 0.115565
-17.82 0.11079
-17.44 0.106115
-17.06 0.101541
-16.68 0.0970683
-16.3 0.0926959
-15.92 0.0884243
-15.54 0.0842534
-15.16 0.0801833
-14.78 0.0762139
-14.4 0.0723454
-14.02 0.0685775
-13.64 0.0649104
-13.26 0.0613441
-12.88 0.0578786
-12.5 0.0545138
-12.12 0.0362568
-11.74 0.017674
-11.36 0.0055645
-10.98 0.000799134
-10.6 1.02287e-05
-10.22 8.83382e-06
-9.84 0.000626889
-9.46 0.00380947
-9.08 0.0104902
-8.7 0.0185977
-8.32 0.0241032
-7.94 0.0240263
-7.56 0.0186305
-7.18 0.0110023
-6.8 0.00463105
-6.42 0.00117967
-6.04 0.000111511
-5.66 1.27806e-07
-5.28 1.35417e-05
-4.9 0.000293837
-4.52 0.00124237
-4.14 0.00270779
-3.76 0.00392964
-3.38 0.00417934
-3 0.00336858
-2.62 0.00204953
-2.24 0.00090348
-1.86 0.000261072
-1.48 3.89007e-05
-1.1 1.38247e-06
-0.72 2.70603e-12
-0.34 1.86206e-07
0.04 3.33709e-08
0.42 1.46329e-05
0.8 0.00012201
1.18 0.000428505
1.56 0.00091797
1.94 0.00135806
2.32 0.00144173
2.7 0.00107826
3.08 0.00051753
3.46 0.00012108
3.84 4.44012e-06
4.22 2.57301e-07
4.6 8.43851e-05
4.98 0.000814496
5.36 0.00312521
5.74 0.00738505
6.12 0.0125035
6.5 0.0161323
6.88 0.0161588
7.26 0.0123915
7.64 0.00688546
8.02 0.00241614
8.4 0.000362594
8.78 3.00322e-06
9.16 1.44335e-05
9.54 0.000748136
9.92 0.00477878
10.3 0.0146212
10.68 0.0293481
11.06 0.0434364
11.44 0.049664
11.82 0.044254
12.2 0.0300019
12.58 0.01047
12.96 0.00225534
13.34 0.000161832
13.72 4.27266e-10
14.1 0.000129806
14.48 0.00238573
14.86 0.013871
15.24 0.0317223
15.62 0.051664
16 0.064198
16.38 0.062255
16.76 0.0466428
17.14 0.0257194
17.52 0.00924309
17.9 0.00155472
18.28 2.75453e-05
18.66 1.36563e-05
19.04 0.0013882
19.42 0.00997717
19.8 0.0317316
20.18 0.0646119
20.56 0.0961525
20.94 0.110303
21.32 0.098834
21.7 0.0678527
22.08 0.0335052
22.46 0.0101751
22.84 0.00119685
23.22 2.76456e-06
23.6 0.000142946
23.98 0.00424124
24.36 0.0226012
24.74 0.0617982
25.12 0.113643
25.5 0.155848
25.88 0.160527
26.26 0.165276
26.64 0.170094
27.02 0.174981
27.4 0.179937
27.78 0.184963
28.16 0.190057
28.54 0.195221
28.92 0.200455
29.3 0.205757
29.68 0.211129
30.06 0.216569
30.44 0.222079
30.82 0.227659
31.2 0.233307
31.58 0.239025
31.96 0.244812
32.34 0.250668
32.72 0.256593
33.1 0.262588
33.48 0.268651
33.86 0.274784
34.24 0.280987
34.62 0.287258
35 0.293599
35.38 0.300008
35.76 0.306488
36.14 0.313036
36.52 0.319653
36.9 0.32634
37.28 0.333096
37.66 0.339921
38.04 0.346815
38.42 0.353779
38.8 0.360812
39.18 0.367914
39.56 0.375085
39.94 0.382325
40.32 0.389635
40.7 0.397014
41.08 0.404462
41.46 0.411979
41.84 0.419566
42.22 0.427221
42.6 0.434946
42.98 0.44274
43.36 0.450604
43.74 0.458536
44.12 0.466538
