-31.5 -3.1764e-07
-31.12 -3.1764e-07
-30.74 -3.1764e-07
-30.36 -3.1764e-07
-29.98 -3.1764e-07
-29.6 -3.1764e-07
-29.22 -3.1764e-07
-28.84 -3.1764e-07
-28.46 -3.1764e-07
-28.08 -3.1764e-07
-27.7 -3.1764e-07
-27.32 -3.1764e-07
-26.94 -3.1764e-07
-26.56 -3.1764e-07
-26.18 -3.1764e-07
-25.8 -3.1764e-07
-25.42 -3.1764e-07
-25.04 -3.1764e-07
-24.66 -3.1764e-07
-24.28 -3.1764e-07
-23.9 -3.1764e-07
-23.52 -3.1764e-07
-23.14 -3.1764e-07
-22.76 -3.1764e-07
-22.38 -3.1764e-07
-22 -3.1764e-07
-21.62 -3.1764e-07
-21.24 -3.1764e-07
-20.86 -3.1764e-07
-20.48 -3.1764e-07
-20.1 -3.1764e-07
-19.72 -3.1764e-07
-19.34 -3.1764e-07
-18.96 -3.1764e-07
-18.58 -3.1764e-07
-18.2 -3.1764e-07
-17.82 -3.1764e-07
-17.44 -3.1764e-07
-17.06 -3.1764e-07
-16.68 -3.1764e-07
-16.3 -3.1764e-07
-15.92 -3.17641e-07
-15.54 -3.17641e-07
-15.16 -3.17641e-07
-14.78 -3.17641e-07
-14.4 -3.17641e-07
-14.02 -3.17641e-07
-13.64 -3.17641e-07
-13.26 -3.17641e-07
-12.88 -3.17641e-07
-12.5 -3.17641e-07
-12.12 -2.91314e-07
-11.74 -2.47323e-07
-11.36 -1.88335e-07
-10.98 -1.17928e-07
-10.6 -4.03707e-08
-10.22 3.96348e-08
-9.84 1.17237e-07
-9.46 1.87731e-07
-9.08 2.46841e-07
-8.7 2.90984e-07
-8.32 3.17484e-07
-7.94 3.24733e-07
-7.56 3.12291e-07
-7.18 2.80914e-07
-6.8 2.32504e-07
-6.42 1.69996e-07
-6.04 9.71796e-08
-5.66 1.84712e-08
-5.28 -6.13573e-08
-4.9 -1.37465e-07
-4.52 -2.05238e-07
-4.14 -2.60566e-07
-3.76 -3.00095e-07
-3.38 -3.21428e-07
-3 -3.2327e-07
-2.62 -3.05511e-07
-2.24 -2.69228e-07
-1.86 -2.1662e-07
-1.48 -1.50877e-07
-1.1 -7.59857e-08
-0.72 3.51303e-09
-0.34 8.27987e-08
0.04 1.57064e-07
0.42 2.21806e-07
0.8 2.73098e-07
1.18 3.07831e-07
1.56 3.23899e-07
1.94 3.20327e-07
2.32 2.97332e-07
2.7 2.56309e-07
3.08 1.99744e-07
3.46 1.31067e-07
3.84 5.44437e-08
4.22 -2.54811e-08
4.6 -1.03861e-07
4.98 -1.75943e-07
5.36 -2.37357e-07
5.74 -2.84379e-07
6.12 -3.14157e-07
6.5 -3.24886e-07
6.88 -3.15916e-07
7.26 -2.87791e-07
7.64 -2.42215e-07
8.02 -1.81952e-07
8.4 -1.10657e-07
8.78 -3.26523e-08
9.16 4.73325e-08
9.54 1.24447e-07
9.92 1.94016e-07
10.3 2.51821e-07
10.68 2.94357e-07
11.06 3.19044e-07
11.44 3.24386e-07
11.82 3.10059e-07
12.2 2.76931e-07
12.58 2.09609e-07
12.96 1.40691e-07
13.34 7.17716e-08
13.72 2.85274e-09
14.1 -6.60662e-08
14.48 -1.34985e-07
14.86 -2.0691e-07
15.24 -2.51254e-07
15.62 -2.80363e-07
16 -2.92472e-07
16.38 -2.86848e-07
16.76 -2.6383e-07
17.14 -2.24815e-07
17.52 -1.72168e-07
17.9 -1.09082e-07
18.28 -3.93812e-08
18.66 3.27071e-08
19.04 1.02812e-07
19.42 1.66683e-07
19.8 2.20447e-07
20.18 2.60845e-07
20.56 2.85426e-07
20.94 2.927e-07
21.32 2.82226e-07
21.7 2.5464e-07
22.08 2.11613e-07
22.46 1.55756e-07
22.84 9.04537e-08
23.22 1.96671e-08
23.6 -5.23121e-08
23.98 -1.21119e-07
24.36 -1.82582e-07
24.74 -2.32975e-07
25.12 -2.6924e-07
25.5 -2.89181e-07
25.88 -2.89181e-07
26.26 -2.89181e-07
26.64 -2.89181e-07
27.02 -2.89181e-07
27.4 -2.89181e-07
27.78 -2.89181e-07
28.16 -2.89181e-07
28.54 -2.89181e-07
28.92 -2.89181e-07
29.3 -2.89181e-07
29.68 -2.89181e-07
30.06 -2.89181e-07
30.44 -2.89181e-07
30.82 -2.89181e-07
31.2 -2.89181e-07
31.58 -2.89181e-07
31.96 -2.89181e-07
32.34 -2.89181e-07
32.72 -2.89181e-07
33.1 -2.89181e-07
33.48 -2.89181e-07
33.86 -2.89181e-07
34.24 -2.89181e-07
34.62 -2.89181e-07
35 -2.89181e-07
35.38 -2.89181e-07
35.76 -2.89181e-07
36.14 -2.8918e-07
36.52 -2.8918e-07
36.9 -2.8918e-07
37.28 -2.8918e-07
37.66 -2.8918e-07
38.04 -2.8918e-07
38.42 -2.8918e-07
38.8 -2.8918e-07
39.18 -2.8918e-07
39.56 -2.8918e-07
39.94 -2.8918e-07
40.32 -2.8918e-07
40.7 -2.8918e-07
41.08 -2.8918e-07
41.46 -2.8918e-07
41.84 -2.8918e-07
42.22 -2.8918e-07
42.6 -2.8918e-07
42.98 -2.8918e-07
43.36 -2.8918e-07
43.74 -2.8918e-07
44.12 -2.8918e-07
