-31.5 -0.588371
-31.12 -0.581274
-30.74 -0.574176
-30.36 -0.567078
-29.98 -0.55998
-29.6 -0.552883
-29.22 -0.545785
-28.84 -0.538687
-28.46 -0.531589
-28.08 -0.524491
-27.7 -0.517394
-27.32 -0.510296
-26.94 -0.503198
-26.56 -0.4961
-26.18 -0.489003
-25.8 -0.481905
-25.42 -0.474807
-25.04 -0.467709
-24.66 -0.460611
-24.28 -0.453514
-23.9 -0.446416
-23.52 -0.439318
-23.14 -0.43222
-22.76 -0.425123
-22.38 -0.418025
-22 -0.410927
-21.62 -0.403829
-21.24 -0.396731
-20.86 -0.389634
-20.48 -0.382536
-20.1 -0.375438
-19.72 -0.36834
-19.34 -0.361242
-18.96 -0.354145
-18.58 -0.347047
-18.2 -0.339949
-17.82 -0.332851
-17.44 -0.325753
-17.06 -0.318656
-16.68 -0.311558
-16.3 -0.30446
-15.92 -0.297362
-15.54 -0.290264
-15.16 -0.283167
-14.78 -0.276069
-14.4 -0.268971
-14.02 -0.261873
-13.64 -0.254775
-13.26 -0.247677
-12.88 -0.24058
-12.5 -0.233482
-12.12 -0.190412
-11.74 -0.132943
-11.36 -0.0745956
-10.98 -0.028269
-10.6 -0.00319823
-10.22 -0.00297217
-9.84 -0.0250378
-9.46 -0.0617209
-9.08 -0.102422
-8.7 -0.136373
-8.32 -0.155252
-7.94 -0.155004
-7.56 -0.136494
-7.18 -0.104892
-6.8 -0.0680518
-6.42 -0.0343464
-6.04 -0.0105599
-5.66 -0.0003575
-5.28 -0.00367991
-4.9 -0.0171417
-4.52 -0.0352473
-4.14 -0.0520365
-3.76 -0.0626869
-3.38 -0.0646478
-3 -0.0580395
-2.62 -0.0452717
-2.24 -0.030058
-1.86 -0.0161577
-1.48 -0.00623704
-1.1 -0.00117578
-0.72 -1.645e-06
-0.34 -0.000431516
0.04 0.000182677
0.42 0.00382529
0.8 0.0110458
1.18 0.0207004
1.56 0.030298
1.94 0.0368519
2.32 0.0379702
2.7 0.0328368
3.08 0.0227493
3.46 0.0110036
3.84 0.00210716
4.22 0.000507248
4.6 0.00918613
4.98 0.0285394
5.36 0.0559036
5.74 0.0859363
6.12 0.111819
6.5 0.127013
6.88 0.127117
7.26 0.111317
7.64 0.0829787
8.02 0.0491543
8.4 0.0190419
8.78 0.00173298
9.16 0.00379914
9.54 0.0273521
9.92 0.0691288
10.3 0.120918
10.68 0.171313
11.06 0.208414
11.44 0.222854
11.82 0.210366
12.2 0.173211
12.58 0.102323
12.96 0.0474904
13.34 0.0127213
13.72 2.06704e-05
14.1 0.0113933
14.48 0.0488439
14.86 0.117775
15.24 0.178108
15.62 0.227297
16 0.253373
16.38 0.24951
16.76 0.215969
17.14 0.160373
17.52 0.096141
17.9 0.03943
18.28 0.00524837
18.66 0.00369544
19.04 0.0372586
19.42 0.0998858
19.8 0.178134
20.18 0.254189
20.56 0.310085
20.94 0.332118
21.32 0.314379
21.7 0.260486
22.08 0.183044
22.46 0.100871
22.84 0.0345955
23.22 0.0016627
23.6 0.011956
23.98 0.0651248
24.36 0.150337
24.74 0.248592
25.12 0.33711
25.5 0.394776
25.88 0.400658
26.26 0.406541
26.64 0.412424
27.02 0.418307
27.4 0.42419
27.78 0.430073
28.16 0.435956
28.54 0.441839
28.92 0.447722
29.3 0.453604
29.68 0.459487
30.06 0.46537
30.44 0.471253
30.82 0.477136
31.2 0.483019
31.58 0.488902
31.96 0.494785
32.34 0.500667
32.72 0.50655
33.1 0.512433
33.48 0.518316
33.86 0.524199
34.24 0.530082
34.62 0.535965
35 0.541847
35.38 0.54773
35.76 0.553613
36.14 0.559496
36.52 0.565379
36.9 0.571262
37.28 0.577145
37.66 0.583027
38.04 0.58891
38.42 0.594793
38.8 0.600676
39.18 0.606559
39.56 0.612442
39.94 0.618325
40.32 0.624207
40.7 0.63009
41.08 0.635973
41.46 0.641856
41.84 0.647739
42.22 0.653622
42.6 0.659504
42.98 0.665387
43.36 0.67127
43.74 0.677153
44.12 0.683036
