-31.5 2.30727e-09
-31.12 2.9141e-09
-30.74 3.68052e-09
-30.36 4.64852e-09
-29.98 5.8711e-09
-29.6 7.41524e-09
-29.22 9.36548e-09
-28.84 1.18286e-08
-28.46 1.49396e-08
-28.08 1.88688e-08
-27.7 2.38315e-08
-27.32 3.00992e-08
-26.94 3.80155e-08
-26.56 4.80138e-08
-26.18 6.06416e-08
-25.8 7.65907e-08
-25.42 9.67345e-08
-25.04 1.22176e-07
-24.66 1.54309e-07
-24.28 1.94893e-07
-23.9 2.46151e-07
-23.52 3.1089e-07
-23.14 3.92656e-07
-22.76 4.95926e-07
-22.38 6.26357e-07
-22 7.91093e-07
-21.62 9.99154e-07
-21.24 1.26194e-06
-20.86 1.59383e-06
-20.48 2.01302e-06
-20.1 2.54245e-06
-19.72 3.21113e-06
-19.34 4.05567e-06
-18.96 5.12234e-06
-18.58 6.46954e-06
-18.2 8.17106e-06
-17.82 1.03201e-05
-17.44 1.30343e-05
-17.06 1.64624e-05
-16.68 2.07921e-05
-16.3 2.62606e-05
-15.92 3.31672e-05
-15.54 4.18904e-05
-15.16 5.29078e-05
-14.78 6.68228e-05
-14.4 8.43975e-05
-14.02 0.000106594
-13.64 0.000134629
-13.26 0.000170038
-12.88 0.000214758
-12.5 0.000271241
-12.12 0.000333735
-11.74 0.000393818
-11.36 0.000451373
-10.98 0.000506029
-10.6 0.000557436
-10.22 0.000605264
-9.84 0.000649205
-9.46 0.000688978
-9.08 0.000724327
-8.7 0.000755025
-8.32 0.000780874
-7.94 0.00080171
-7.56 0.000817398
-7.18 0.000827837
-6.8 0.000832961
-6.42 0.000832736
-6.04 0.000827164
-5.66 0.000816281
-5.28 0.000800157
-4.9 0.000778895
-4.52 0.000752631
-4.14 0.000721534
-3.76 0.000685805
-3.38 0.000645672
-3 0.000601393
-2.62 0.000553253
-2.24 0.00050156
-1.86 0.000446646
-1.48 0.000388865
-1.1 0.000328586
-0.72 0.000266198
-0.34 0.000202101
0.04 0.000136705
0.42 7.04324e-05
0.8 3.70716e-06
1.18 -6.30419e-05
1.56 -0.000129386
1.94 -0.0001949
2.32 -0.000259162
2.7 -0.00032176
3.08 -0.000382291
3.46 -0.000440369
3.84 -0.000495618
4.22 -0.000547685
4.6 -0.000596236
4.98 -0.000640958
5.36 -0.000681564
5.74 -0.000717794
6.12 -0.000749415
6.5 -0.000776224
6.88 -0.000798048
7.26 -0.000814749
7.64 -0.000826218
8.02 -0.000832381
8.4 -0.0008332
8.78 -0.000828669
9.16 -0.000818817
9.54 -0.000803707
9.92 -0.000783437
10.3 -0.000758136
10.68 -0.000727967
11.06 -0.000693124
11.44 -0.00065383
11.82 -0.000610337
12.2 -0.000562926
12.58 -0.000512314
12.96 -0.000479514
13.34 -0.000472976
13.72 -0.000492342
14.1 -0.000538672
14.48 -0.000614504
14.86 -0.000706214
15.24 -0.000793035
15.62 -0.000874763
16 -0.000950875
16.38 -0.00102088
16.76 -0.00108433
17.14 -0.00114082
17.52 -0.00118998
17.9 -0.0012315
18.28 -0.00126512
18.66 -0.00129061
19.04 -0.00130781
19.42 -0.00131662
19.8 -0.00131697
20.18 -0.00130887
20.56 -0.00129236
20.94 -0.00126755
21.32 -0.00123461
21.7 -0.00119373
22.08 -0.00114519
22.46 -0.0010893
22.84 -0.00102642
23.22 -0.00095694
23.6 -0.000881318
23.98 -0.000800038
24.36 -0.00071362
24.74 -0.00062262
25.12 -0.000527623
25.5 -0.000429237
25.88 -0.000339525
26.26 -0.000268823
26.64 -0.000212844
27.02 -0.000168522
27.4 -0.000133429
27.78 -0.000105644
28.16 -8.36452e-05
28.54 -6.62272e-05
28.92 -5.24362e-05
29.3 -4.1517e-05
29.68 -3.28716e-05
30.06 -2.60265e-05
30.44 -2.06068e-05
30.82 -1.63157e-05
31.2 -1.29181e-05
31.58 -1.02281e-05
31.96 -8.09823e-06
32.34 -6.41187e-06
32.72 -5.07668e-06
33.1 -4.01952e-06
33.48 -3.18251e-06
33.86 -2.51979e-06
34.24 -1.99508e-06
34.62 -1.57963e-06
35 -1.25069e-06
35.38 -9.90248e-07
35.76 -7.84041e-07
36.14 -6.20774e-07
36.52 -4.91506e-07
36.9 -3.89156e-07
37.28 -3.08119e-07
37.66 -2.43957e-07
38.04 -1.93156e-07
38.42 -1.52934e-07
38.8 -1.21087e-07
39.18 -9.58722e-08
39.56 -7.5908e-08
39.94 -6.01011e-08
40.32 -4.75858e-08
40.7 -3.76767e-08
41.08 -2.9831e-08
41.46 -2.3619e-08
41.84 -1.87007e-08
42.22 -1.48065e-08
42.6 -1.17232e-08
42.98 -9.282e-09
43.36 -7.34914e-09
43.74 -5.81877e-09
44.12 -4.60709e-09
