-31.5 -7.2231e-12
-31.12 -1.13832e-11
-30.74 -1.79365e-11
-30.36 -2.82583e-11
-29.98 -4.45129e-11
-29.6 -7.01061e-11
-29.22 -1.10396e-10
-28.84 -1.73812e-10
-28.46 -2.73609e-10
-28.08 -4.30628e-10
-27.7 -6.77634e-10
-27.32 -1.06612e-09
-26.94 -1.677e-09
-26.56 -2.63739e-09
-26.18 -4.14692e-09
-25.8 -6.51908e-09
-25.42 -1.0246e-08
-25.04 -1.60998e-08
-24.66 -2.52924e-08
-24.28 -3.97243e-08
-23.9 -6.23757e-08
-23.52 -9.79186e-08
-23.14 -1.53674e-07
-22.76 -2.41113e-07
-22.38 -3.78198e-07
-22 -5.9305e-07
-21.62 -9.29683e-07
-21.24 -1.45695e-06
-20.86 -2.28252e-06
-20.48 -3.5747e-06
-20.1 -5.59649e-06
-19.72 -8.75865e-06
-19.34 -1.37024e-05
-18.96 -2.14284e-05
-18.58 -3.34971e-05
-18.2 -5.23411e-05
-17.82 -8.17503e-05
-17.44 -0.000127626
-17.06 -0.00019915
-16.68 -0.000310605
-16.3 -0.000484183
-15.92 -0.000754355
-15.54 -0.00117461
-15.16 -0.0018279
-14.78 -0.00284274
-14.4 -0.00441811
-14.02 -0.0068617
-13.64 -0.010649
-13.26 -0.0165138
-12.88 -0.0255876
-12.5 -0.0396127
-12.12 -0.0581459
-11.74 -0.0784284
-11.36 -0.0996926
-10.98 -0.121106
-10.6 -0.141876
-10.22 -0.16127
-9.84 -0.178638
-9.46 -0.193427
-9.08 -0.205196
-8.7 -0.213627
-8.32 -0.218524
-7.94 -0.219821
-7.56 -0.217572
-7.18 -0.211948
-6.8 -0.203223
-6.42 -0.191763
-6.04 -0.178006
-5.66 -0.162447
-5.28 -0.145612
-4.9 -0.128046
-4.52 -0.110285
-4.14 -0.0928387
-3.76 -0.0761734
-3.38 -0.0606953
-3 -0.0467361
-2.62 -0.0345432
-2.24 -0.0242721
-1.86 -0.0159829
-1.48 -0.00963992
-1.1 -0.00511571
-0.72 -0.00219764
-0.34 -0.000598176
0.04 3.21993e-05
0.42 8.97447e-05
0.8 4.73574e-07
1.18 0.000202002
1.56 0.0011249
1.94 0.00317423
2.32 0.00671188
2.7 0.0120404
3.08 0.0193889
3.46 0.0289017
3.84 0.0406294
4.22 0.0545242
4.6 0.0704382
4.98 0.0881257
5.36 0.107249
5.74 0.127387
6.12 0.148051
6.5 0.168695
6.88 0.188739
7.26 0.207586
7.64 0.224645
8.02 0.23935
8.4 0.251184
8.78 0.259699
9.16 0.264535
9.54 0.265435
9.92 0.262261
10.3 0.255003
10.68 0.243786
11.06 0.228871
11.44 0.210654
11.82 0.189658
12.2 0.166524
12.58 0.142222
12.96 0.128358
13.34 0.128543
13.72 0.143253
14.1 0.176231
14.48 0.235523
14.86 0.319232
15.24 0.412842
15.62 0.514845
16 0.623133
16.38 0.735323
16.76 0.848813
17.14 0.960857
17.52 1.06863
17.9 1.16934
18.28 1.26024
18.66 1.3388
19.04 1.40273
19.42 1.45005
19.8 1.47922
20.18 1.48911
20.56 1.47912
20.94 1.44918
21.32 1.39978
21.7 1.33195
22.08 1.2473
22.46 1.14795
22.84 1.03647
23.22 0.915895
23.6 0.789572
23.98 0.661126
24.36 0.53435
24.74 0.413105
25.12 0.301218
25.5 0.202371
25.88 0.128506
26.26 0.0817415
26.64 0.0519843
27.02 0.0330531
27.4 0.021012
27.78 0.0133549
28.16 0.00848651
28.54 0.00539188
28.92 0.00342511
29.3 0.00217537
29.68 0.0013814
30.06 0.000877071
30.44 0.000556775
30.82 0.000353393
31.2 0.000224269
31.58 0.000142304
31.96 9.0282e-05
32.34 5.72696e-05
32.72 3.63235e-05
33.1 2.30352e-05
33.48 1.46063e-05
33.86 9.26041e-06
34.24 5.87039e-06
34.62 3.72092e-06
35 2.3582e-06
35.38 1.49438e-06
35.76 9.46868e-07
36.14 5.99888e-07
36.52 3.80016e-07
36.9 2.40706e-07
37.28 1.5245e-07
37.66 9.65431e-08
38.04 6.11324e-08
38.42 3.8706e-08
38.8 2.45043e-08
39.18 1.55119e-08
39.56 9.81852e-09
39.94 6.21423e-09
40.32 3.93269e-09
40.7 2.48859e-09
41.08 1.57463e-09
41.46 9.96249e-10
41.84 6.3026e-10
42.22 3.98691e-10
42.6 2.52184e-10
42.98 1.59501e-10
43.36 1.00873e-10
43.74 6.37905e-11
44.12 4.03369e-11
