-31.5 5.21732e-23
-31.12 1.29576e-22
-30.74 3.21717e-22
-30.36 7.98529e-22
-29.98 1.9814e-21
-29.6 4.91487e-21
-29.22 1.21873e-20
-28.84 3.02106e-20
-28.46 7.48617e-20
-28.08 1.8544e-19
-27.7 4.59188e-19
-27.32 1.13661e-18
-26.94 2.81233e-18
-26.56 6.95582e-18
-26.18 1.7197e-17
-25.8 4.24984e-17
-25.42 1.0498e-16
-25.04 2.59205e-16
-24.66 6.39706e-16
-24.28 1.57802e-15
-23.9 3.89073e-15
-23.52 9.58805e-15
-23.14 2.36158e-14
-22.76 5.81355e-14
-22.38 1.43033e-13
-22 3.51709e-13
-21.62 8.6431e-13
-21.24 2.1227e-12
-20.86 5.20988e-12
-20.48 1.27785e-11
-20.1 3.13208e-11
-19.72 7.6714e-11
-19.34 1.87756e-10
-18.96 4.59175e-10
-18.58 1.12205e-09
-18.2 2.73959e-09
-17.82 6.6831e-09
-17.44 1.62883e-08
-17.06 3.96608e-08
-16.68 9.64754e-08
-16.3 2.34434e-07
-15.92 5.69051e-07
-15.54 1.37971e-06
-15.16 3.34122e-06
-14.78 8.08119e-06
-14.4 1.95197e-05
-14.02 4.70829e-05
-13.64 0.000113401
-13.26 0.000272707
-12.88 0.000654728
-12.5 0.00156917
-12.12 0.00338095
-11.74 0.00615101
-11.36 0.00993862
-10.98 0.0146668
-10.6 0.0201289
-10.22 0.0260081
-9.84 0.0319115
-9.46 0.0374138
-9.08 0.0421055
-8.7 0.0456364
-8.32 0.0477529
-7.94 0.0483213
-7.56 0.0473376
-7.18 0.0449218
-6.8 0.0412995
-6.42 0.036773
-6.04 0.0316862
-5.66 0.0263889
-5.28 0.021203
-4.9 0.0163959
-4.52 0.0121628
-4.14 0.00861902
-3.76 0.00580239
-3.38 0.00368392
-3 0.00218426
-2.62 0.00119323
-2.24 0.000589136
-1.86 0.000255452
-1.48 9.2928e-05
-1.1 2.61705e-05
-0.72 4.82963e-06
-0.34 3.57814e-07
0.04 1.03679e-09
0.42 8.05412e-09
0.8 2.24272e-13
1.18 4.08047e-08
1.56 1.2654e-06
1.94 1.00757e-05
2.32 4.50493e-05
2.7 0.000144971
3.08 0.000375931
3.46 0.000835308
3.84 0.00165075
4.22 0.00297288
4.6 0.00496154
4.98 0.00776613
5.36 0.0115023
5.74 0.0162275
6.12 0.021919
6.5 0.0284579
6.88 0.0356224
7.26 0.043092
7.64 0.0504654
8.02 0.0572884
8.4 0.0630935
8.78 0.0674438
9.16 0.0699789
9.54 0.0704558
9.92 0.0687809
10.3 0.0650266
10.68 0.0594316
11.06 0.0523819
11.44 0.0443751
11.82 0.0359703
12.2 0.0277303
12.58 0.0202271
12.96 0.0164757
13.34 0.0165233
13.72 0.0205213
14.1 0.0310574
14.48 0.055471
14.86 0.101909
15.24 0.170438
15.62 0.265065
16 0.388295
16.38 0.540699
16.76 0.720484
17.14 0.923246
17.52 1.14198
17.9 1.36734
18.28 1.5882
18.66 1.79238
19.04 1.96764
19.42 2.10266
19.8 2.18809
20.18 2.21745
20.56 2.1878
20.94 2.10013
21.32 1.95937
21.7 1.77409
22.08 1.55576
22.46 1.31778
22.84 1.07428
23.22 0.838864
23.6 0.623424
23.98 0.437088
24.36 0.28553
24.74 0.170656
25.12 0.0907323
25.5 0.0409542
25.88 0.0165137
26.26 0.00668167
26.64 0.00270236
27.02 0.00109251
27.4 0.000441505
27.78 0.000178352
28.16 7.20209e-05
28.54 2.90724e-05
28.92 1.17314e-05
29.3 4.73225e-06
29.68 1.90827e-06
30.06 7.69253e-07
30.44 3.09999e-07
30.82 1.24886e-07
31.2 5.02966e-08
31.58 2.02504e-08
31.96 8.15084e-09
32.34 3.27981e-09
32.72 1.31939e-09
33.1 5.3062e-10
33.48 2.13343e-10
33.86 8.57552e-11
34.24 3.44614e-11
34.62 1.38452e-11
35 5.56111e-12
35.38 2.23316e-12
35.76 8.96559e-13
36.14 3.59865e-13
36.52 1.44412e-13
36.9 5.79396e-14
37.28 2.3241e-14
37.66 9.32057e-15
38.04 3.73717e-15
38.42 1.49815e-15
38.8 6.0046e-16
39.18 2.40618e-16
39.56 9.64033e-17
39.94 3.86167e-17
40.32 1.54661e-17
40.7 6.19308e-18
41.08 2.47947e-18
41.46 9.92512e-19
41.84 3.97228e-19
42.22 1.58954e-19
42.6 6.35967e-20
42.98 2.54406e-20
43.36 1.01754e-20
43.74 4.06923e-21
44.12 1.62706e-21
