-31.5 -1.59263e-11
-31.12 -2.49647e-11
-30.74 -3.91266e-11
-30.36 -6.1313e-11
-29.98 -9.6065e-11
-29.6 -1.5049e-10
-29.22 -2.35711e-10
-28.84 -3.69128e-10
-28.46 -5.77961e-10
-28.08 -9.04781e-10
-27.7 -1.41615e-09
-27.32 -2.21611e-09
-26.94 -3.4673e-09
-26.56 -5.42381e-09
-26.18 -8.4826e-09
-25.8 -1.32636e-08
-25.42 -2.07348e-08
-25.04 -3.24072e-08
-24.66 -5.06387e-08
-24.28 -7.91081e-08
-23.9 -1.23553e-07
-23.52 -1.92919e-07
-23.14 -3.0115e-07
-22.76 -4.69975e-07
-22.38 -7.33238e-07
-22 -1.14364e-06
-21.62 -1.78322e-06
-21.24 -2.77963e-06
-20.86 -4.33141e-06
-20.48 -6.74726e-06
-20.1 -1.05069e-05
-19.72 -1.63557e-05
-19.34 -2.54508e-05
-18.96 -3.95882e-05
-18.58 -6.1554e-05
-18.2 -9.56675e-05
-17.82 -0.000148622
-17.44 -0.000230783
-17.06 -0.000358195
-16.68 -0.000555673
-16.3 -0.000861575
-15.92 -0.00133515
-15.54 -0.00206786
-15.16 -0.00320076
-14.78 -0.0049512
-14.4 -0.00765387
-14.02 -0.0118236
-13.64 -0.0182515
-13.26 -0.028152
-12.88 -0.0433875
-12.5 -0.06681
-12.12 -0.0975608
-11.74 -0.13076
-11.36 -0.165074
-10.98 -0.199014
-10.6 -0.231188
-10.22 -0.260337
-9.84 -0.285386
-9.46 -0.305463
-9.08 -0.319933
-8.7 -0.328402
-8.32 -0.330722
-7.94 -0.326989
-7.56 -0.317521
-7.18 -0.30284
-6.8 -0.283637
-6.42 -0.26074
-6.04 -0.23507
-5.66 -0.207602
-5.28 -0.17932
-4.9 -0.151173
-4.52 -0.124041
-4.14 -0.0986965
-3.76 -0.0757745
-3.38 -0.0557523
-3 -0.0389326
-2.62 -0.0254369
-2.24 -0.0152061
-1.86 -0.00800896
-1.48 -0.00345895
-1.1 -0.0010366
-0.72 -0.000118272
-0.34 -9.06255e-06
0.04 2.13494e-05
0.42 0.000701396
0.8 0.00272053
1.18 0.00669389
1.56 0.0131303
1.94 0.0224049
2.32 0.0347376
2.7 0.0501786
3.08 0.0686012
3.46 0.0897025
3.84 0.113012
4.22 0.13791
4.6 0.163647
4.98 0.189379
5.36 0.214198
5.74 0.237173
6.12 0.257394
6.5 0.274007
6.88 0.286261
7.26 0.293543
7.64 0.295413
8.02 0.291629
8.4 0.28217
8.78 0.267249
9.16 0.247314
9.54 0.223042
9.92 0.195326
10.3 0.16525
10.68 0.134053
11.06 0.103095
11.44 0.0738035
11.82 0.0476275
12.2 0.0259819
12.58 0.0101382
12.96 0.00172498
13.34 0.000294329
13.72 0.00615623
14.1 0.0212285
14.48 0.049549
14.86 0.094123
15.24 0.152189
15.62 0.223092
16 0.305463
16.38 0.397477
16.76 0.496896
17.14 0.601135
17.52 0.707335
17.9 0.812451
18.28 0.913353
18.66 1.00693
19.04 1.09019
19.42 1.16037
19.8 1.21505
20.18 1.25224
20.56 1.27044
20.94 1.26874
21.32 1.24684
21.7 1.20513
22.08 1.14462
22.46 1.06701
22.84 0.974602
23.22 0.870252
23.6 0.757306
23.98 0.639494
24.36 0.520819
24.74 0.405437
25.12 0.297521
25.5 0.201128
25.88 0.128268
26.26 0.082029
26.64 0.0524475
27.02 0.0335269
27.4 0.0214277
27.78 0.0136923
28.16 0.00874768
28.54 0.00558768
28.92 0.00356856
29.3 0.00227866
29.68 0.00145477
30.06 0.000928616
30.44 0.000592665
30.82 0.000378194
31.2 0.000241298
31.58 0.000153932
31.96 9.81842e-05
32.34 6.2617e-05
32.72 3.99285e-05
33.1 2.54575e-05
33.48 1.62289e-05
33.86 1.03445e-05
34.24 6.59285e-06
34.62 4.2013e-06
35 2.67696e-06
35.38 1.70549e-06
35.76 1.08644e-06
36.14 6.92014e-07
36.52 4.40732e-07
36.9 2.80665e-07
37.28 1.78712e-07
37.66 1.13783e-07
38.04 7.2436e-08
38.42 4.61093e-08
38.8 2.93481e-08
39.18 1.8678e-08
39.56 1.18861e-08
39.94 7.56326e-09
40.32 4.81215e-09
40.7 3.06147e-09
41.08 1.94753e-09
41.46 1.2388e-09
41.84 7.87916e-10
42.22 5.01099e-10
42.6 3.18664e-10
42.98 2.02632e-10
43.36 1.28839e-10
43.74 8.19133e-11
44.12 5.20749e-11
