-31.5 2.53646e-22
-31.12 6.23234e-22
-30.74 1.53089e-21
-30.36 3.75929e-21
-29.98 9.22849e-21
-29.6 2.26473e-20
-29.22 5.55595e-20
-28.84 1.36255e-19
-28.46 3.34039e-19
-28.08 8.18629e-19
-27.7 2.00548e-18
-27.32 4.91117e-18
-26.94 1.20222e-17
-26.56 2.94178e-17
-26.18 7.19545e-17
-25.8 1.75923e-16
-25.42 4.29932e-16
-25.04 1.05023e-15
-24.66 2.56428e-15
-24.28 6.25808e-15
-23.9 1.52653e-14
-23.52 3.72176e-14
-23.14 9.06914e-14
-22.76 2.20876e-13
-22.38 5.37638e-13
-22 1.30792e-12
-21.62 3.17988e-12
-21.24 7.72634e-12
-20.86 1.87611e-11
-20.48 4.55255e-11
-20.1 1.10396e-10
-19.72 2.67509e-10
-19.34 6.47744e-10
-18.96 1.56723e-09
-18.58 3.78889e-09
-18.2 9.15226e-09
-17.82 2.20885e-08
-17.44 5.3261e-08
-17.06 1.28304e-07
-16.68 3.08772e-07
-16.3 7.42312e-07
-15.92 1.78264e-06
-15.54 4.27606e-06
-15.16 1.02448e-05
-14.78 2.45144e-05
-14.4 5.85817e-05
-14.02 0.000139797
-13.64 0.000333116
-13.26 0.000792536
-12.88 0.00188247
-12.5 0.00446357
-12.12 0.0095181
-11.74 0.0170982
-11.36 0.0272493
-10.98 0.0396068
-10.6 0.0534478
-10.22 0.0677756
-9.84 0.081445
-9.46 0.0933079
-9.08 0.102357
-8.7 0.107848
-8.32 0.109377
-7.94 0.106921
-7.56 0.100819
-7.18 0.0917118
-6.8 0.0804499
-6.42 0.0679852
-6.04 0.055258
-5.66 0.0430987
-5.28 0.0321555
-4.9 0.0228533
-4.52 0.0153862
-4.14 0.009741
-3.76 0.00574178
-3.38 0.00310832
-3 0.00151575
-2.62 0.000647038
-2.24 0.000231224
-1.86 6.41435e-05
-1.48 1.19643e-05
-1.1 1.07453e-06
-0.72 1.39882e-08
-0.34 8.21299e-11
0.04 4.55796e-10
0.42 4.91957e-07
0.8 7.40127e-06
1.18 4.48081e-05
1.56 0.000172404
1.94 0.000501978
2.32 0.0012067
2.7 0.00251789
3.08 0.00470612
3.46 0.00804654
3.84 0.0127718
4.22 0.0190192
4.6 0.0267804
4.98 0.0358643
5.36 0.0458806
5.74 0.0562512
6.12 0.0662516
6.5 0.0750798
6.88 0.0819454
7.26 0.0861677
7.64 0.0872688
8.02 0.0850473
8.4 0.07962
8.78 0.0714221
9.16 0.061164
9.54 0.0497475
9.92 0.0381522
10.3 0.0273074
10.68 0.0179703
11.06 0.0106286
11.44 0.00544696
11.82 0.00226838
12.2 0.000675061
12.58 0.000102783
12.96 2.97555e-06
13.34 8.66294e-08
13.72 3.78991e-05
14.1 0.000450648
14.48 0.00245511
14.86 0.00885915
15.24 0.0231614
15.62 0.0497699
16 0.0933076
16.38 0.157988
16.76 0.246906
17.14 0.361364
17.52 0.500323
17.9 0.660077
18.28 0.834214
18.66 1.0139
19.04 1.18851
19.42 1.34646
19.8 1.47636
20.18 1.56811
20.56 1.61402
20.94 1.60969
21.32 1.55462
21.7 1.45233
22.08 1.31016
22.46 1.13852
22.84 0.94985
23.22 0.757339
23.6 0.573513
23.98 0.408952
24.36 0.271252
24.74 0.164379
25.12 0.0885185
25.5 0.0404523
25.88 0.0164528
26.26 0.00672876
26.64 0.00275074
27.02 0.00112405
27.4 0.000459147
27.78 0.000187478
28.16 7.65219e-05
28.54 3.12222e-05
28.92 1.27346e-05
29.3 5.19231e-06
29.68 2.11635e-06
30.06 8.62329e-07
30.44 3.51252e-07
30.82 1.43031e-07
31.2 5.82249e-08
31.58 2.36951e-08
31.96 9.64013e-09
32.34 3.92089e-09
32.72 1.59428e-09
33.1 6.48082e-10
33.48 2.63378e-10
33.86 1.07008e-10
34.24 4.34656e-11
34.62 1.76509e-11
35 7.16613e-12
35.38 2.9087e-12
35.76 1.18036e-12
36.14 4.78883e-13
36.52 1.94245e-13
36.9 7.87727e-14
37.28 3.19381e-14
37.66 1.29465e-14
38.04 5.24697e-15
38.42 2.12607e-15
38.8 8.61313e-16
39.18 3.48868e-16
39.56 1.4128e-16
39.94 5.72029e-17
40.32 2.31568e-17
40.7 9.37261e-18
41.08 3.79287e-18
41.46 1.53462e-18
41.84 6.20812e-19
42.22 2.51101e-19
42.6 1.01547e-19
42.98 4.10595e-20
43.36 1.65995e-20
43.74 6.70978e-21
44.12 2.71179e-21
