-31.5 -3.92835e-09
-31.12 -4.94825e-09
-30.74 -6.23294e-09
-30.36 -7.85117e-09
-29.98 -9.88953e-09
-29.6 -1.24571e-08
-29.22 -1.56913e-08
-28.84 -1.97651e-08
-28.46 -2.48966e-08
-28.08 -3.13604e-08
-27.7 -3.95024e-08
-27.32 -4.97582e-08
-26.94 -6.26766e-08
-26.56 -7.89491e-08
-26.18 -9.94462e-08
-25.8 -1.25265e-07
-25.42 -1.57787e-07
-25.04 -1.98752e-07
-24.66 -2.50353e-07
-24.28 -3.15351e-07
-23.9 -3.97224e-07
-23.52 -5.00354e-07
-23.14 -6.30258e-07
-22.76 -7.93889e-07
-22.38 -1e-06
-22 -1.25963e-06
-21.62 -1.58666e-06
-21.24 -1.9986e-06
-20.86 -2.51748e-06
-20.48 -3.17108e-06
-20.1 -3.99437e-06
-19.72 -5.03141e-06
-19.34 -6.33769e-06
-18.96 -7.98312e-06
-18.58 -1.00557e-05
-18.2 -1.26665e-05
-17.82 -1.5955e-05
-17.44 -2.00973e-05
-17.06 -2.53151e-05
-16.68 -3.18875e-05
-16.3 -4.01663e-05
-15.92 -5.05944e-05
-15.54 -6.373e-05
-15.16 -8.02759e-05
-14.78 -0.000101118
-14.4 -0.00012737
-14.02 -0.000160439
-13.64 -0.000202093
-13.26 -0.000254561
-12.88 -0.000320651
-12.5 -0.0004039
-12.12 -0.000495673
-11.74 -0.000583058
-11.36 -0.000665976
-10.98 -0.000743789
-10.6 -0.000815902
-10.22 -0.000881762
-9.84 -0.000940865
-9.46 -0.000992756
-9.08 -0.00103704
-8.7 -0.00107338
-8.32 -0.00110148
-7.94 -0.00112115
-7.56 -0.00113223
-7.18 -0.00113463
-6.8 -0.00112833
-6.42 -0.00111338
-6.04 -0.00108991
-5.66 -0.00105808
-5.28 -0.00101814
-4.9 -0.000970393
-4.52 -0.000915214
-4.14 -0.00085302
-3.76 -0.000784289
-3.38 -0.000709548
-3 -0.000629368
-2.62 -0.000544365
-2.24 -0.00045519
-1.86 -0.000362527
-1.48 -0.000267085
-1.1 -0.000169597
-0.72 -7.08081e-05
-0.34 2.8523e-05
0.04 0.000127635
0.42 0.00022577
0.8 0.000322174
1.18 0.000416109
1.56 0.000506855
1.94 0.000593716
2.32 0.000676027
2.7 0.000753158
3.08 0.000824516
3.46 0.000889555
3.84 0.000947777
4.22 0.000998735
4.6 0.00104204
4.98 0.00107736
5.36 0.00110442
5.74 0.00112302
6.12 0.00113301
6.5 0.00113431
6.88 0.00112693
7.26 0.0011109
7.64 0.00108637
8.02 0.00105351
8.4 0.00101257
8.78 0.000963872
9.16 0.000907789
9.54 0.000844748
9.92 0.000775234
10.3 0.000699778
10.68 0.000618959
11.06 0.000533396
11.44 0.000443746
11.82 0.000350694
12.2 0.000254956
12.58 0.000156837
12.96 6.37379e-05
13.34 -2.59506e-05
13.72 -0.000117028
14.1 -0.000214367
14.48 -0.000323178
14.86 -0.000439691
15.24 -0.000552087
15.62 -0.000660252
16 -0.000763357
16.38 -0.000860612
16.76 -0.000951271
17.14 -0.00103464
17.52 -0.00111008
17.9 -0.00117701
18.28 -0.00123492
18.66 -0.00128337
19.04 -0.00132198
19.42 -0.00135046
19.8 -0.00136859
20.18 -0.00137623
20.56 -0.00137333
20.94 -0.0013599
21.32 -0.00133604
21.7 -0.00130195
22.08 -0.00125788
22.46 -0.00120417
22.84 -0.00114123
23.22 -0.00106955
23.6 -0.000989666
23.98 -0.000902199
24.36 -0.000807818
24.74 -0.000707246
25.12 -0.000601253
25.5 -0.000490653
25.88 -0.000388943
26.26 -0.000308777
26.64 -0.000245134
27.02 -0.000194609
27.4 -0.000154497
27.78 -0.000122654
28.16 -9.7373e-05
28.54 -7.73032e-05
28.92 -6.137e-05
29.3 -4.87209e-05
29.68 -3.86789e-05
30.06 -3.07066e-05
30.44 -2.43776e-05
30.82 -1.93531e-05
31.2 -1.53641e-05
31.58 -1.21974e-05
31.96 -9.68336e-06
32.34 -7.68749e-06
32.72 -6.103e-06
33.1 -4.84509e-06
33.48 -3.84646e-06
33.86 -3.05365e-06
34.24 -2.42426e-06
34.62 -1.92458e-06
35 -1.5279e-06
35.38 -1.21298e-06
35.76 -9.62971e-07
36.14 -7.6449e-07
36.52 -6.06919e-07
36.9 -4.81825e-07
37.28 -3.82515e-07
37.66 -3.03673e-07
38.04 -2.41082e-07
38.42 -1.91392e-07
38.8 -1.51944e-07
39.18 -1.20626e-07
39.56 -9.57636e-08
39.94 -7.60255e-08
40.32 -6.03556e-08
40.7 -4.79156e-08
41.08 -3.80395e-08
41.46 -3.01991e-08
41.84 -2.39747e-08
42.22 -1.90332e-08
42.6 -1.51102e-08
42.98 -1.19958e-08
43.36 -9.5233e-09
43.74 -7.56043e-09
44.12 -6.00213e-09
