-31.5 -1.83827e-12
-31.12 -2.95434e-12
-30.74 -4.74731e-12
-30.36 -7.62724e-12
-29.98 -1.22523e-11
-29.6 -1.96789e-11
-29.22 -3.16018e-11
-28.84 -5.07399e-11
-28.46 -8.14537e-11
-28.08 -1.30736e-10
-27.7 -2.09797e-10
-27.32 -3.36607e-10
-26.94 -5.39961e-10
-26.56 -8.65994e-10
-26.18 -1.3886e-09
-25.8 -2.22613e-09
-25.42 -3.56803e-09
-25.04 -5.71755e-09
-24.66 -9.1599e-09
-24.28 -1.46713e-08
-23.9 -2.34931e-08
-23.52 -3.76098e-08
-23.14 -6.01935e-08
-22.76 -9.6312e-08
-22.38 -1.5406e-07
-22 -2.46363e-07
-21.62 -3.93849e-07
-21.24 -6.29435e-07
-20.86 -1.00562e-06
-20.48 -1.60609e-06
-20.1 -2.56424e-06
-19.72 -4.09253e-06
-19.34 -6.52926e-06
-18.96 -1.04128e-05
-18.58 -1.65996e-05
-18.2 -2.64512e-05
-17.82 -4.21312e-05
-17.44 -6.70756e-05
-17.06 -0.000106738
-16.68 -0.000169769
-16.3 -0.000269881
-15.92 -0.000428795
-15.54 -0.000680894
-15.16 -0.00108056
-14.78 -0.00171375
-14.4 -0.00271617
-14.02 -0.00430195
-13.64 -0.00680853
-13.26 -0.0107673
-12.88 -0.0170137
-12.5 -0.0268606
-12.12 -0.0405274
-11.74 -0.0551814
-11.36 -0.0712054
-10.98 -0.0882378
-10.6 -0.105919
-10.22 -0.123895
-9.84 -0.14182
-9.46 -0.15936
-9.08 -0.176197
-8.7 -0.192033
-8.32 -0.206586
-7.94 -0.219603
-7.56 -0.230853
-7.18 -0.240133
-6.8 -0.247271
-6.42 -0.252124
-6.04 -0.25458
-5.66 -0.254561
-5.28 -0.252021
-4.9 -0.246944
-4.52 -0.239351
-4.14 -0.22929
-3.76 -0.216841
-3.38 -0.202115
-3 -0.185249
-2.62 -0.166406
-2.24 -0.145773
-1.86 -0.123558
-1.48 -0.099989
-1.1 -0.0753083
-0.72 -0.0497727
-0.34 -0.0236489
0.04 0.00278957
0.42 0.0292651
0.8 0.0554997
1.18 0.0812179
1.56 0.10615
1.94 0.130036
2.32 0.152627
2.7 0.17369
3.08 0.19301
3.46 0.210392
3.84 0.225663
4.22 0.238677
4.6 0.249314
4.98 0.257484
5.36 0.263126
5.74 0.266211
6.12 0.26674
6.5 0.264751
6.88 0.26031
7.26 0.253517
7.64 0.244507
8.02 0.233441
8.4 0.220513
8.78 0.205945
9.16 0.189986
9.54 0.172907
9.92 0.155003
10.3 0.136588
10.68 0.117994
11.06 0.0995635
11.44 0.0816512
11.82 0.0646179
12.2 0.0488281
12.58 0.0337824
12.96 0.0235664
13.34 0.0172896
13.72 0.0136143
14.1 0.0117556
14.48 0.0113244
14.86 0.011424
15.24 0.0114769
15.62 0.0114798
16 0.0114317
16.38 0.0113324
16.76 0.0111821
17.14 0.0109814
17.52 0.0107315
17.9 0.010434
18.28 0.0100911
18.66 0.00970528
19.04 0.00927971
19.42 0.00881787
19.8 0.00832373
20.18 0.00780164
20.56 0.00725634
20.94 0.0066929
21.32 0.0061167
21.7 0.00553338
22.08 0.00494882
22.46 0.00436905
22.84 0.00380025
23.22 0.00324866
23.6 0.00272055
23.98 0.00222218
24.36 0.00175969
24.74 0.00133912
25.12 0.000966291
25.5 0.000646801
25.88 0.000393116
26.26 0.000245205
26.64 0.000152914
27.02 9.53401e-05
27.4 5.94318e-05
27.78 3.70406e-05
28.16 2.30811e-05
28.54 1.43799e-05
28.92 8.95732e-06
29.3 5.5786e-06
29.68 3.47376e-06
30.06 2.16273e-06
30.44 1.34628e-06
30.82 8.37918e-07
31.2 5.21437e-07
31.58 3.24442e-07
31.96 2.01841e-07
32.34 1.25551e-07
32.72 7.80857e-08
33.1 4.85584e-08
33.48 3.01925e-08
33.86 1.87706e-08
34.24 1.16682e-08
34.62 7.25228e-09
35 4.50706e-09
35.38 2.80067e-09
35.76 1.74012e-09
36.14 1.08105e-09
36.52 6.71534e-10
36.9 4.17101e-10
37.28 2.59041e-10
37.66 1.60861e-10
38.04 9.98824e-11
38.42 6.20131e-11
38.8 3.84978e-11
39.18 2.38972e-11
39.56 1.48326e-11
39.94 9.20547e-12
40.32 5.71263e-12
40.7 3.54477e-12
41.08 2.19939e-12
41.46 1.36452e-12
41.84 8.46484e-13
42.22 5.25077e-13
42.6 3.25681e-13
42.98 2.01989e-13
43.36 1.25264e-13
43.74 7.76775e-14
44.12 4.81648e-14
