-31.5 1.18194e-09
-31.12 1.5075e-09
-30.74 1.92273e-09
-30.36 2.45233e-09
-29.98 3.12781e-09
-29.6 3.98934e-09
-29.22 5.08817e-09
-28.84 6.48967e-09
-28.46 8.27721e-09
-28.08 1.05571e-08
-27.7 1.3465e-08
-27.32 1.71738e-08
-26.94 2.19042e-08
-26.56 2.79376e-08
-26.18 3.56328e-08
-25.8 4.54476e-08
-25.42 5.79659e-08
-25.04 7.39322e-08
-24.66 9.42963e-08
-24.28 1.2027e-07
-23.9 1.53397e-07
-23.52 1.95649e-07
-23.14 2.49539e-07
-22.76 3.18273e-07
-22.38 4.05939e-07
-22 5.17752e-07
-21.62 6.60364e-07
-21.24 8.42256e-07
-20.86 1.07425e-06
-20.48 1.37014e-06
-20.1 1.74754e-06
-19.72 2.22889e-06
-19.34 2.84282e-06
-18.96 3.62586e-06
-18.58 4.62457e-06
-18.2 5.89838e-06
-17.82 7.52305e-06
-17.44 9.59522e-06
-17.06 1.22382e-05
-16.68 1.56091e-05
-16.3 1.99085e-05
-15.92 2.53921e-05
-15.54 3.23862e-05
-15.16 4.13068e-05
-14.78 5.26844e-05
-14.4 6.7196e-05
-14.02 8.57047e-05
-13.64 0.000109311
-13.26 0.00013942
-12.88 0.000177823
-12.5 0.000226803
-12.12 0.000282924
-11.74 0.000335435
-11.36 0.000387358
-10.98 0.000438604
-10.6 0.00048908
-10.22 0.0005387
-9.84 0.000587376
-9.46 0.000635023
-9.08 0.000681558
-8.7 0.000726899
-8.32 0.000770966
-7.94 0.000813682
-7.56 0.000854973
-7.18 0.000894767
-6.8 0.000932992
-6.42 0.000969584
-6.04 0.00100448
-5.66 0.00103761
-5.28 0.00106892
-4.9 0.00109837
-4.52 0.00112589
-4.14 0.00115143
-3.76 0.00117496
-3.38 0.00119643
-3 0.0012158
-2.62 0.00123305
-2.24 0.00124813
-1.86 0.00126103
-1.48 0.00127172
-1.1 0.00128018
-0.72 0.0012864
-0.34 0.00129036
0.04 0.00129207
0.42 0.00129151
0.8 0.00128868
1.18 0.0012836
1.56 0.00127627
1.94 0.00126671
2.32 0.00125493
2.7 0.00124094
3.08 0.00122479
3.46 0.00120649
3.84 0.00118607
4.22 0.00116358
4.6 0.00113904
4.98 0.00111252
5.36 0.00108404
5.74 0.00105367
6.12 0.00102144
6.5 0.000987433
6.88 0.000951693
7.26 0.000914285
7.64 0.000875275
8.02 0.000834732
8.4 0.000792727
8.78 0.000749333
9.16 0.000704626
9.54 0.000658684
9.92 0.000611589
10.3 0.000563423
10.68 0.000514269
11.06 0.000464214
11.44 0.000413346
11.82 0.000361754
12.2 0.000309529
12.58 0.000253542
12.96 0.000208636
13.34 0.000176141
13.72 0.000154123
14.1 0.000141273
14.48 0.000136826
14.86 0.000135658
15.24 0.000134266
15.62 0.000132639
16 0.00013078
16.38 0.000128692
16.76 0.000126378
17.14 0.000123842
17.52 0.00012109
17.9 0.000118126
18.28 0.000114955
18.66 0.000111582
19.04 0.000108014
19.42 0.000104256
19.8 0.000100316
20.18 9.62007e-05
20.56 9.19164e-05
20.94 8.74711e-05
21.32 8.28726e-05
21.7 7.81288e-05
22.08 7.32482e-05
22.46 6.82393e-05
22.84 6.31108e-05
23.22 5.78718e-05
23.6 5.25313e-05
23.98 4.70989e-05
24.36 4.15839e-05
24.74 3.59961e-05
25.12 3.03452e-05
25.5 2.46412e-05
25.88 1.90688e-05
26.26 1.49508e-05
26.64 1.1722e-05
27.02 9.19054e-06
27.4 7.20576e-06
27.78 5.64962e-06
28.16 4.42953e-06
28.54 3.47294e-06
28.92 2.72293e-06
29.3 2.13489e-06
29.68 1.67384e-06
30.06 1.31236e-06
30.44 1.02894e-06
30.82 8.06734e-07
31.2 6.32513e-07
31.58 4.95916e-07
31.96 3.88819e-07
32.34 3.0485e-07
32.72 2.39015e-07
33.1 1.87398e-07
33.48 1.46927e-07
33.86 1.15197e-07
34.24 9.03193e-08
34.62 7.08141e-08
35 5.55212e-08
35.38 4.35309e-08
35.76 3.413e-08
36.14 2.67593e-08
36.52 2.09804e-08
36.9 1.64495e-08
37.28 1.28971e-08
37.66 1.01119e-08
38.04 7.92812e-09
38.42 6.21597e-09
38.8 4.87358e-09
39.18 3.82109e-09
39.56 2.99589e-09
39.94 2.3489e-09
40.32 1.84164e-09
40.7 1.44392e-09
41.08 1.13209e-09
41.46 8.87607e-10
41.84 6.9592e-10
42.22 5.4563e-10
42.6 4.27797e-10
42.98 3.3541e-10
43.36 2.62975e-10
43.74 2.06184e-10
44.12 1.61656e-10
