-31.5 3.37924e-24
-31.12 8.72814e-24
-30.74 2.25369e-23
-30.36 5.81748e-23
-29.98 1.5012e-22
-29.6 3.8726e-22
-29.22 9.98675e-22
-28.84 2.57453e-21
-28.46 6.63471e-21
-28.08 1.70919e-20
-27.7 4.4015e-20
-27.32 1.13304e-19
-26.94 2.91558e-19
-26.56 7.49946e-19
-26.18 1.92822e-18
-25.8 4.95566e-18
-25.42 1.27309e-17
-25.04 3.26903e-17
-24.66 8.39037e-17
-24.28 2.15247e-16
-23.9 5.51924e-16
-23.52 1.4145e-15
-23.14 3.62325e-15
-22.76 9.276e-15
-22.38 2.37345e-14
-22 6.06946e-14
-21.62 1.55117e-13
-21.24 3.96189e-13
-20.86 1.01127e-12
-20.48 2.57954e-12
-20.1 6.57534e-12
-19.72 1.67488e-11
-19.34 4.26312e-11
-18.96 1.08427e-10
-18.58 2.75546e-10
-18.2 6.99665e-10
-17.82 1.77504e-09
-17.44 4.49913e-09
-17.06 1.1393e-08
-16.68 2.88215e-08
-16.3 7.28356e-08
-15.92 1.83865e-07
-15.54 4.63617e-07
-15.16 1.16762e-06
-14.78 2.93694e-06
-14.4 7.3776e-06
-14.02 1.85068e-05
-13.64 4.63561e-05
-13.26 0.000115934
-12.88 0.000289467
-12.5 0.000721492
-12.12 0.00164247
-11.74 0.00304499
-11.36 0.0050702
-10.98 0.00778592
-10.6 0.0112189
-10.22 0.0153499
-9.84 0.0201128
-9.46 0.0253955
-9.08 0.0310456
-8.7 0.0368765
-8.32 0.0426779
-7.94 0.0482255
-7.56 0.053293
-7.18 0.057664
-6.8 0.061143
-6.42 0.0635664
-6.04 0.064811
-5.66 0.0648014
-5.28 0.0635144
-4.9 0.0609815
-4.52 0.0572888
-4.14 0.0525737
-3.76 0.0470202
-3.38 0.0408507
-3 0.0343174
-2.62 0.0276911
-2.24 0.0212499
-1.86 0.0152667
-1.48 0.00999781
-1.1 0.00567134
-0.72 0.00247732
-0.34 0.000559268
0.04 7.7817e-06
0.42 0.000856446
0.8 0.00308021
1.18 0.00659635
1.56 0.0112679
1.94 0.0169094
2.32 0.0232951
2.7 0.0301684
3.08 0.0372529
3.46 0.0442646
3.84 0.0509237
4.22 0.0569667
4.6 0.0621577
4.98 0.0662982
5.36 0.0692355
5.74 0.0708681
6.12 0.0711504
6.5 0.0700929
6.88 0.067761
7.26 0.0642711
7.64 0.0597835
8.02 0.0544946
8.4 0.048626
8.78 0.0424135
9.16 0.0360945
9.54 0.0298967
9.92 0.0240259
10.3 0.0186564
10.68 0.0139226
11.06 0.00991289
11.44 0.00666691
11.82 0.00417548
12.2 0.00238418
12.58 0.00114125
12.96 0.000555375
13.34 0.000298929
13.72 0.00018535
14.1 0.000138194
14.48 0.000128243
14.86 0.000130507
15.24 0.00013172
15.62 0.000131785
16 0.000130684
16.38 0.000128424
16.76 0.000125039
17.14 0.000120592
17.52 0.000115165
17.9 0.000108869
18.28 0.00010183
18.66 9.41925e-05
19.04 8.61129e-05
19.42 7.77548e-05
19.8 6.92845e-05
20.18 6.08656e-05
20.56 5.26545e-05
20.94 4.47949e-05
21.32 3.7414e-05
21.7 3.06183e-05
22.08 2.44908e-05
22.46 1.90886e-05
22.84 1.44419e-05
23.22 1.05538e-05
23.6 7.4014e-06
23.98 4.93807e-06
24.36 3.09651e-06
24.74 1.79323e-06
25.12 9.33719e-07
25.5 4.18352e-07
25.88 1.5454e-07
26.26 6.01255e-08
26.64 2.33826e-08
27.02 9.08974e-09
27.4 3.53214e-09
27.78 1.37201e-09
28.16 5.32737e-10
28.54 2.06781e-10
28.92 8.02335e-11
29.3 3.11208e-11
29.68 1.2067e-11
30.06 4.6774e-12
30.44 1.81247e-12
30.82 7.02107e-13
31.2 2.71896e-13
31.58 1.05263e-13
31.96 4.07398e-14
32.34 1.57631e-14
32.72 6.09738e-15
33.1 2.35792e-15
33.48 9.11589e-16
33.86 3.52337e-16
34.24 1.36147e-16
34.62 5.25956e-17
35 2.03136e-17
35.38 7.84373e-18
35.76 3.02801e-18
36.14 1.16868e-18
36.52 4.50957e-19
36.9 1.73973e-19
37.28 6.71023e-20
37.66 2.58763e-20
38.04 9.9765e-21
38.42 3.84563e-21
38.8 1.48208e-21
39.18 5.71075e-22
39.56 2.20005e-22
39.94 8.47407e-23
40.32 3.26342e-23
40.7 1.25654e-23
41.08 4.83731e-24
41.46 1.8619e-24
41.84 7.16535e-25
42.22 2.75706e-25
42.6 1.06068e-25
42.98 4.07995e-26
43.36 1.56912e-26
43.74 6.0338e-27
44.12 2.31985e-27
