-31.5 -3.39401e-10
-31.12 -5.12558e-10
-30.74 -7.73942e-10
-30.36 -1.16844e-09
-29.98 -1.76376e-09
-29.6 -2.66195e-09
-29.22 -4.01689e-09
-28.84 -6.06046e-09
-28.46 -9.14212e-09
-28.08 -1.37883e-08
-27.7 -2.07919e-08
-27.32 -3.1347e-08
-26.94 -4.72514e-08
-26.56 -7.12108e-08
-26.18 -1.07297e-07
-25.8 -1.61637e-07
-25.42 -2.43443e-07
-25.04 -3.6657e-07
-24.66 -5.51845e-07
-24.28 -8.30566e-07
-23.9 -1.24975e-06
-23.52 -1.88003e-06
-23.14 -2.82743e-06
-22.76 -4.25111e-06
-22.38 -6.38986e-06
-22 -9.60186e-06
-21.62 -1.44241e-05
-21.24 -2.16615e-05
-20.86 -3.252e-05
-20.48 -4.88053e-05
-20.1 -7.32208e-05
-19.72 -0.000109811
-19.34 -0.000164626
-18.96 -0.000246707
-18.58 -0.000369564
-18.2 -0.000553371
-17.82 -0.000828235
-17.44 -0.00123906
-17.06 -0.0018528
-16.68 -0.00276915
-16.3 -0.00413655
-15.92 -0.00617583
-15.54 -0.00921519
-15.16 -0.0137421
-14.78 -0.02048
-14.4 -0.0305014
-14.02 -0.0453948
-13.64 -0.0675109
-13.26 -0.100324
-12.88 -0.148963
-12.5 -0.22099
-12.12 -0.310559
-11.74 -0.39982
-11.36 -0.482438
-10.98 -0.552586
-10.6 -0.605619
-10.22 -0.638327
-9.84 -0.649081
-9.46 -0.637856
-9.08 -0.606138
-8.7 -0.556729
-8.32 -0.493472
-7.94 -0.420905
-7.56 -0.343894
-7.18 -0.267252
-6.8 -0.19539
-6.42 -0.132011
-6.04 -0.079882
-5.66 -0.0406815
-5.28 -0.0149485
-4.9 -0.00211823
-4.52 -0.000646098
-4.14 -0.00820311
-3.76 -0.0219256
-3.38 -0.0386963
-3 -0.0554328
-2.62 -0.069359
-2.24 -0.0782389
-1.86 -0.0805519
-1.48 -0.0755988
-1.1 -0.0635295
-0.72 -0.0452924
-0.34 -0.0225114
0.04 0.00269826
0.42 0.0279579
0.8 0.0508771
1.18 0.0693067
1.56 0.0815703
1.94 0.0866546
2.32 0.0843395
2.7 0.0752573
3.08 0.0608734
3.46 0.0433882
3.84 0.0255679
4.22 0.0105153
4.6 0.00139959
4.98 0.00116714
5.36 0.0122557
5.74 0.0363383
6.12 0.0741178
6.5 0.125193
6.88 0.188009
7.26 0.259902
7.64 0.337233
8.02 0.415615
8.4 0.490209
8.78 0.556073
9.16 0.608542
9.54 0.643603
9.92 0.658248
10.3 0.650764
10.68 0.620943
11.06 0.57019
11.44 0.501515
11.82 0.419408
12.2 0.329598
12.58 0.238991
12.96 0.170499
13.34 0.124866
13.72 0.0949063
14.1 0.075864
14.48 0.0647041
14.86 0.0562633
15.24 0.0465374
15.62 0.0361512
16 0.0258466
16.38 0.0163947
16.76 0.00854414
17.14 0.00296897
17.52 0.000218892
17.9 0.000676614
18.28 0.00452491
18.66 0.0117261
19.04 0.0220159
19.42 0.0349125
19.8 0.0497407
20.18 0.0656704
20.56 0.0817667
20.94 0.0970487
21.32 0.110554
21.7 0.121404
22.08 0.128864
22.46 0.1324
22.84 0.131718
23.22 0.126794
23.6 0.117883
23.98 0.105509
24.36 0.0904447
24.74 0.073661
25.12 0.0562733
25.5 0.0394704
25.88 0.0261677
26.26 0.0173698
26.64 0.0115274
27.02 0.00764862
27.4 0.00507396
27.78 0.00336533
28.16 0.00223165
28.54 0.00147961
28.92 0.000980821
29.3 0.000650067
29.68 0.000430777
30.06 0.000285415
30.44 0.000189074
30.82 0.000125233
31.2 8.29352e-05
31.58 5.49155e-05
31.96 3.6357e-05
32.34 2.40669e-05
32.72 1.59291e-05
33.1 1.05416e-05
33.48 6.97529e-06
33.86 4.6149e-06
34.24 3.05287e-06
34.62 2.0193e-06
35 1.33549e-06
35.38 8.83138e-07
35.76 5.83938e-07
36.14 3.86061e-07
36.52 2.5521e-07
36.9 1.68691e-07
37.28 1.11491e-07
37.66 7.3679e-08
38.04 4.86858e-08
38.42 3.21676e-08
38.8 2.12516e-08
39.18 1.40386e-08
39.56 9.27286e-09
39.94 6.12441e-09
40.32 4.0446e-09
40.7 2.67084e-09
41.08 1.76353e-09
41.46 1.16434e-09
41.84 7.68673e-10
42.22 5.07419e-10
42.6 3.34932e-10
42.98 2.21061e-10
43.36 1.45893e-10
43.74 9.6277e-11
44.12 6.35299e-11
