-31.5 1.60434e-08
-31.12 1.98357e-08
-30.74 2.45244e-08
-30.36 3.03214e-08
-29.98 3.74886e-08
-29.6 4.63501e-08
-29.22 5.73061e-08
-28.84 7.08519e-08
-28.46 8.75996e-08
-28.08 1.08306e-07
-27.7 1.33907e-07
-27.32 1.65559e-07
-26.94 2.04694e-07
-26.56 2.53079e-07
-26.18 3.129e-07
-25.8 3.86862e-07
-25.42 4.78307e-07
-25.04 5.91368e-07
-24.66 7.31153e-07
-24.28 9.0398e-07
-23.9 1.11766e-06
-23.52 1.38185e-06
-23.14 1.70848e-06
-22.76 2.11233e-06
-22.38 2.61163e-06
-22 3.22896e-06
-21.62 3.99221e-06
-21.24 4.93587e-06
-20.86 6.10259e-06
-20.48 7.5451e-06
-20.1 9.32858e-06
-19.72 1.15336e-05
-19.34 1.42599e-05
-18.96 1.76306e-05
-18.58 2.17981e-05
-18.2 2.69506e-05
-17.82 3.33211e-05
-17.44 4.11974e-05
-17.06 5.09355e-05
-16.68 6.29754e-05
-16.3 7.78613e-05
-15.92 9.62659e-05
-15.54 0.000119021
-15.16 0.000147155
-14.78 0.000181938
-14.4 0.000224944
-14.02 0.000278116
-13.64 0.000343856
-13.26 0.000425135
-12.88 0.000525626
-12.5 0.000649872
-12.12 0.000782379
-11.74 0.000901975
-11.36 0.00100723
-10.98 0.00109647
-10.6 0.00116827
-10.22 0.0012215
-9.84 0.0012553
-9.46 0.00126915
-9.08 0.00126281
-8.7 0.0012364
-8.32 0.00119033
-7.94 0.00112533
-7.56 0.00104243
-7.18 0.000942963
-6.8 0.000828501
-6.42 0.000700865
-6.04 0.000562086
-5.66 0.000414368
-5.28 0.000260062
-4.9 0.000101621
-4.52 -5.84354e-05
-4.14 -0.000217563
-3.76 -0.000373231
-3.38 -0.000522965
-3 -0.000664384
-2.62 -0.000795238
-2.24 -0.000913448
-1.86 -0.00101713
-1.48 -0.00110465
-1.1 -0.00117459
-0.72 -0.00122587
-0.34 -0.00125764
0.04 -0.00126943
0.42 -0.00126103
0.8 -0.00123257
1.18 -0.00118452
1.56 -0.00111764
1.94 -0.00103298
2.32 -0.000931897
2.7 -0.000815997
3.08 -0.000687123
3.46 -0.000547324
3.84 -0.000398821
4.22 -0.000243978
4.6 -8.52545e-05
4.98 7.48243e-05
5.36 0.000233713
5.74 0.000388886
6.12 0.000537875
6.5 0.000678312
6.88 0.000807964
7.26 0.000924768
7.64 0.00102687
8.02 0.00111264
8.4 0.00118072
8.78 0.00123003
9.16 0.00125978
9.54 0.00126949
9.92 0.00125903
10.3 0.00122854
10.68 0.00117852
11.06 0.00110976
11.44 0.00102335
11.82 0.000920674
12.2 0.000803357
12.58 0.00067367
12.96 0.000560602
13.34 0.000472869
13.72 0.000406506
14.1 0.000358513
14.48 0.000326722
14.86 0.000300746
15.24 0.000270088
15.62 0.000235135
16 0.000196444
16.38 0.000154629
16.76 0.000110355
17.14 6.43271e-05
17.52 1.72761e-05
17.9 -3.00497e-05
18.28 -7.68977e-05
18.66 -0.000122523
19.04 -0.0001662
19.42 -0.000207234
19.8 -0.000244974
20.18 -0.000278818
20.56 -0.000308229
20.94 -0.000332738
21.32 -0.000351957
21.7 -0.00036558
22.08 -0.00037339
22.46 -0.000375263
22.84 -0.000371169
23.22 -0.000361173
23.6 -0.000345434
23.98 -0.000324203
24.36 -0.000297817
24.74 -0.000266695
25.12 -0.000231333
25.5 -0.000192292
25.88 -0.000155416
26.26 -0.000125703
26.64 -0.000101671
27.02 -8.22328e-05
27.4 -6.65112e-05
27.78 -5.37952e-05
28.16 -4.35104e-05
28.54 -3.51919e-05
28.92 -2.84637e-05
29.3 -2.30219e-05
29.68 -1.86205e-05
30.06 -1.50605e-05
30.44 -1.21812e-05
30.82 -9.85233e-06
31.2 -7.96872e-06
31.58 -6.44522e-06
31.96 -5.21299e-06
32.34 -4.21635e-06
32.72 -3.41025e-06
33.1 -2.75826e-06
33.48 -2.23092e-06
33.86 -1.80441e-06
34.24 -1.45943e-06
34.62 -1.18041e-06
35 -9.54734e-07
35.38 -7.72203e-07
35.76 -6.2457e-07
36.14 -5.05162e-07
36.52 -4.08583e-07
36.9 -3.30468e-07
37.28 -2.67287e-07
37.66 -2.16186e-07
38.04 -1.74855e-07
38.42 -1.41425e-07
38.8 -1.14387e-07
39.18 -9.25179e-08
39.56 -7.48299e-08
39.94 -6.05235e-08
40.32 -4.89524e-08
40.7 -3.95934e-08
41.08 -3.20238e-08
41.46 -2.59013e-08
41.84 -2.09494e-08
42.22 -1.69442e-08
42.6 -1.37047e-08
42.98 -1.10846e-08
43.36 -8.96538e-09
43.74 -7.25134e-09
44.12 -5.86499e-09
