-31.5 1.15193e-19
-31.12 2.62715e-19
-30.74 5.98986e-19
-30.36 1.36526e-18
-29.98 3.11084e-18
-29.6 7.08598e-18
-29.22 1.61354e-17
-28.84 3.67292e-17
-28.46 8.35783e-17
-28.08 1.90117e-16
-27.7 4.32303e-16
-27.32 9.82635e-16
-26.94 2.23269e-15
-26.56 5.07098e-15
-26.18 1.15127e-14
-25.8 2.61264e-14
-25.42 5.92644e-14
-25.04 1.34374e-13
-24.66 3.04533e-13
-24.28 6.89839e-13
-23.9 1.56188e-12
-23.52 3.53452e-12
-23.14 7.99437e-12
-22.76 1.80719e-11
-22.38 4.08303e-11
-22 9.21957e-11
-21.62 2.08055e-10
-21.24 4.69223e-10
-20.86 1.05755e-09
-20.48 2.38196e-09
-20.1 5.36129e-09
-19.72 1.20585e-08
-19.34 2.71016e-08
-18.96 6.08641e-08
-18.58 1.36577e-07
-18.2 3.06219e-07
-17.82 6.85974e-07
-17.44 1.53528e-06
-17.06 3.43285e-06
-16.68 7.66816e-06
-16.3 1.71111e-05
-15.92 3.81408e-05
-15.54 8.49197e-05
-15.16 0.000188846
-14.78 0.000419431
-14.4 0.000930334
-14.02 0.00206069
-13.64 0.00455772
-13.26 0.0100649
-12.88 0.0221899
-12.5 0.0488367
-12.12 0.0964472
-11.74 0.159856
-11.36 0.232746
-10.98 0.305351
-10.6 0.366774
-10.22 0.407461
-9.84 0.421307
-9.46 0.406861
-9.08 0.367403
-8.7 0.309947
-8.32 0.243514
-7.94 0.177161
-7.56 0.118263
-7.18 0.0714238
-6.8 0.0381773
-6.42 0.017427
-6.04 0.00638114
-5.66 0.00165498
-5.28 0.000223456
-4.9 4.48691e-06
-4.52 4.17443e-07
-4.14 6.7291e-05
-3.76 0.000480733
-3.38 0.00149741
-3 0.00307279
-2.62 0.00481067
-2.24 0.00612133
-1.86 0.00648861
-1.48 0.00571518
-1.1 0.004036
-0.72 0.0020514
-0.34 0.000506763
0.04 7.28058e-06
0.42 0.000781643
0.8 0.00258848
1.18 0.00480341
1.56 0.00665372
1.94 0.00750902
2.32 0.00711315
2.7 0.00566366
3.08 0.00370557
3.46 0.00188254
3.84 0.000653719
4.22 0.000110571
4.6 1.95884e-06
4.98 1.36221e-06
5.36 0.000150203
5.74 0.00132047
6.12 0.00549344
6.5 0.0156733
6.88 0.0353475
7.26 0.0675491
7.64 0.113726
8.02 0.172736
8.4 0.240305
8.78 0.309218
9.16 0.370323
9.54 0.414224
9.92 0.43329
10.3 0.423493
10.68 0.38557
11.06 0.325116
11.44 0.251517
11.82 0.175903
12.2 0.108635
12.58 0.0571169
12.96 0.02907
13.34 0.0155916
13.72 0.0090072
14.1 0.00575535
14.48 0.00418662
14.86 0.00316555
15.24 0.00216573
15.62 0.00130691
16 0.000668048
16.38 0.000268785
16.76 7.30023e-05
17.14 8.81481e-06
17.52 4.79139e-08
17.9 4.57806e-07
18.28 2.04748e-05
18.66 0.000137501
19.04 0.0004847
19.42 0.00121888
19.8 0.00247413
20.18 0.0043126
20.56 0.00668579
20.94 0.00941845
21.32 0.0122222
21.7 0.0147389
22.08 0.016606
22.46 0.0175298
22.84 0.0173497
23.22 0.0160768
23.6 0.0138963
23.98 0.0111322
24.36 0.00818025
24.74 0.00542594
25.12 0.00316668
25.5 0.00155792
25.88 0.000684748
26.26 0.00030171
26.64 0.000132882
27.02 5.85013e-05
27.4 2.57451e-05
27.78 1.13254e-05
28.16 4.98027e-06
28.54 2.18924e-06
28.92 9.6201e-07
29.3 4.22587e-07
29.68 1.85569e-07
30.06 8.14617e-08
30.44 3.57489e-08
30.82 1.56832e-08
31.2 6.87824e-09
31.58 3.01571e-09
31.96 1.32183e-09
32.34 5.79217e-10
32.72 2.53738e-10
33.1 1.11125e-10
33.48 4.86547e-11
33.86 2.12973e-11
34.24 9.32001e-12
34.62 4.07756e-12
35 1.78353e-12
35.38 7.79933e-13
35.76 3.40984e-13
36.14 1.49043e-13
36.52 6.51322e-14
36.9 2.84567e-14
37.28 1.24303e-14
37.66 5.42859e-15
38.04 2.37031e-15
38.42 1.03475e-15
38.8 4.5163e-16
39.18 1.97081e-16
39.56 8.59859e-17
39.94 3.75084e-17
40.32 1.63588e-17
40.7 7.13339e-18
41.08 3.11004e-18
41.46 1.35569e-18
41.84 5.90858e-19
42.22 2.57474e-19
42.6 1.1218e-19
42.98 4.88681e-20
43.36 2.12848e-20
43.74 9.26926e-21
44.12 4.03605e-21
